00000000000000000000111111111111
00000000000000000000111111111111
00000000000000000000111111111111
00000000000000010000111111111111
01000000001000000000111111111111
00000000000000000000111111111111
00000000000000000010111111111111
00000000000000000000111111111111
01000100000000001000111111111111
00000000000000000000111111111111
00000000000000000000111111111111
10000000000000000000111111111111
00000000000000000000111111111111
00000000000000000000111111111111
00000000000100000000111111111111
00000000000000000000111111111111
00000000000000000000111111111111
00000001000000100000111111111111
00000000010000000000111111111111
00000000000000000000111111111111
00000000000000000000111111111111
00000000000000000000111111111111
00000010000000000000111111111111
00000000000000000100111111111111
00000000000000000000111111111111
10000000010000000000111111111111
00000000100000000000111111111111
11111111111111111111111111111111
11111111111111111111111111111111
11111111111111111111111111111111
11111111111111111111111111111111
11111111111111111111111111111111

190
00000000
00000000
00000000
00000000
00010000
00011000
00010000
00000000

00000000
00000000
00000000
00001100
00001110
00001110
00001011
00000001

00000000
00000000
00101000
00111000
00011000
00001100
00000000
00000000

00000000
00000000
00000000
00000000
01110000
00010000
00011000
00000000

00000000
00000000
00000000
00000000
10000000
11100000
10000000
10000000

00000000
00000000
00000000
00000000
10000000
10000000
00000000
00000000

00000000
00000000
00000000
00000000
00000000
00000000
00111010
00111110

00000000
01000000
11000000
11000000
11000000
00000000
00000000
00000000

00000000
00000100
00011110
00111100
00111100
00101000
00000000
00000000

00001000
00001100
00001100
00000000
00000000
00000000
00000000
00000000

00000011
00000111
00011111
00001111
00001000
00000000
00000000
00000000

01000000
01000000
11110000
11100000
00000000
00000000
00000000
00000000

00000000
00000000
00000000
00000000
00000000
10000000
11111000
01100000

00000000
00000000
00000000
00000000
00000000
00000000
00000011
00000000

00000000
00000000
00000000
00001000
00001100
00111000
00111000
00000000

00000000
00000000
00000000
00111100
00001100
00000000
00000000
00000000

00000000
00000000
00000000
00001000
00011000
00001110
00000110
00000010

00000000
00011000
00000000
00000000
00000000
00000000
00000000
00000000

00110110
00011100
00000100
00000100
00000000
00000000
00000000
00000000

00000000
00000000
00000000
00000000
00000000
00000000
11000000
00000000

11100000
11100000
11000000
10000000
00000000
00000000
00000000
00000000

00000000
00000000
00001000
00000000
00000000
00000000
00000000
00000000

01000000
01100000
11000000
01000000
00000000
00000000
00000000
00000000

00000000
00001010
01011110
11010000
11111000
10000000
00000000
00000000

00000000
00000000
00000000
00000100
00000110
00011110
00001100
00111100

00000000
00000000
00000000
00000000
00000000
00000000
00000000
00110000

00000000
01000000
01000000
01000000
11111100
01111000
01110000
00000000

00110000
00110000
00100000
00000000
00000000
00000000
00000000
00000000

00000000
00000000
00000000
00000000
00000000
00000100
00111110
00100110

00000000
00000000
00000100
01101100
01111111
01010100
00000000
00000000

00000000
00000000
01110000
11110000
11000000
01000000
00000000
00000000

00010000
00011000
00011110
00001011
00000000
00000000
00000000
00000000

00000000
00000000
11100000
10100000
00100000
00000000
00000000
00000000

00000000
00000000
10000000
10000000
11000000
10000000
10000000
10000000

11100000
11100000
10110000
00000000
00000000
00000000
00000000
00000000

00000000
00000000
00000100
00001100
00000111
00000101
00000100
00000000

11010000
11111000
11111000
10100000
00000000
00000000
00000000
00000000

00000000
00000000
00000000
00011000
00111110
00011010
00000000
00000000

00011000
00111110
11110000
00011000
00000000
00000000
00000000
00000000

00000000
00000000
00000000
00011111
00011111
00000111
00000000
00000000

00000000
00010000
11111000
11110000
01110000
00110000
00010000
00000000

00000000
00000011
00011111
00010010
00000000
00000000
00000000
00000000

01000100
11111100
11101000
10100000
10000000
00000000
00000000
00000000

00000000
00000000
00000000
00000000
10110000
11110000
11100000
11000000

11110000
11110000
11110000
01010000
00010000
00000000
00000000
00000000

00000000
00000000
00000000
10000000
11000000
00000000
00000000
00000000

00000000
00000000
00000000
00000000
00100000
01110000
00000000
00000000

00000000
00000000
00000000
00010000
00011000
00110000
01100000
00000000

00000000
00000000
00000000
00000000
10000000
11100000
11100000
01110000

00000000
00000000
00000000
11100000
11100000
01110000
01000000
01000000

00000000
00000000
00000000
00000000
00000000
00110001
01111001
11111111

00011111
00011111
00011011
00000000
00000000
00000000
00000000
00000000

00000000
00000000
00100000
00100000
10100000
11100000
11111000
01010000

01111110
01011111
00010010
00010010
00000000
00000000
00000000
00000000

00000000
00000000
00000000
00010000
00011100
00010000
00010000
00000000

00000000
00000000
00000000
00000000
00011000
00011100
01111100
00111000

00000000
00000110
00000110
00000010
00000000
00000000
00000000
00000000

00000000
00000000
00000000
00000100
00000110
00000110
00000000
00000000

00000000
00000000
00000000
00000000
00000000
00000010
00001110
00000111

00000000
00000000
00000000
00000000
00000000
00000000
00000000
00000010

00000000
00000000
00000000
00000000
00000000
00000000
00000010
00001111

00000000
10000000
10000000
11111100
01111000
01010000
01000000
00000000

01100000
01100000
11110000
11110000
10010000
00000000
00000000
00000000

00000000
00000000
00000000
01100000
11110000
01110000
00111110
00010000

11110000
11100000
11100000
10000000
10000000
00000000
00000000
00000000

00000000
00000000
00000000
00001000
00001000
00000000
00000000
00000000

00000000
00000000
00000000
00101000
00101000
00111100
00000100
00000000

00000000
00000000
01000000
11100000
11111000
11111000
00001000
00000000

00000000
00000000
00000000
00000000
00110000
00010000
00000000
00000000

00000110
00000010
00000000
00000000
00000000
00000000
00000000
00000000

00000000
00000000
00000000
00000000
00000000
00100000
00110000
00000000

00000000
00000000
00000000
00000000
00000001
00000001
00000000
00000000

00000000
00000000
00000000
00000000
00000000
01000000
01110000
11000000

00000000
00000000
00000000
00000000
00110000
00111110
01111000
01010000

00000000
00000000
00000001
00000011
00000111
00000011
00001111
00000011

00000000
00000000
00000000
00000010
00000111
00000110
00001110
00001000

00000000
00000000
00000000
00000000
00000000
00000000
01000000
01000000

00000000
00000000
00000000
00000001
00000011
00000111
00011111
00011011

00000000
00000000
00000000
00000000
11000000
00000000
00000000
00000000

00000000
00000000
00000000
00000001
00000001
00000000
00000000
00000000

00000000
00000000
00011100
00001000
00111000
00110000
00100000
00100000

00000000
00000000
00000000
00000001
00000001
00000011
00000010
00000000

00000000
00000000
00000000
00000000
00000000
00000000
00000000
00001000

00000000
00000000
00000000
01000000
00000000
00000000
00000000
00000000

00000000
00000000
00000000
00000000
00001000
00000000
00000000
00000000

00000000
00000000
00000110
00011100
00011000
00010000
00010000
00000000

00000000
00000000
00000000
00000010
00001011
00001111
00000000
00000000

00110010
01111110
00111110
00110000
00000000
00000000
00000000
00000000

00000000
00000000
00000000
00000000
00000000
00110000
00110000
00010000

00000000
00000000
00000000
00000000
00010000
00011000
00011000
00010000

00000000
00000000
00000001
00000101
00001111
00011110
00001000
00001000

00000000
00000000
00000000
00000000
00000000
00000010
00001111
00011110

00001000
00001100
00001111
00000000
00000000
00000000
00000000
00000000

00100100
00110100
00111100
01110000
00010000
00000000
00000000
00000000

11000000
11000000
10000000
00000000
00000000
00000000
00000000
00000000

00000000
00010000
00011000
00001000
00001000
00000000
00000000
00000000

00000000
00000000
00000000
00000000
00110110
00011110
00010110
00000000

00000000
00000000
01011000
01111000
00111000
00111000
00001000
00000000

00100000
00110000
00111000
00011100
00010000
00000000
00000000
00000000

00000000
00000000
00000000
00000000
00000010
00000111
00000000
00000000

11000000
10000000
10000000
10000000
00000000
00000000
00000000
00000000

11000000
11000000
10000000
00000000
00000000
00000000
00000000
00000000

00000000
00000000
00000000
00000000
00000100
00000100
00011100
00000000

00000000
00000000
00000000
00000000
00001100
00011100
00111111
00011100

01100000
11110000
11000000
11000000
00000000
00000000
00000000
00000000

00000000
00000000
00000000
00000000
00000000
00000000
00001100
00000111

00000100
00001110
00000000
00000000
00000000
00000000
00000000
00000000

00111100
00001110
00000110
00000110
00000000
00000000
00000000
00000000

00000000
00000000
00000000
00000000
00000000
00000000
00110000
00010000

00000000
00000010
00000010
00001110
00001111
00011110
00000010
00000000

00000000
00000000
00000000
00000000
00000000
01010000
11110000
11110000

00000000
00000000
00000000
00000000
00000000
00000000
11100000
00000000

00000000
00000000
00000000
00000000
00000000
00000000
00000000
00000010

00000000
00001111
00001111
00000110
00000110
00000100
00000100
00000000

00000000
00000000
00000000
10000000
10000000
00000000
00000000
00000000

00000000
00000000
00000000
00000000
00000100
00001110
00011111
00000110

00000011
00001111
00000010
00000000
00000000
00000000
00000000
00000000

00000000
00000000
00010000
00011000
00111111
00011110
00001000
00001000

00000000
00000000
00000000
00000011
00000110
00000010
00000000
00000000

00000000
00000000
00011000
00000000
00000000
00000000
00000000
00000000

00000000
00000110
00000000
00000000
00000000
00000000
00000000
00000000

00011100
00001000
00000000
00000000
00000000
00000000
00000000
00000000

00000000
00000000
00000000
00000000
00000000
00000000
00000010
00000010

00000000
00000000
00000000
00000000
00000000
00000000
00000000
00000001

00000000
00000000
01000000
01000000
11100000
01110000
11110000
11110000

00000000
00000000
00110000
00110000
01110000
01111000
00111100
00000000

00000000
00000000
00000000
00000010
00000110
00000010
00000000
00000000

00000000
00000000
00000000
00000000
00000000
00000000
10000000
00000000

00000000
00000000
00000000
00000000
00000000
00000000
01100100
00111111

00000000
01000000
11000000
11000000
00000000
00000000
00000000
00000000

00000000
00000000
00000000
00000000
00000000
00000000
00011000
00010000

00000100
00001110
00000110
00000010
00000010
00000000
00000000
00000000

00000000
00000000
00000000
00000000
00000000
00000000
00000010
00000110

11000000
01000000
00000000
00000000
00000000
00000000
00000000
00000000

00000000
00000000
00000111
00001111
00000011
00000001
00000000
00000000

00000000
00000000
00000000
00000000
00110000
00110000
00000000
00000000

00000000
00000000
00000101
00000111
00000111
00001101
00000000
00000000

00000000
00000000
00000000
00110000
00111000
01110000
00000000
00000000

00000110
00001111
00000000
00000000
00000000
00000000
00000000
00000000

00000010
00000010
00000000
00000000
00000000
00000000
00000000
00000000

00000000
00000000
00000000
00000000
00000000
00010000
00011000
00000000

00000000
00000000
01100000
00110000
00110000
00000000
00000000
00000000

00000000
00000000
00000000
00000000
00000000
11000000
01100000
00100000

00000000
00000000
00000000
00000000
01000000
01100000
11100000
11100000

00010000
00010000
00110000
11100000
10100000
10000000
00000000
00000000

00000000
00000010
00000111
00000001
00000000
00000000
00000000
00000000

00000000
00000000
00000000
00000011
00000001
00000001
00000001
00000001

10111000
11100000
00000000
00000000
00000000
00000000
00000000
00000000

00000000
01000000
00000000
00000000
00000000
00000000
00000000
00000000

00000000
00000000
00000000
10000000
10000000
11000000
11000000
11100000

00000000
00000000
00000000
00000111
00001110
00001100
00000100
00000100

00000000
00000000
00000000
10000000
10000000
10000000
10000000
00000000

00000010
00000010
00000111
00000100
00001110
00000000
00000000
00000000

00000000
00000000
00000000
00000000
00000000
00001000
00001000
00111110

00000000
00000000
00000000
01010000
11110000
11110000
01010000
00000000

00000000
00000000
00011110
11011000
11110000
10110000
00000000
00000000

00000000
00000000
00000000
00000000
00000000
00000000
00011000
00011100

00000000
00000000
00000000
00000000
00000010
00000010
00000000
00000000

00000000
00000000
00000000
00001000
00001110
00001110
00001111
00000110

00000000
00000000
00000111
00000111
00000000
00000000
00000000
00000000

00100000
00111000
01100000
00000000
00000000
00000000
00000000
00000000

00000000
00000000
00000000
00000011
00001010
00011110
00010111
00000101

00000000
00000000
00000000
00000000
00000000
00000000
00000000
00000010

00000000
00000000
00000000
00000010
00000011
00000111
00001111
00011111

00000000
00000001
00000101
00001111
00000001
00000000
00000000
00000000

00001000
00001110
00011111
00001001
00000000
00000000
00000000
00000000

00000000
00000000
00000000
00000000
00000010
00001110
00000111
00011111

00000000
00000000
10000000
10000000
10000000
11000000
11110000
11111000

00000000
00000000
00000000
00000000
00111000
00111100
11110000
01110000

00000000
00000000
00000000
00000000
00000000
00010000
00011100
11111000

00000000
00110000
00111000
00010000
00000000
00000000
00000000
00000000

00000000
00000000
00000000
00011000
00001100
00000000
00000000
00000000

00000000
00000000
00000000
00000000
00000111
00000111
00011111
00011111

00000000
00000000
00000000
00001000
00011000
00111000
00110000
00000000

00000000
00000000
00000110
00001100
00000000
00000000
00000000
00000000

00000000
00000000
00000011
00011111
00001111
00000011
00000010
00000000

00000000
00000000
00000000
00000010
00000010
00011011
00001111
00001111

00000000
00000000
00000000
00000011
00000011
00000010
00000000
00000000

00000000
00000000
11000000
10000000
10000000
00000000
00000000
00000000

00000000
00000000
00000000
00000000
00000000
00000010
00000110
00000000

00111111
00001111
00001101
00000000
00000000
00000000
00000000
00000000

00000000
00000000
00000010
00000011
00000000
00000000
00000000
00000000

00000000
00000000
00000000
00000000
00011100
00001100
00000000
00000000

00000000
00000000
00010000
00111000
00100000
01110000
00110000
00010000

00000000
00000000
00000000
00000011
00000010
00000000
00000000
00000000

00000000
00000000
00000000
01100000
00000000
00000000
00000000
00000000

00000000
00000000
00000000
00000000
00000000
10000000
11110000
10100000

00000000
00000000
00011000
00111100
00001000
00001000
00001000
00000000

00000010
00000010
00000000
00000000
00000000
00000000
00000000
00000000

00000000
00000000
00000000
00000000
00000000
00000000
10000000
10000000
