00000001000000000000000000000000
00000000000000000000000000000000
00000000000000000000000000000000
00010000000000000000000000000000
00000010000001000000001000000000
00000000000000000000000000000000
00000000000000000000000000000000
01000000000000000000000000000000
00000000000000000000000000000000
00000000000000000000000000101000
00000000000000000000000000000000
00000000100000000000000000000000
00000100000000000000000000000000
00000000000100000000000000000000
00100000000000000000000000000000
00000000000000000000000000000000
00000000000000000000000000000000
00001000000000000000000000000000
00010000000000000000000000000000
00000000000000000000000000000000
00000000000000000000010000000000
00000000000000000000000000000000
00000000000000000000000000000000
00000000000000000000000000000000
00000000000000000000000000000000
11111111111111111111111111111111
11111111111111111111111111111111
11111111111111111111111111111111
11111111111111111111111111111111
11111111111111111111111111111111
11111111111111111111111111111111
11111111111111111111111111111111

23
00000000
11100000
11100000
11111000
11000000
00000000
00000000
00000000

00000000
00000000
00000000
00000000
00000000
00000000
00100000
00000000

01000011
01111111
01000000
01000000
00000000
00000000
00000000
00000000

00000000
00000000
00000000
00010000
00011100
00001000
00000000
00000000

00000010
00000111
00000111
00000111
00000000
00000000
00000000
00000000

00000000
00000000
01000000
01110000
00000000
00000000
00000000
00000000

00000000
00000000
00000000
00000000
10000000
11100000
11000000
11000000

00000000
00000000
00000000
00000000
00000000
00000000
00000000
11000000

00000000
00001110
00111111
00001001
00000000
00000000
00000000
00000000

00000000
00001000
00111000
01100000
00100000
00000000
00000000
00000000

00000000
00000000
00000000
00000000
00000000
00000010
00000000
00000000

01111111
00000111
00000111
00000100
00000000
00000000
00000000
00000000

00000000
00000000
00000000
00000000
00011100
00011100
00011100
00001111

00000000
00000000
00000000
00000000
00100000
00110000
00100000
00000000

00000000
00000000
00000000
00000000
00000000
00000010
00000000
00000000

00000000
00000000
00000000
00000000
00000000
00001000
00000000
00000000

00001000
00001000
00011000
00111111
00011000
00000000
00000000
00000000

00100000
00101000
01111100
01111000
01100000
00100000
00000000
00000000

00000000
00000000
00000000
00000000
00000000
00000010
00000000
00000000

00111110
00001110
00000100
00000000
00000000
00000000
00000000
00000000

00000000
10000000
11000000
11100000
10110000
00000000
00000000
00000000

00000000
10000000
11000000
11110000
11100000
00000000
00000000
00000000

00000000
00000000
11000000
11000000
11000000
11110000
01110000
11000000
