00000000000000000000000001111111
00000000000000000000000001111111
00000000000000000000000001111111
01000000000000000000000001111111
00000000000000000000000001111111
00000001000000000000000001111111
00000000000000000000000001111111
00000000000000000000000001111111
00000001000000000000000001111111
00000000000000000000000001111111
00000000000000000000000001111111
00000000000000000000000001111111
00001000000000000000000001111111
00000000000000010000100001111111
00000000000000000000000001111111
00000000000000000000000001111111
00000000100000000000000001111111
00000000010000100000000001111111
00000000000000000000000001111111
00000000000000000001000001111111
00000000000000000000000001111111
11111111111111111111111111111111
11111111111111111111111111111111
11111111111111111111111111111111
11111111111111111111111111111111
11111111111111111111111111111111
11111111111111111111111111111111
11111111111111111111111111111111
11111111111111111111111111111111
11111111111111111111111111111111
11111111111111111111111111111111
11111111111111111111111111111111

5
00000000
00000000
00000000
00000000
00000000
00011000
00001000
00001100

00000000
00000000
00000000
01000000
01010000
11111000
10100000
00110000

00000000
00000000
01100000
01101100
01111100
01101000
00000000
00000000

00000000
00011100
00001000
00000000
00000000
00000000
00000000
00000000

00000000
00000011
00000111
00001111
00001011
00000011
00000001
00000000
