01000000000000000000000011111111
01000000000000000000000011111111
00000000000000000000000011111111
00000000000000000000000011111111
00000000000000000000000011111111
00000000000000000000000011111111
00000000000000000000000011111111
00000000010000000000000011111111
00000000000000000000000011111111
00000000000000000000000011111111
00000000000000000000000011111111
00000000000000000000000011111111
00000000000000000000000011111111
00000000000000000000000011111111
00000100000000000000000011111111
00000000000000000000000011111111
00000000000000000000000011111111
00000000000000000000000011111111
00000000000000000000000011111111
00000000000001000000000011111111
00000000000000000000000011111111
00000000000000000000000011111111
00000000000000000000000011111111
00000000000000000000000011111111
00000000000000000000000011111111
00000000100001000000000011111111
00000000000000000000000011111111
00000010000000000000000011111111
00000000000000000000000011111111
11111111111111111111111111111111
11111111111111111111111111111111
11111111111111111111111111111111

28
00000000
00000000
00000000
00100000
01110000
00110000
00000000
00000000

00000000
00000000
00000000
00000000
11000000
10000000
00000000
00000000

00000000
00000000
00000000
00000000
10100000
11110000
11110000
11110000

00000000
00000000
00000000
00000000
00000000
00111000
00001000
00000000

11111100
01111000
00111000
00000000
00000000
00000000
00000000
00000000

00000000
00000000
10000000
11000000
01000000
01000000
00000000
00000000

00000000
00000000
00000000
01000000
01100000
11110000
10110000
10110000

00000000
11000000
11110000
11111000
00001000
00001000
00000000
00000000

00000000
00000001
00000011
00010010
00111111
00010111
00000001
00000000

00000000
00000000
00000000
00000011
00000001
00000001
00000011
00000111

00000000
00000000
00000000
00000000
00000000
00100000
01101000
11111000

00000000
00000000
00000000
00000000
00000000
01110000
11100000
00000000

00000000
00000000
00000000
00000011
00000000
00000000
00000000
00000000

11000000
11110000
11100000
01000000
01000000
01000000
01000000
00000000

00000000
00000000
00000000
00000001
00000001
00000011
00000010
00000000

00000100
00000110
00000100
00000000
00000000
00000000
00000000
00000000

11100000
11100000
10100000
00000000
00000000
00000000
00000000
00000000

00000100
00000101
00000111
00000001
00000001
00000001
00000000
00000000

00000000
00000000
00000000
10000000
10010000
10011000
11010000
11110000

00011000
01111000
00010000
00000000
00000000
00000000
00000000
00000000

00000000
00000000
00000000
00000000
00001000
00011000
00001100
00000100

00000000
00000000
00000000
00000000
00000000
00011000
00010000
00010000

00000000
00000000
00000000
00000001
00000111
00000111
00000011
00000001

11111000
11100000
01110000
00010000
00000000
00000000
00000000
00000000

00000000
00000110
00000000
00000000
00000000
00000000
00000000
00000000

00010000
00010000
11111000
01111000
00110000
00000000
00000000
00000000

01000000
01110000
00100000
00100000
00000000
00000000
00000000
00000000

00000000
00000000
00000000
00000001
00000001
00000001
00000111
00111110
