10010000000000000000001111111111
00000001000000000000001111111111
01000000000000000000001111111111
00000000010000000000001111111111
00000000010000000000001111111111
01000000000000000000001111111111
00000000000000000000001111111111
00000000000000000001001111111111
00000000000110000010001111111111
01001000000000000000001111111111
00000000000000010000011111111111
00100000000001100000001111111111
00000100011000100000101111111111
00000001010000000000001111111111
01000000100000000000001111111111
00000000000000000000001111111111
00001010000000000000001111111111
00000000000000100000001111111111
00000000000000000010001111111111
10000011000000000000001111111111
00000000010000000000111111111111
00000010000000010000001111111111
11111111111111111111111111111111
11111111111111111111111111111111
11111111111111111111111111111111
11111111111111111111111111111111
11111111111111111111111111111111
11111111111111111111111111111111
11111111111111111111111111111111
11111111111111111111111111111111
11111111111111111111111111111111
11111111111111111111111111111111

208
00000000
00000000
00000000
00000000
10000000
11110000
01000000
00000000

00000000
00000000
00000000
00000000
00000000
10000000
11010000
11111000

00000000
00000110
00001110
00001110
00000010
00000000
00000000
00000000

00000000
00000000
00000000
00000000
00110000
01110000
01110000
01111110

00000000
00000000
00000000
00000000
00100000
00100011
01111110
00101000

00000000
00100000
01110000
01111000
01110000
00000000
00000000
00000000

00000000
00000000
00011000
00011000
00000000
00000000
00000000
00000000

00000000
00000010
00000010
00000010
00000011
00000111
00000000
00000000

00000000
00000001
00000101
00000111
00000110
00001100
00000000
00000000

00000100
00110100
01111101
00011111
00000100
00000000
00000000
00000000

00000000
11110000
10100000
10000000
00000000
00000000
00000000
00000000

00000000
00000000
00000110
00000100
00000000
00000000
00000000
00000000

00000000
00000000
00000000
00001010
00001111
00011100
00000111
00000000

00000000
00000000
00000000
00000000
00000000
00000000
00000110
00001111

00000000
00000000
00000000
00011001
00011111
00000100
00000000
00000000

00000000
11110000
01000000
01000000
00000000
00000000
00000000
00000000

11000000
01000000
01100000
01000000
00000000
00000000
00000000
00000000

00000001
00000001
00000011
00000000
00000000
00000000
00000000
00000000

00000000
00000000
00000000
00000000
00000100
00000110
00001111
00000110

01100000
00100000
11110000
00110000
11100000
00100000
00000000
00000000

00000000
00000000
00000000
00010100
11111100
00110000
00111000
00000000

00000000
00000000
00000000
00000000
00000000
00000000
00000000
10000000

00000000
00000000
00000110
00000010
00001111
00001110
00001111
00000011

00000000
00000000
00100000
01111110
00001111
00000101
00000000
00000000

00000000
00000000
00000000
00000000
00100000
00111000
00001110
00000000

00000000
00001100
00000111
00000111
00000010
00000011
00000000
00000000

00000000
00000000
01000000
01000000
00000000
00000000
00000000
00000000

00010000
00010000
00000000
00000000
00000000
00000000
00000000
00000000

00000000
00000000
00000000
00000000
00000000
00000000
10000000
00000000

00001110
00011110
00001110
00000110
00000000
00000000
00000000
00000000

00000000
00000000
00000001
00000001
00000011
00000111
00000000
00000000

00010011
00011111
00000111
00000010
00000000
00000000
00000000
00000000

00000111
00000110
00000010
00000000
00000000
00000000
00000000
00000000

00000000
00000000
00000100
00000000
00000000
00000000
00000000
00000000

00000000
00000000
00000000
00001100
00000000
00000000
00000000
00000000

00000000
00000000
00000000
00000000
00001111
00001111
00000100
00000100

11000000
11100000
11100000
11000000
11000000
00000000
00000000
00000000

00000010
00000010
00000010
01111110
00000010
00000000
00000000
00000000

01111000
01111100
00111000
00000000
00000000
00000000
00000000
00000000

00000000
00000000
00000000
01000000
01100000
11111000
11110000
11010000

00000000
00000000
00000000
00000000
00000000
00000000
00000001
00000001

00000000
00000000
00000000
00000000
00000000
00000000
00011110
00001111

00000000
00000000
00000000
01100000
01100000
11111000
00000000
00000000

00000000
10000000
11100000
11000000
01000000
01000000
00000000
00000000

00010000
00011000
00111100
00011110
00001000
00001000
00000000
00000000

00000000
00000000
00000000
00000000
00000111
00000100
00011110
00011011

00011110
00000100
00000000
00000000
00000000
00000000
00000000
00000000

00000000
00000000
00000000
00000010
00001011
00001111
00001111
00001111

00000000
00000000
00000000
00000000
00010000
11010000
01111100
01000000

00000000
00000000
00000000
11000000
11110000
11010000
00000000
00000000

00011110
00111100
00010000
00010000
00000000
00000000
00000000
00000000

11111000
01011100
01001100
00000000
00000000
00000000
00000000
00000000

00000111
00010011
00011111
00110111
00000000
00000000
00000000
00000000

00000000
00000000
01110000
11000000
01100000
00100000
00000000
00000000

00000000
00000000
00000000
00000100
00000100
00011110
00011100
01111100

00000000
00000000
00000000
00000000
00000000
00001000
01111100
01011000

00000000
00000000
00000000
10000000
11010000
11110000
11111000
11000000

00000000
00000000
00000000
00000111
00000111
00000111
00000111
00000111

00001011
00001110
01111111
00010010
00010000
00000000
00000000
00000000

00000000
00000000
00000000
11000000
11100000
00100000
00000000
00000000

00010000
00110000
01110000
00010000
00000000
00000000
00000000
00000000

00000000
00000000
00010000
00011000
00001100
00000000
00000000
00000000

00000000
00000000
00000000
00000000
00000001
00000111
00011111
00001111

00111000
00000000
00000000
00000000
00000000
00000000
00000000
00000000

11000000
11100000
11100000
11000000
10000000
00000000
00000000
00000000

00000000
00000000
00000000
00000000
00000101
00001111
00011111
00001111

00000000
00000000
00000000
00000000
00000000
00000010
00001110
00001111

00000000
00000000
00000000
00001000
00001000
00011100
00000110
00000110

00000000
00001110
00001111
00001100
00011110
00001100
00000000
00000000

00000000
00100000
10110100
11111100
01110100
00100000
00000000
00000000

00000000
00000000
00100000
00000000
00000000
00000000
00000000
00000000

00000010
00000110
00000110
00000010
00000000
00000000
00000000
00000000

00000000
00001000
00001000
00000000
00000000
00000000
00000000
00000000

00000000
00000000
00000000
10000000
10000000
10000000
00000000
00000000

00000000
00000000
00000000
00000000
00000001
00000001
00000000
00000000

11111000
11110000
11110000
01000000
01000000
01000000
00000000
00000000

00000000
00000010
00000011
00000011
00000011
00000001
00000000
00000000

00001111
00011100
00011110
00000010
00000010
00000011
00000000
00000000

00000000
00001111
00000111
00000110
00000000
00000000
00000000
00000000

01100000
11101000
01111100
01110100
00000000
00000000
00000000
00000000

00000000
11000000
11000000
00000000
00000000
00000000
00000000
00000000

00000000
00000000
00000000
00110000
00100000
00000000
00000000
00000000

00000011
00000111
00000100
00000000
00000000
00000000
00000000
00000000

00000000
00000000
00000000
00000111
00000010
00000000
00000000
00000000

00000000
00000000
00000000
00000000
00000000
00001100
00000000
00000000

00000000
00000000
00000000
00000000
00000000
00000000
00001110
00001100

00000000
00000000
00000000
00000000
00000000
00001011
00011111
00000011

00000100
00000000
00000000
00000000
00000000
00000000
00000000
00000000

00000000
00000110
00000000
00000000
00000000
00000000
00000000
00000000

00000000
00000000
00000000
00000000
00000001
00000001
00000111
00000111

00000111
00000101
00000101
00000100
00000000
00000000
00000000
00000000

00000111
00000111
00001111
00111010
00000000
00000000
00000000
00000000

00000010
00000010
00000111
00000010
00000010
00000000
00000000
00000000

00000000
00000000
00000100
00001100
00000100
00000100
00000000
00000000

00000000
10000000
10000000
00000000
00000000
00000000
00000000
00000000

00000000
00000000
00000000
00000000
00111000
00011000
00011100
00011110

00000000
00000000
00000000
00000000
00000000
00011000
00000000
00000000

00000000
00000110
00000110
00001100
00000000
00000000
00000000
00000000

00000000
00000000
10000000
00000000
00000000
00000000
00000000
00000000

00000000
00000000
00110000
00010000
00000000
00000000
00000000
00000000

00000000
00000000
00000000
00000000
00000000
00000000
00110000
00011100

00000000
00000000
00000000
00111000
00010000
00000000
00000000
00000000

11111000
11111000
11100000
10100000
10000000
00000000
00000000
00000000

00011100
01111110
01111000
00100000
00000000
00000000
00000000
00000000

00000000
00000000
00000000
00000000
00000000
01000000
01100000
00000000

00000000
00000000
11100000
11100000
11100000
01000000
00000000
00000000

00000000
00000000
10000000
10110000
11110000
11110000
10010000
10000000

11100000
01110000
00000000
00000000
00000000
00000000
00000000
00000000

00000011
00000111
00000110
00001110
00001111
00000101
00000000
00000000

00000000
00000000
00000000
00000000
00000000
00110000
01111000
01101000

00000011
00000011
00000001
00000000
00000000
00000000
00000000
00000000

00000010
00000111
00111111
00110100
00000000
00000000
00000000
00000000

00011100
01111100
01110100
00000100
00000000
00000000
00000000
00000000

00000000
00000111
00000111
00000000
00000000
00000000
00000000
00000000

00000000
00000000
01100000
01000000
01000000
00000000
00000000
00000000

00101100
10111000
11110000
01100000
01100000
00100000
00000000
00000000

00000000
00000000
00000000
00000000
00000000
00000000
00000000
00011000

00000000
00000000
00000000
00000000
00100000
01100000
11000000
00000000

00000000
00000000
00000000
00000000
00000111
00000000
00000000
00000000

00000000
00000000
00000000
00000000
00010100
00111100
00111100
00001000

00000000
00000000
00001000
00001000
00011100
00111000
00111000
00111000

00000000
00000000
00010000
00010111
00011110
00111000
00011000
00000000

00000000
00000000
00000000
00000000
00000000
01110000
00110000
00000000

00000000
00000000
00000000
00110000
01110000
01111100
00011110
00001100

00000000
01000000
11110000
01110000
00100000
00000000
00000000
00000000

11111100
11110000
01100000
01100000
00000000
00000000
00000000
00000000

00000000
00001000
00001110
00001100
00011000
00001000
00000000
00000000

00000000
00000100
00000100
00000000
00000000
00000000
00000000
00000000

00000000
00100000
01110000
01100000
11100000
01000000
00000000
00000000

11001010
11111110
01110010
01000000
00000000
00000000
00000000
00000000

00000000
00000000
00000000
00000000
00010000
00000000
00000000
00000000

00000000
00000000
00000000
11000000
11100000
11000000
01000000
00000000

00000011
00000111
00000111
00000001
00000000
00000000
00000000
00000000

01000000
01000000
00000000
00000000
00000000
00000000
00000000
00000000

00000000
00000000
00000000
11100000
11000000
00000000
00000000
00000000

00000000
00000000
00010000
00000000
00000000
00000000
00000000
00000000

11110000
11100000
10000000
10000000
10000000
00000000
00000000
00000000

00000000
00000000
00000000
00000000
00000000
00000000
00000010
00001111

00000000
01000000
11000000
00000000
00000000
00000000
00000000
00000000

11011100
11110000
10111000
00000000
00000000
00000000
00000000
00000000

00000000
00100000
00111000
00011000
01111110
00001011
00000000
00000000

00000000
00000000
00000000
00000000
01100000
11110000
11110000
01111000

00000111
00000111
00001111
00001001
00000000
00000000
00000000
00000000

00000000
00000000
00000000
00000010
00000011
00000010
00000000
00000000

00000000
00000000
00000000
00000000
00000000
00001101
00011101
00011111

00000000
00000000
00000000
00000110
00001110
00000000
00000000
00000000

00000000
00000000
00000000
00000000
00000000
00000000
01100000
01100000

00000000
00000000
00000000
00000000
00000000
00000001
00000011
00000011

11111100
11110100
10100000
10100000
00000000
00000000
00000000
00000000

00001111
00001000
00000000
00000000
00000000
00000000
00000000
00000000

00101000
00111000
00101000
00000000
00000000
00000000
00000000
00000000

00000000
00000000
00001100
00011110
00010010
00000010
00000000
00000000

10000000
10000000
11000000
11000000
11000000
01000000
00000000
00000000

00000000
00100000
00100000
11100000
11110000
01000000
00000000
00000000

00000000
00000000
01100000
01100000
01100000
11100000
01110000
00000000

00000000
00100000
00100000
00000000
00000000
00000000
00000000
00000000

00000000
00000000
00000000
00000000
00000000
00000000
00011111
00000011

00000000
00000000
00001110
00000100
00000000
00000000
00000000
00000000

00000000
00000000
00000000
00100000
01110000
11110000
11100000
11000000

00000001
00000011
00000110
00001111
00000001
00000000
00000000
00000000

10000000
11110000
11110000
11100000
10000000
00000000
00000000
00000000

00000000
00000000
00000000
00010000
00111011
00111111
01100000
00000000

00000111
00000111
00000111
00000000
00000000
00000000
00000000
00000000

11100000
01110000
11111000
00101000
00001100
00000100
00000000
00000000

00000000
00000000
00000000
00000000
10000000
11100000
11000000
00000000

01111100
11111100
01101000
01000000
00000000
00000000
00000000
00000000

10000000
10000000
10000000
10000000
10000000
11000000
10000000
00000000

00000000
00000000
00000000
00000000
11000000
10000000
10000000
00000000

01000000
01000000
01100000
11100000
01110000
01110000
01100000
00000000

00000000
00000000
00000000
00100000
00100000
00000000
00000000
00000000

00000000
00000000
00000000
00000010
00011111
00001111
00000111
00000011

00000000
00000000
00000000
00000000
00000010
00000011
00000001
00000001

00000000
00001111
00000111
00000111
00000011
00000000
00000000
00000000

00000000
00000000
00000000
01011000
01110000
01110000
00000000
00000000

00000000
00000000
00000000
00100000
01100000
01000000
01000000
00000000

00000001
00000011
00000110
00000110
00000110
00000000
00000000
00000000

00001000
00001100
00001000
00000000
00000000
00000000
00000000
00000000

00000000
00000000
00000000
00000000
00000000
00000000
00110000
11100000

00000001
00111111
00110111
00000110
00000100
00000000
00000000
00000000

00000000
00000000
00000000
00000000
00000000
10000000
11100000
10000000

00000000
00000000
00001000
00001110
00001000
00001100
00011000
00000000

00000000
00000000
00000000
00000000
00000000
00000000
00111000
11111000

00000000
00000000
00000000
00001110
00000011
00000000
00000000
00000000

00000000
00000000
00000000
00000000
00000000
00000100
00011110
00001111

00000000
00000000
00000000
01000000
01110000
01100000
01100000
01000000

00000000
00000000
00000000
00000000
11110000
11111100
11011000
01001000

00000000
00000000
00000000
00111000
00111110
00011100
00001100
00001000

00000111
00000101
00000100
00000100
00000000
00000000
00000000
00000000

01000000
01110000
11100000
11100000
00100000
00100000
00000000
00000000

00000000
00000000
00000000
00000000
00000011
00001001
00001111
00000001

00000000
00000000
00000000
00000000
00000000
10000000
11100000
10000000

00000000
00110000
00010000
01111000
01111000
00010000
00000000
00000000

00001000
00011110
00011010
00010000
00000000
00000000
00000000
00000000

00100000
00110000
11110000
11100000
10000000
00000000
00000000
00000000

00000000
00000110
00001110
00011110
00001110
00000000
00000000
00000000

00000000
00000000
00000000
00000000
00000001
00001111
00111110
00011110

00000000
00000000
00000000
00000000
00000000
00110100
10111100
11111110

00000000
00000000
00000000
00110000
00011100
00000000
00000000
00000000

00001000
00111000
00010000
00000000
00000000
00000000
00000000
00000000

00000001
00000011
00000001
00000001
00000000
00000000
00000000
00000000

00000000
00000000
00000000
00000000
01111110
00011111
00000010
00000010

00000001
00000001
00000011
00000011
00000000
00000000
00000000
00000000

00000000
00000000
00000000
00010000
01111100
01010000
00000000
00000000

00000000
00000000
00000000
00000000
10000000
10000000
11000000
00000000

00000000
00000000
00000000
00000000
00000000
00000001
00000011
00000000

00000000
00000000
00000000
00000000
00000000
11110000
00000000
00000000

00000000
00000000
00000000
00000000
00000000
01100000
11000000
11000000

00000000
00010000
00011000
00010000
00000000
00000000
00000000
00000000
