10010000000000000000001000010000
00000010100000010000000000010000
01100001000001000000000010000000
00000000000000000000010000000000
01000000000000000000000000100000
00000010000000000000000000000000
00000000000000001000000000000000
00000000000000100000100000000001
00001000001100000000100000000000
00000001000000000000000000000100
00000000000001000000000000000001
00000000000000000000000000000000
00000000000000000000000000000000
00000100000000000100000000000000
00000000100000000000000100000000
00000000000000000000000000000000
00000000000100000000000000000000
00000010000000000000000000000000
00000000000000000000000000000000
00010000000000000000000100000110
00000000000001100000000000000000
00000000000000000000000000000010
00000000000000000000000000000000
00000000000000000000000000100000
00000000000000000000000000000001
00000000000000000000000000000000
00000000000000000000000010000000
00000000000000000000000010000000
00000001000000001000000000000000
11111111111111111111111111111111
11111111111111111111111111111111
11111111111111111111111111111111

235
00101111
00111110
00010000
00000000
00000000
00000000
00000000
00000000

00000000
01000000
01000000
01000000
00000000
00000000
00000000
00000000

00000000
00000000
00000000
00000000
00000000
00000100
00000100
00000000

11110000
11110000
01000000
01100000
00000000
00000000
00000000
00000000

00011111
00000011
00000001
00000000
00000000
00000000
00000000
00000000

00000000
00000000
00000000
00101000
01101000
01111100
00111000
00000000

00000000
00000000
00000000
00000000
00000000
00010000
00011100
00111000

00000000
00000000
00011000
00000000
00000000
00000000
00000000
00000000

11100000
10100000
00110000
00000000
00000000
00000000
00000000
00000000

00000000
00000000
00000000
00000100
00000100
01100100
01111111
00011110

00000111
00000000
00000000
00000000
00000000
00000000
00000000
00000000

00000000
00000000
00000000
00000000
00010000
00110000
00100000
00100000

00011101
00001111
00001110
00001110
00000000
00000000
00000000
00000000

00000000
00000000
00000100
00011100
00001100
00001100
00001000
00000000

00000000
10100000
10100000
11100000
11110000
10000000
11000000
10000000

00000011
00001110
00001111
00001110
00000011
00000000
00000000
00000000

00000000
00000000
00001000
00001100
00001110
00001111
00011110
00000110

11000000
11100000
11110000
01000000
00000000
00000000
00000000
00000000

00010000
01111000
01001000
01100000
01000000
00000000
00000000
00000000

00000000
01000000
01000000
01100000
11000000
00000000
00000000
00000000

00000000
00000010
00000010
00000010
00000010
00000110
00000010
00000000

00000000
10000000
11000000
11000000
00000000
00000000
00000000
00000000

11100000
11111000
11110000
10100000
00000000
00000000
00000000
00000000

00001111
00000011
00000001
00000000
00000000
00000000
00000000
00000000

00000110
00000100
00000000
00000000
00000000
00000000
00000000
00000000

01100000
11111000
11101000
11100000
00000000
00000000
00000000
00000000

00000000
00000000
00000000
10000000
11100000
00000000
00000000
00000000

00000000
00000000
00000000
00000000
10000000
00000000
00000000
00000000

00000000
00011100
01111000
00000000
00000000
00000000
00000000
00000000

00001000
00001100
00001100
00000000
00000000
00000000
00000000
00000000

00000000
00000000
00000000
00000000
00100000
01110000
11111000
01111100

00000000
00000000
00000000
00000000
00010000
01111000
11100000
11000000

00000000
00000000
00000000
00000000
01100000
11111100
11110000
11110000

00011000
00111000
00111000
00011000
00000000
00000000
00000000
00000000

00000000
00000000
00000000
00000101
00001111
00001111
00000111
00000111

00000000
00000000
11000000
00000000
00000000
00000000
00000000
00000000

00000000
00000000
00000000
00000010
00000011
00000010
00000000
00000000

00000000
00000000
00000000
00000000
00001100
00001110
00001100
00001000

00000000
00000000
00000000
00000000
00110000
00011011
00011111
01110100

00000000
00000000
00000000
00000000
01000000
11001000
11111100
01010110

00000000
00000000
00000000
10000000
11000000
11110000
01000000
00000000

00001000
00111000
01100000
01110000
00000000
00000000
00000000
00000000

00000001
00000111
00010111
00011101
00001100
00000000
00000000
00000000

00000000
00000000
00000000
00000000
00000000
00000000
00011110
01111100

00000000
00000100
00000100
00000111
00000010
00001111
00000100
00000000

00000110
00000011
00000011
00000011
00000011
00000000
00000000
00000000

00000000
00000000
00000000
00000000
00000000
00010000
00011000
00001100

00000000
00000000
00000011
00000011
00000011
00000001
00000000
00000000

00000000
00000000
00100000
00111000
01111100
11000000
00000000
00000000

00110000
00011000
01111000
00010000
00000000
00000000
00000000
00000000

00000000
00000000
01000000
01000000
11000000
11000000
00000000
00000000

00000000
00000000
00000000
00000000
00000001
00000011
00000110
00000000

00000010
00000011
00000000
00000000
00000000
00000000
00000000
00000000

00000000
00000000
00000000
00011000
00001100
00001000
00000000
00000000

00000000
00000000
00000100
00010100
00011111
00001101
00000100
00000000

00000000
00000000
00000000
00000000
10000000
11110000
11111000
11111100

00001110
00001100
00001100
00000000
00000000
00000000
00000000
00000000

00000000
00001000
00001000
01111000
00001110
00000100
00000000
00000000

11100000
11110000
11000000
11000000
11000000
00000000
00000000
00000000

00000000
00000000
00000000
00000000
10000000
11000000
01110000
11110000

00100000
11100000
11100000
10111000
10100000
10000000
00000000
00000000

00000000
00010000
00011100
00010000
00000000
00000000
00000000
00000000

00000000
00000000
00000000
00000000
00000000
01100000
01110000
01100000

00000000
00000000
00001100
00001110
00001110
00000110
00000000
00000000

01000000
11010000
11111100
11011000
10001000
00000000
00000000
00000000

00000000
00000000
00000000
10000000
11000000
11000000
01000000
00000000

00000000
00000000
00000000
00000000
00000000
00000001
00011011
00011111

00011110
00011110
00001110
00000100
00000000
00000000
00000000
00000000

00000000
00000000
00000000
00000000
00000000
00000000
00001000
00001000

00000000
00000000
00010000
00010000
00111110
00011110
00001100
00000000

00000000
00000000
00000000
00000000
00000000
00010000
00000000
00000000

11000000
11100000
10000000
11000000
00000000
00000000
00000000
00000000

00000000
00000000
00000000
11000000
11110000
01100000
11100000
11100000

00000000
00000000
00000000
00000000
00000000
00001100
00001111
00000100

00000010
00000011
00000010
00000010
00000000
00000000
00000000
00000000

11111000
10110000
10100000
00100000
00100000
00000000
00000000
00000000

00000000
00000000
00000000
00000000
00000000
00000000
00000000
00001111

01110000
01111000
00011000
00000000
00000000
00000000
00000000
00000000

00000000
00000000
00010000
01111100
00001000
00000000
00000000
00000000

00000000
00000000
00000000
00000000
00001000
01111101
00011111
00011101

00000000
00000000
00000010
00000010
00000000
00000000
00000000
00000000

00000000
00000000
00000000
00000000
00000100
11000100
11100100
01111100

00000000
00000000
00000000
00000000
00000000
00001000
01111000
01110000

00000000
00000000
00000000
00000000
00000000
00010000
11110000
11110000

00000000
00000000
00000000
00000000
00000001
00000011
00000001
00000001

11111110
01111010
01111000
00000000
00000000
00000000
00000000
00000000

00000000
00000000
00000000
00011010
00001110
00000110
00000000
00000000

00000001
00001111
00001110
00000100
00000000
00000000
00000000
00000000

00000000
00000000
00001000
00001110
00111100
00011000
00000000
00000000

00000000
00000000
00000000
10000000
10010000
11110000
11110000
10000000

00000000
00000000
00000000
11110000
11110000
10000000
00000000
00000000

00011110
01111111
01100100
01000000
00000000
00000000
00000000
00000000

00000000
00000000
01011000
11111000
01100000
00100000
00000000
00000000

00000000
00000000
00000000
11000000
01100000
00000000
00000000
00000000

00000000
00000000
00000000
01000000
11000000
11100000
11111000
11110000

00000110
00001111
00001111
00000111
00000000
00000000
00000000
00000000

00011111
00001011
00000011
00000001
00000001
00000000
00000000
00000000

00011110
00000011
00000000
00000000
00000000
00000000
00000000
00000000

00000000
00000000
00000000
00000000
00000000
00000000
00000000
00000111

10000000
10000000
10000000
00000000
00000000
00000000
00000000
00000000

00000000
00001000
00001000
00000000
00000000
00000000
00000000
00000000

11100000
11000000
10000000
00000000
00000000
00000000
00000000
00000000

00000000
00000000
00000000
01000000
01000000
11100000
01100000
01100000

00000000
00000000
00000000
00000000
00000000
00101100
00101100
00111110

10111000
11100000
11100000
11000000
10000000
10000000
00000000
00000000

00000000
00010000
00000000
00000000
00000000
00000000
00000000
00000000

01111110
00100100
00000100
00000000
00000000
00000000
00000000
00000000

00000000
00000000
00000010
00000110
00000010
00000000
00000000
00000000

00011000
00010000
00000000
00000000
00000000
00000000
00000000
00000000

00001111
00000011
00000111
00011110
00001000
00000000
00000000
00000000

00000000
00000000
01000000
01000000
11000000
11000000
10000000
00000000

00000000
00000000
00000000
01100000
01100000
11001000
11111100
01010000

00000000
00000000
00000001
00000011
00001111
00000011
00000001
00000001

00111000
00110000
00000000
00000000
00000000
00000000
00000000
00000000

00000000
00000000
00000000
00000000
11000000
11100000
11100000
11111000

00000000
00000000
00000000
00000000
00000011
00000111
00011111
00001111

00000000
01100000
11100000
11000000
00000000
00000000
00000000
00000000

00000000
00000000
00000000
01000000
01000000
01000000
11000000
00000000

00000000
00011000
11111000
00110000
00100000
00000000
00000000
00000000

00000000
00000000
01000000
11000000
11100000
10000000
10000000
00000000

11100000
11100000
01000000
00000000
00000000
00000000
00000000
00000000

00000000
00000000
00000000
00000000
00000111
00000110
00000100
00000000

00011111
00001111
00000111
00000011
00000000
00000000
00000000
00000000

00000000
00000000
00000000
00000000
00111000
00111000
00110000
00000000

00000000
00000000
00000000
00000000
00000000
00000000
00000100
00001100

00000110
00000111
00000111
00000110
00000011
00000000
00000000
00000000

00000000
00011000
01111110
01111100
01001000
01000000
00000000
00000000

00000000
00000000
00001110
00001111
00111101
00100100
00000100
00000000

00000000
00000000
00000000
00000000
10111000
11111000
01100000
01110000

00000000
00000000
00000000
01000000
01000000
11000000
01000000
00000000

00000000
00000000
00100000
00111000
11100000
01100000
00000000
00000000

00000000
00000000
00000000
00000000
11000000
11110000
11010000
10000000

00000000
00000000
00000111
00000111
00000111
00000000
00000000
00000000

00001100
00000000
00000000
00000000
00000000
00000000
00000000
00000000

00000000
00000000
00000011
00000011
00000110
00000100
00000000
00000000

00011000
00011100
00111100
01100000
00000000
00000000
00000000
00000000

00000000
00000000
00000000
00000000
00000101
00000111
00000011
00000011

00000111
00000100
00001100
00001000
00011000
00000000
00000000
00000000

00000000
00000000
00000000
00000000
00000000
00000100
00010110
00011111

00001000
00001000
00111100
00111000
00010000
00000000
00000000
00000000

10110000
11110000
10111000
10110000
00100000
00100000
00000000
00000000

00010000
00111000
10011100
11111100
10000100
00000000
00000000
00000000

00010000
00111000
01111000
11101000
10000000
00000000
00000000
00000000

00000000
00000000
00000000
00000000
00011100
00001100
00001100
00001100

11100000
11100000
00000000
00000000
00000000
00000000
00000000
00000000

00000000
00000000
00000000
00000000
00010000
00010000
00010000
00000000

00010000
00010000
00010000
00111111
00001110
00000000
00000000
00000000

10000000
10000000
11100000
10000000
10000000
10000000
10000000
00000000

00000000
00000000
00000000
00000000
00001100
00011100
00000111
00000111

00000000
00000000
00000000
00000000
00000000
00000000
10000000
00000000

00001111
00001111
00000011
00000000
00000000
00000000
00000000
00000000

00000000
00000000
00000000
00010000
00011100
00001110
00001110
00000111

00111110
00101111
00100101
00000000
00000000
00000000
00000000
00000000

00000000
00000000
00000000
00000000
00000100
00001100
00011100
00111000

00000000
00000000
00000000
00000000
00000000
10000000
00000000
00000000

00000000
00000000
00000000
00000000
00000000
00000010
00011110
00011100

00000011
00000011
00000011
00000111
00000111
00000010
00000000
00000000

00000000
00000000
00000000
00000001
00000011
00000111
00001101
00000000

00011111
00001111
00001110
00000110
00000000
00000000
00000000
00000000

00000000
00000000
11000000
11000000
11110000
10000000
00000000
00000000

00000000
00000000
00000000
00000010
00000111
00000111
00000111
00000010

00000000
00000000
00011100
00110110
11110000
10011000
00010000
00000000

00000000
00000000
00000010
00000111
00000001
00000000
00000000
00000000

00000000
00000000
01100000
11100000
11100000
11000000
00000000
00000000

00000000
00000000
00000000
00000000
10000000
11110000
11000000
10000000

00000000
00000010
00000110
00001111
00001100
00011000
00110000
00000000

00000000
00000000
00000000
00010000
00010000
00110000
00111110
01111000

00000000
00000000
00000000
00111000
00111100
00011100
00000110
00000000

00000000
00000000
00110000
00000000
00000000
00000000
00000000
00000000

00111010
00011111
00011010
00001000
00000000
00000000
00000000
00000000

00000000
00000000
00000110
00000000
00000000
00000000
00000000
00000000

00000000
00000000
00000000
00000000
00000000
00001000
00011110
00001000

00000000
00000000
00000000
00100000
00100000
11111000
11100000
11000000

00000000
00000000
00000000
00000000
11000000
11100000
11100000
10000000

00000000
00000010
00000111
00011111
00001111
00000010
00000010
00000000

00000000
00000000
00000000
00000000
00100000
11100000
00110000
00000000

00000100
00011110
01111000
00100000
00100000
00000000
00000000
00000000

11000000
11111000
11011000
11000000
10000000
10000000
00000000
00000000

00000000
00000000
00000000
11111000
00000000
00000000
00000000
00000000

01111000
00001100
00001110
00000110
00000010
00000000
00000000
00000000

00000000
00000000
00000000
00000000
00001000
00001100
00111100
11111000

00000000
00000000
00000000
00001000
00011100
00000111
00000110
00000000

00000000
00000000
00010000
00110000
00110000
00011000
00011111
00001111

00000000
10000000
00000000
00000000
00000000
00000000
00000000
00000000

00011000
00001110
00000000
00000000
00000000
00000000
00000000
00000000

00000000
01000000
01000000
11110000
11110000
11100000
00000000
00000000

00000000
00000000
00000000
01011000
01111000
01110000
01100000
00000000

00000000
00000000
00000000
00000000
00000000
00000000
01100000
01110000

00000000
00000000
00000000
00000010
00101011
00111111
00110010
00000000

11001000
11111000
11110000
01100000
00000000
00000000
00000000
00000000

00000000
00000000
00000000
00000000
00000000
01000000
01100000
01000000

00000000
00000000
00000000
00000000
00000000
00100000
00111000
00011000

00000000
00000000
11000000
01000000
11000000
11100000
11100000
11100000

00000000
00000000
00000000
00000011
00000111
00000111
00000111
00000110

00000000
00000000
00000000
01110000
01111110
00001000
00001000
00000000

00000000
00000000
00000000
10000000
11000000
11000000
11111100
11100000

00000011
00000011
00000111
00000000
00000000
00000000
00000000
00000000

00010000
00111100
01111000
01110000
01010000
01000000
00000000
00000000

00000000
00000000
00000000
00000011
00000011
00000110
00111111
00001111

00000011
00000011
00000011
00000111
00000100
00000000
00000000
00000000

00111100
11111000
00111000
00101000
00000000
00000000
00000000
00000000

00000000
01100000
11000000
01000000
01000000
00000000
00000000
00000000

00011111
00011011
00000000
00000000
00000000
00000000
00000000
00000000

00000001
00001101
00000111
00000011
00000011
00000010
00000000
00000000

00000000
00000000
00000100
00000100
00000100
00001100
00011110
00011110

00010100
01111100
00011100
00010000
00010000
00000000
00000000
00000000

00000000
00000000
00000000
00000000
00000000
00000000
10000000
00000000

00011110
00011110
00111111
00001000
00000000
00000000
00000000
00000000

00101000
00111000
00111000
00011000
00000000
00000000
00000000
00000000

00000000
00000110
00000011
00000000
00000000
00000000
00000000
00000000

00111000
00011100
00011000
00010000
00000000
00000000
00000000
00000000

00000000
00000000
00000000
00100000
01100000
00110000
00000000
00000000

00000000
00000000
10000000
11000000
10000000
00000000
00000000
00000000

00000000
00000000
00000000
00000000
00000000
00000000
00000000
10000000

00000000
00000000
00001000
01101000
00111100
00001000
00000000
00000000

00000000
00000000
00000000
00000000
00000011
00000010
00000000
00000000

01111000
01011100
00000000
00000000
00000000
00000000
00000000
00000000

00000000
00000000
00000000
00010000
01110000
00110000
00100000
00000000

00000000
00000000
00000000
00000000
00000000
00000100
00000100
00000110

00000110
00000110
00000000
00000000
00000000
00000000
00000000
00000000

10000000
10110000
11110000
10010000
11000000
00000000
00000000
00000000

11100000
10000000
11000000
11000000
00000000
00000000
00000000
00000000

01111111
00111111
00001000
00000000
00000000
00000000
00000000
00000000

00000000
00000000
00000000
00000000
00000000
00000000
00000000
00001100

00000100
00001111
00000000
00000000
00000000
00000000
00000000
00000000

01110000
11100000
01100000
00100000
00000000
00000000
00000000
00000000

00000000
00000000
00000000
00000100
00000110
00000111
00000111
00011110

00000000
00000000
00000000
00000000
00000000
00000000
01000000
11100000

00000000
00000000
00000000
01000000
11000000
11000000
01000000
00000000

00000000
00000000
00000000
00000000
00000000
00100110
00111110
00010100

00000000
00000100
00001111
00001111
00001000
00000000
00000000
00000000

00000000
00001101
00001111
00000110
00000100
00000100
00000000
00000000

00000000
00000000
00000011
00000111
00000101
00000000
00000000
00000000

00000100
00001110
00000100
00000000
00000000
00000000
00000000
00000000

00000000
00000001
00000001
00001001
00001111
00000111
00000111
00000011
