00000000000000000000111111111111
00000000000000100000111111111111
00000000001000001000111111111111
00000000000001100000111111111111
00000000000000100000111111111111
00000000000000000000111111111111
00000100100000000000111111111111
00000000000000000000111111111111
00000000000000000000111111111111
00000000000000000000111111111111
00000100000000000000111111111111
00000000000000100000111111111111
00000000000000000000111111111111
00000000000000000000111111111111
00000000000000000000111111111111
00000000000100000000111111111111
00000000000000000000111111111111
00000000000000000000111111111111
00000000000000000000111111111111
00000000000000000000111111111111
00000000000000000000111111111111
00000000000000000000111111111111
00000000000000000000111111111111
00000000000000000000111111111111
00000000000000000000111111111111
00000000000000000000111111111111
01000001000000000000111111111111
00000000000000000000111111111111
11111111111111111111111111111111
11111111111111111111111111111111
11111111111111111111111111111111
11111111111111111111111111111111

198
00000000
00000000
00000000
11000000
11100000
01111000
00010000
00000000

11111000
11111100
11010100
00000000
00000000
00000000
00000000
00000000

00000000
00000000
00011000
00001000
00000000
00000000
00000000
00000000

00000000
00000000
00100000
01111000
01000000
00000000
00000000
00000000

00000000
00000100
00000000
00000000
00000000
00000000
00000000
00000000

00000000
00000000
00000000
00001000
00111110
00000110
00000010
00000000

00110000
00011000
00000000
00000000
00000000
00000000
00000000
00000000

11111111
00001111
00000011
00000000
00000000
00000000
00000000
00000000

00000010
00001111
00011100
00001100
00001110
00000110
00000100
00000000

00000000
00000000
00000000
00000000
00011000
00011000
00011100
00000000

00000000
00000000
00000001
00000011
00000001
00001001
00011101
00001111

00000000
00000000
00000000
00000000
00000000
00000110
00001100
00000000

00000000
00000000
00000000
00000010
00000111
00000011
00001111
00000010

00000000
10000000
11000000
01100000
11110000
01110000
00000000
00000000

00000001
00011111
00000101
00000000
00000000
00000000
00000000
00000000

00001100
00000100
00000100
00000000
00000000
00000000
00000000
00000000

00010111
01111110
01111100
00010000
00000000
00000000
00000000
00000000

00000000
00000000
00000000
00100000
00100000
00000000
00000000
00000000

00000000
00000000
00000000
00000000
01111100
01110000
00110000
00000000

00000000
00000000
00000000
00000000
00000000
00000011
00000111
00000111

00000000
00000000
00000000
01000000
11000000
11000000
11110000
11010000

11111000
11110000
11110000
01010000
00000000
00000000
00000000
00000000

00000000
00000000
00000000
00000000
00000000
00000000
00000000
00111000

00000000
00000000
00000000
00001100
00001110
00001000
00011100
01111000

00000000
00000000
00000000
00000000
00000000
00000000
00000000
01000000

00000000
00000000
11100000
01100000
00000000
00000000
00000000
00000000

00000000
00000000
00001110
00001110
00000000
00000000
00000000
00000000

00000000
00000000
01000000
01110000
00000000
00000000
00000000
00000000

00000000
00000000
00011100
00001111
00001000
00000000
00000000
00000000

00000000
00000000
00000000
00000000
00110000
00110000
00111000
00010000

00000000
00000000
00000101
00000101
00001101
00011111
00001110
00000000

00000000
00000000
00000000
00000000
00000000
00111110
00111000
00000000

00000000
00000000
00000000
00000111
00000110
00001110
00000100
00000100

00000000
00000000
01100000
00111110
00111100
00010000
00010000
00000000

00000000
00000000
00000000
00000000
00000100
00001100
00000110
00000000

00011111
00001010
00001000
00001000
00000000
00000000
00000000
00000000

00000000
00000000
00100000
01100000
11000000
10000000
00000000
00000000

00000000
00000000
00000000
00000000
00000000
00000000
00101000
11111000

01000000
11000000
01000000
11100000
01110000
01000000
01000000
00000000

00001110
00001110
00001100
00111000
00001000
00000000
00000000
00000000

00000000
00000000
00000000
00000000
00000000
00001100
00001000
00011000

00001100
00011110
00011111
00000001
00000000
00000000
00000000
00000000

11111100
11111000
01111000
00001000
00000000
00000000
00000000
00000000

00000000
00000000
00000000
00010000
00011000
00111000
00001000
00000000

00000000
11000000
11000000
01000000
00000000
00000000
00000000
00000000

00000000
00011000
00111000
00011110
00000000
00000000
00000000
00000000

00000000
00000000
00000000
00000000
00000000
00110000
00011000
00000000

00000000
00000011
00011110
00000111
00000011
00000000
00000000
00000000

11110000
11110000
11110000
11000000
00000000
00000000
00000000
00000000

00000000
00000000
00000000
00000000
00000000
01010000
11010000
11110000

01110000
11111000
00110000
00110000
00000000
00000000
00000000
00000000

00000000
00000000
00000011
00000010
00000010
00000000
00000000
00000000

00000000
00000000
00000000
00000000
00000000
01000000
01000000
11100000

00101110
00111010
00100000
00000000
00000000
00000000
00000000
00000000

00000000
00000000
00000000
00000011
00000001
00000111
00000001
00000001

00000000
00000000
00000000
00000000
00000010
00000000
00000000
00000000

00000000
00000000
00000000
00000000
00001000
00000000
00000000
00000000

00000000
00000000
10000000
11000000
11000000
11110000
10100000
00000000

11110000
11111100
11001000
00001000
00000000
00000000
00000000
00000000

00000000
00000000
00000000
01000000
11000000
11110000
11111000
11100000

11000000
11000000
00000000
00000000
00000000
00000000
00000000
00000000

00000000
00000000
00000000
00000000
10000000
11000000
11101000
11111000

01000000
00000000
00000000
00000000
00000000
00000000
00000000
00000000

00000000
00000000
00000000
00000000
00000000
00000000
01100000
00110000

00000000
00000000
00000000
00000000
00111000
00010000
00010000
00010000

00000000
00011100
00001000
00000000
00000000
00000000
00000000
00000000

01111000
00001000
00000000
00000000
00000000
00000000
00000000
00000000

00000000
00000000
00001011
00011111
00000001
00000001
00000000
00000000

00000000
00000000
00000000
00000000
00000000
11000000
11000000
11100000

00000000
00000000
00000000
00000000
00000000
00000000
11000000
00000000

00000000
00000000
00000000
00000000
00000100
00010100
00111100
00000110

00100000
11111000
01010000
01010000
01000000
00000000
00000000
00000000

00000000
00000000
00000000
00000110
00011110
00001111
00000101
00000101

00000110
00000110
00000100
00000100
00000000
00000000
00000000
00000000

00000000
00000000
10000000
10100000
10110000
11100000
11100000
11000000

00000000
00000000
01000000
11000000
11000000
01000000
00000000
00000000

00011100
00011110
00011000
00010000
00000000
00000000
00000000
00000000

00000000
00010000
11111000
01000000
01000000
00000000
00000000
00000000

00000000
00000000
00000000
00010000
11111000
01001000
01000000
00000000

00000000
00000000
00000000
00000000
00000000
00001000
00000000
00000000

00000000
00000000
00000000
00000000
00000100
00001100
00001110
00000110

00000011
00000011
00000011
00000000
00000000
00000000
00000000
00000000

00000000
00000000
00000000
00000000
00000000
00000100
00001100
00000000

11000000
01100000
00000000
00000000
00000000
00000000
00000000
00000000

00000000
00000000
00000000
00000000
00000000
00001100
00001110
00011110

00000000
11110000
00100000
00000000
00000000
00000000
00000000
00000000

00000000
00000000
00000000
00000000
00000000
00001000
00111000
00010000

00000000
00000000
00000000
00000110
00011110
00001010
00001000
00000000

00000000
00000000
00100000
01110000
01100000
00100000
00100000
00000000

00000011
00000111
00000110
00001100
00000100
00000000
00000000
00000000

00000000
00110000
00000000
00000000
00000000
00000000
00000000
00000000

00000000
00000000
00001000
00001101
00011111
00111100
00011100
00000000

00000000
00000100
00000111
00000011
00000000
00000000
00000000
00000000

00000000
00000000
00000000
00000000
00000000
00010000
11110000
00000000

10000000
10000000
00000000
00000000
00000000
00000000
00000000
00000000

00000110
00011110
00001111
00000001
00000001
00000000
00000000
00000000

00000000
00000000
00100000
00111000
01111100
00111000
00100000
00000000

00000000
00000000
00000000
00000000
01000000
11000000
01100000
01100000

00000000
00000000
00000000
00000000
00000000
00000000
00001100
00001100

00000000
00000000
00000011
00000111
00001111
00001110
00011000
00000000

00000000
00000000
00000000
00000000
00000000
00000000
01011000
11111110

00000000
00011010
00111110
00110000
01110000
00000000
00000000
00000000

00000000
00000000
00000000
00000000
00000000
00000000
00000100
00001110

00000000
11100000
11000000
00000000
00000000
00000000
00000000
00000000

00000000
00000000
00010011
00011111
00111100
00100100
00000000
00000000

00000000
00000000
00000000
00000000
00000000
10000000
10000000
00000000

00000000
00000000
00100000
11111000
11110000
10000000
11100000
10000000

00000000
00000000
00000000
00000000
00000000
11000000
11000000
01000000

00000001
00000001
00000001
00000001
00000000
00000000
00000000
00000000

00000000
00000000
00000000
00000000
00000000
00001110
00000000
00000000

00000000
00000000
00001000
00001000
00001100
00000000
00000000
00000000

00000000
00001100
00001101
00111111
00001010
00000010
00000000
00000000

00000000
00000000
00000011
00001111
00000111
00000111
00000110
00000000

00000000
00000000
00000000
00000000
00000000
00001000
00101000
11111110

00000000
00000000
00000000
00000000
00010000
00000000
00000000
00000000

00000000
00010000
00000000
00000000
00000000
00000000
00000000
00000000

00111100
00110000
00011000
00001000
00001000
00000000
00000000
00000000

00000000
00000000
00000000
00000000
01000000
01000000
01000000
00000000

11111110
01011100
01010000
00000000
00000000
00000000
00000000
00000000

01000000
11000000
01000000
11100000
01000000
01000000
00000000
00000000

00000000
00000000
00000001
00000011
00000111
00001111
00000000
00000000

00000000
00000000
00000000
00000000
00000010
00000011
00000111
00001110

00000000
00000000
00000000
00000000
10000000
11110000
11110000
11111000

00000000
00000000
00000000
00000000
10110000
11111000
01001100
00000000

00000000
00000000
10000000
00000000
00000000
00000000
00000000
00000000

00000000
00000000
00100000
11110000
01110000
00111000
00011000
00011000

11100000
11000000
10000000
10000000
00000000
00000000
00000000
00000000

00000000
01100000
00000000
00000000
00000000
00000000
00000000
00000000

11110000
11111000
11111000
01001000
00000000
00000000
00000000
00000000

00000000
00000000
00000000
00000000
00000000
00100000
01110000
00110000

00000000
00000000
00000000
00000000
00000000
00000000
00100000
00000000

00000000
00000000
00000000
11000000
01110000
11110000
11100000
11000000

00001000
00011100
00011100
00000000
00000000
00000000
00000000
00000000

00001000
00011110
00011010
00110011
00010000
00000000
00000000
00000000

00011000
00011000
00011100
00001100
00001100
00000000
00000000
00000000

00000110
00001100
00000000
00000000
00000000
00000000
00000000
00000000

00000000
00000000
00000000
00000000
00000000
00000000
00100000
00100000

00000000
00000000
00000000
00000110
00000110
00000000
00000000
00000000

00000000
00000000
00000000
00000000
00000000
00010000
01111100
00000000

00000000
00000000
00010000
00010000
00000000
00000000
00000000
00000000

00111100
01101111
00001010
00000010
00000010
00000000
00000000
00000000

00000000
00000000
00000000
01000000
01000000
11100000
01110000
01111000

00111100
00011100
00001100
00000110
00000010
00000000
00000000
00000000

00000000
00000000
11110000
11110000
01000000
00000000
00000000
00000000

00010000
00110000
11110000
11110000
01000000
00000000
00000000
00000000

00100000
01111100
01111000
01000000
00000000
00000000
00000000
00000000

00000111
00010110
00011111
00000100
00000000
00000000
00000000
00000000

11000000
11110000
01110000
00110000
00011000
00000000
00000000
00000000

00011100
00001110
00001100
00000000
00000000
00000000
00000000
00000000

00000000
00000000
00000000
00000000
00000000
00001000
00000000
00000000

00000000
00000000
00000110
00010111
00011100
00000000
00000000
00000000

00000000
00000000
00000000
01000000
01000000
11110000
11100000
11000000

00000011
00000111
00001110
00000000
00000000
00000000
00000000
00000000

00000011
00001111
00001110
00000011
00000001
00000000
00000000
00000000

00000000
00000000
00000000
00010000
00011100
00111000
00011000
00000000

00000000
00000000
00000000
01100000
01000000
01000000
00000000
00000000

00000000
00000000
00000000
00001000
00011100
00011101
00011111
00000010

11100000
11111000
11000000
01000000
01000000
00000000
00000000
00000000

01000000
00000000
00000000
00000000
00000000
00000000
00000000
00000000

00000100
00001100
00011110
00001111
00000111
00000110
00000000
00000000

00000000
00000000
00000100
00000000
00000000
00000000
00000000
00000000

00000000
00000000
00000000
00000000
00000000
00100000
11111100
11100000

11000000
00000000
00000000
00000000
00000000
00000000
00000000
00000000

00000000
00000000
00000000
00000011
00000011
00000011
00000000
00000000

00000000
00000000
00001010
00011111
00001100
00000000
00000000
00000000

00000000
00000000
00000000
00000000
00000000
01000000
00000000
00000000

00000000
00000000
00000000
00000110
00000100
00000000
00000000
00000000

00111100
00011110
00010000
00000000
00000000
00000000
00000000
00000000

11110000
11110000
00100000
00000000
00000000
00000000
00000000
00000000

00000000
00000000
00000000
00000000
00011110
00011111
00011010
00110000

00000000
00000000
00010000
00010000
00010000
00000000
00000000
00000000

00000000
00000000
00000000
00000000
00000000
00111000
01110000
00010000

00000000
01000000
00000000
00000000
00000000
00000000
00000000
00000000

00000000
00000000
00000000
00000000
00000000
00000110
00000000
00000000

00000000
00000000
00000000
01000000
01100000
01100000
11110000
01100000

00000000
00000000
00000000
01110000
00111000
00010000
00010000
00000000

00011111
00001011
00001010
00000000
00000000
00000000
00000000
00000000

00000000
00000000
00000000
00000000
00001000
00111000
00011110
00001100

00001110
00001010
00001000
00000000
00000000
00000000
00000000
00000000

00010000
01010000
11111000
11100000
01110000
00010000
00000000
00000000

00000000
00000000
00000000
00000000
00000000
00000000
00000000
11000000

00000000
00000000
00000000
00000000
00000000
00000000
00000000
00000100

00000000
00000000
00000000
00000000
00100000
01110000
11111000
11111000

11100000
01111000
01110000
00000000
00000000
00000000
00000000
00000000

11100000
01110000
00110000
00000000
00000000
00000000
00000000
00000000

00000000
00000000
00000000
00000000
00000000
00000000
00001000
00011110

00000000
00000000
00000000
01100000
01100000
01100000
01000000
00000000

00000100
00000100
00000111
00000010
00000000
00000000
00000000
00000000

00000000
00000000
00011110
00011111
00001111
00000100
00000100
00000000

00000000
00000000
00000000
00000000
00000000
00000000
00100000
11110000

00000000
00000000
00000000
00000000
00000000
00000000
00000000
00111000

00000000
00000000
00000000
00000000
00000000
00100000
00110000
11100000

00000000
00000000
00000000
00000000
11000000
01111000
01111000
01110000

00000000
00000000
00000000
00000000
00000000
00000110
00000111
00001111

01111100
00101000
00100000
00000000
00000000
00000000
00000000
00000000

00000000
00000000
00000000
00000000
00000110
00000000
00000000
00000000

00000000
00000011
00000111
00000110
00000011
00001110
00001100
00001000

00000000
00000000
00000010
00000010
00000011
00000111
00010111
00111110
