00000000001000000100000000000000
00000000000000000000000000000000
00000000000000000000000000000000
00010000000000000000000000000000
00010000000000000100000000000000
00000000000000000000000000000000
00000000000000000000000000000000
00000000000000000000000000000100
00000000000000000000000000000000
00000000100000000000000000000000
00000000000000000000000000000000
00000000000000000000000000000000
00000000000000100000000000000000
00000000000000000000000000010000
00000000000000000000000000000000
00000000000000000000010000000000
00000000000000000000000010000000
00000000000000000000000000000000
00000000000000000000000000000000
00000000000000000000000000000000
00000000000000000000000000000000
00010000000000000000000000000000
00000000000000000000000000000000
11111111111111111111111111111111
11111111111111111111111111111111
11111111111111111111111111111111
11111111111111111111111111111111
11111111111111111111111111111111
11111111111111111111111111111111
11111111111111111111111111111111
11111111111111111111111111111111
11111111111111111111111111111111

144
00111111
00111000
00110000
11100000
00000000
00000000
00000000
00000000

00001100
00011111
00000010
00000010
00000000
00000000
00000000
00000000

00000000
00000000
10000000
11100000
11110000
11000000
00000000
00000000

00011000
00010000
00010000
00000000
00000000
00000000
00000000
00000000

00100000
01100000
00100000
00100000
00100000
00000000
00000000
00000000

00000000
00000000
00000000
00000000
00000000
00000001
00000111
00000000

00000000
00000000
00000000
00000000
00000010
00000110
00000111
00011111

00000000
00000000
00000000
00111000
00100000
01100000
01100000
01000000

00000000
00000001
00000001
00000001
00000011
00000001
00000000
00000000

00000000
00000000
00000000
00000000
00000000
00001000
00011111
00011111

00000000
10000000
00000000
00000000
00000000
00000000
00000000
00000000

00000000
00000000
00000000
00000000
00001010
01111010
00011110
00000000

00000000
00000000
00000000
00000000
00000000
00000000
00000001
00000000

00000000
00000000
00000000
00000000
00100000
01110000
01100000
00000000

00000000
00000000
00001100
00000100
00000000
00000000
00000000
00000000

00000000
00000000
00011100
00111000
01111000
11010000
01010000
01000000

00000000
00000100
00000100
00001111
00000000
00000000
00000000
00000000

00000000
00000000
00000000
00000000
00000000
00000000
11001000
11111000

00000000
00000000
00000100
00000101
00000111
00000011
00000001
00000000

00000000
00000000
00000000
01000000
01100000
11100000
11111000
11111000

00000000
00000011
00000001
00000011
00000110
00000010
00000000
00000000

00000000
00000000
00000000
00000000
00100000
10100000
11111000
11111000

00000000
01000000
11100000
11111000
11100000
00000000
00000000
00000000

00000000
00000000
00000000
00000010
00001011
00011011
00011110
00001100

00000000
00001000
00011000
00011000
00000000
00000000
00000000
00000000

00000000
00000000
00000000
00000000
01111010
00011111
00000010
00000010

00001000
00001100
01111100
00011100
00000000
00000000
00000000
00000000

00000000
00000000
00000000
00000011
00000010
00000010
00000110
00000000

00000000
00000000
11110000
11000000
01000000
00000000
00000000
00000000

00000000
00000000
00000011
00000010
00000110
00000010
00000000
00000000

00000000
00000000
00000000
10000000
11010000
01010000
11110000
00110000

00011000
00011100
00011000
00001000
00001000
00000000
00000000
00000000

11110000
11111000
01110000
00000000
00000000
00000000
00000000
00000000

00000011
00000110
00000000
00000000
00000000
00000000
00000000
00000000

10000000
11100000
11110000
11011000
10000000
00000000
00000000
00000000

00000000
00000000
00000000
00001001
00001101
00011111
00011001
00010001

00000000
00000000
00000000
00000000
01000000
01000000
01000000
00000000

00000000
00000000
00000000
00000000
00000010
00000011
00011111
00001101

00000000
00000000
00000000
00000000
01000000
01011000
11110000
11100000

00000000
00000001
00000011
00000111
00000011
00000001
00000001
00000000

00110000
00111100
00000000
00000000
00000000
00000000
00000000
00000000

00000000
00000000
00000000
00000010
00000111
00000111
00000000
00000000

00000000
00000010
00001110
00001111
00000111
00000011
00000000
00000000

00000000
00000000
00010000
11110000
01011000
00000000
00000000
00000000

00000000
00000000
00000000
00000000
00010000
00111110
00111011
01101000

00000000
00000000
00000000
00000000
00000000
11111000
11110000
11110000

00000000
00000000
00000001
00000001
00000011
00000011
00111110
00001110

11100000
11111100
10100000
00000000
00000000
00000000
00000000
00000000

00000000
00000000
00000000
11100000
00100000
00100000
00000000
00000000

00000000
00000000
00000000
00101100
00111110
00010111
00010010
00000000

00000000
00000000
00010000
00011110
00111000
01111000
00101000
00001000

10000000
11010000
11110000
11100000
00000000
00000000
00000000
00000000

00001111
00000111
00000101
00000101
00000000
00000000
00000000
00000000

00000000
00000011
00000010
00000010
00000111
00001111
00000001
00000000

00000000
00000000
00000000
00000010
00000000
00000000
00000000
00000000

00000000
00000000
00000000
00000000
00001110
00000000
00000000
00000000

00000000
00000000
00000000
00000000
00010000
00010000
00000000
00000000

00000001
00000001
00000111
00000011
00000111
00001110
00001110
00000000

00000000
00000000
01010000
11110000
00100000
00000000
00000000
00000000

00000000
00000000
00000000
00000000
00101100
00111100
00001111
00000000

00000000
00000000
00000000
00000100
00000110
00000000
00000000
00000000

11111110
11111100
00100100
00100000
00000000
00000000
00000000
00000000

11111000
00100000
00100000
00100000
00000000
00000000
00000000
00000000

10000000
11000000
11100000
01100000
01110000
01010000
01000000
00000000

00111110
00010000
00000000
00000000
00000000
00000000
00000000
00000000

00000001
00000011
00000010
00000111
00000111
00000011
00000001
00000001

01100000
11111000
11100000
01000000
00000000
00000000
00000000
00000000

00000000
00000000
00000000
00001000
00101100
00111000
00111000
00001000

00001010
00001011
00001111
00000001
00000000
00000000
00000000
00000000

00100000
00111110
00011110
00000100
00000100
00000000
00000000
00000000

00000000
00000000
01000000
11000000
01110000
01110000
01000000
00000000

00000000
00000000
00000100
00000100
00000100
00001110
00001110
00001110

00000000
00000000
01000000
01111100
00010000
00000000
00000000
00000000

00000000
00000000
00000000
00000000
00000000
00000100
00001110
00000000

11111000
11111000
00000000
00000000
00000000
00000000
00000000
00000000

00000000
00000000
00000100
00000110
00000000
00000000
00000000
00000000

00000000
00000000
00000000
00000000
00000010
00000010
00000000
00000000

00000000
00000000
00000011
00000011
00000001
00000001
00000001
00000001

00000000
00000010
00011110
00111110
00111100
00001000
00001000
00000000

00000000
00000000
00000000
01000000
00000000
00000000
00000000
00000000

00000000
00001000
00111000
00011100
00000000
00000000
00000000
00000000

00000000
00000000
00000000
00000000
01010000
01111100
11111000
01011000

00000000
00000000
00100000
00100000
00110000
00110000
00110000
00111000

11110000
11110000
10110000
00010000
00000000
00000000
00000000
00000000

00000111
00000100
00000000
00000000
00000000
00000000
00000000
00000000

00000011
00000000
00000000
00000000
00000000
00000000
00000000
00000000

00000000
00000000
00000001
00000000
00000000
00000000
00000000
00000000

00000000
00000000
01100000
11110000
00010000
00000000
00000000
00000000

00000000
00000000
00000000
00000000
00000000
00001100
00011100
00011100

10000000
11100000
01100000
11100000
00100000
00100000
00000000
00000000

00000000
00000000
00000000
00000000
01000000
01000000
00000000
00000000

11100000
11111000
11110000
10100000
10000000
00000000
00000000
00000000

00000000
00000000
00000000
00000000
00000001
00000001
00000001
00000111

01011100
11111000
11100000
11000000
11000000
00000000
00000000
00000000

00000000
00000000
00000000
00011010
00001110
00111110
00001011
00000000

00000000
00000111
00000011
00000001
00000001
00000001
00000000
00000000

00000000
10000000
10000000
11000000
10000000
00000000
00000000
00000000

00111111
00111010
01100000
00100000
00000000
00000000
00000000
00000000

00000000
00000000
00000000
00000010
00001010
00001110
00000110
00000000

00000000
00010000
01011000
01110000
11100000
00000000
00000000
00000000

00000000
00111000
00010000
00000000
00000000
00000000
00000000
00000000

11011000
01011000
11110000
11110000
01000000
00000000
00000000
00000000

00000000
00000000
00000111
00000011
00000000
00000000
00000000
00000000

00011000
00111110
00111100
00001000
00000000
00000000
00000000
00000000

00000000
00000000
00000000
00000000
00000000
00000000
00000000
00011000

00000000
00100000
01111000
01111000
11011000
01010000
00000000
00000000

00000000
01000000
11010000
11110000
11000000
11100000
01100000
00000000

00000000
00000000
00000000
00000000
00000010
00000000
00000000
00000000

00000000
00000000
00000000
00000001
00000111
00000010
00000000
00000000

00000000
00000000
00000000
00000100
00001100
00011111
00000110
00000010

00000000
00100000
11110000
10000000
00000000
00000000
00000000
00000000

10000000
10110000
11110000
11100000
01100000
00100000
00100000
00000000

00000010
00000010
00001111
00001111
00000001
00000001
00000000
00000000

00000000
00000000
11100000
11110000
11110000
00000000
00000000
00000000

00000100
00001100
00000110
00000110
00000010
00000000
00000000
00000000

00000000
00010000
00110000
00111000
00001000
00001000
00000000
00000000

00000000
00000000
00000000
00000000
00000000
01110000
01110000
11111100

00000000
00000000
00000000
00000000
00000000
00100000
11111100
11111110

00000000
11000010
11111110
00101010
00000000
00000000
00000000
00000000

00000000
00000000
00000000
00000000
00000000
00000100
00000000
00000000

00000000
00000000
00000000
01000000
11100000
11100000
11100000
10000000

11111110
01011000
00011000
00010000
00000000
00000000
00000000
00000000

00000000
00000000
00000000
00000000
00000000
10000000
11100000
11100000

00000000
00000000
00100000
00100000
01111000
01011000
11001000
10000000

00000000
00000000
00000000
00000000
00000000
00000000
10000000
11100000

00011110
00000110
00000111
00000100
00000000
00000000
00000000
00000000

00000010
00000110
00000111
00000001
00000000
00000000
00000000
00000000

00000000
00000000
00000000
01100000
11111000
11000000
11110000
10000000

00000000
00000000
00000000
00000010
00001111
00000000
00000000
00000000

00000000
00000000
00000000
01000000
11000000
01000000
00000000
00000000

00000000
00000000
00000000
00000000
00001100
00001100
00000100
00000000

00000000
00000000
00000000
00000000
00000000
00000000
00001100
00000100

00000100
00000100
00000100
00001100
00000000
00000000
00000000
00000000

00001110
00011111
00001110
00000100
00000000
00000000
00000000
00000000

00100000
10100000
11110000
10110000
10111000
00110000
00000000
00000000

00000011
00000011
00000011
00000110
00000011
00000000
00000000
00000000

00000000
00000000
00000000
00000000
00011111
00001111
00000011
00000011

00000000
00000000
00100000
00100000
01100000
00000000
00000000
00000000

00000000
00000000
00000000
00000000
00100000
00110000
11110000
00100000

10000000
11100000
01000000
00000000
00000000
00000000
00000000
00000000

00000000
00000000
00000111
00000110
00000000
00000000
00000000
00000000

00000000
00000000
00000000
00000000
00000000
00000101
00000101
00001111

00011000
00011000
00000000
00000000
00000000
00000000
00000000
00000000

00111000
00000000
00000000
00000000
00000000
00000000
00000000
00000000
