00000000100000010010000000111111
00000011000000100000000100111111
10000000000000000000000000111111
10000000000000000000000001111111
00010000000010000001111000111111
10010000000000001000000000111111
00000000000000000000000000111111
01000000000000000000000000111111
00000000010000001010000000111111
00000000000000000000000000111111
00000000000010000010100000111111
00000000100001010000001000111111
10000000010000000000000000111111
00010000000000000000000000111111
00000000000000000000100000111111
00000000000000010000000000111111
10000000000100010000000100111111
00000000000000000000000000111111
00000000000100000100100000111111
10000000000000000010100000111111
00000000000000000000000000111111
11111111111111111111111111111111
11111111111111111111111111111111
11111111111111111111111111111111
11111111111111111111111111111111
11111111111111111111111111111111
11111111111111111111111111111111
11111111111111111111111111111111
11111111111111111111111111111111
11111111111111111111111111111111
11111111111111111111111111111111
11111111111111111111111111111111

94
00000000
00000000
00000000
00000000
00010000
00000000
00000000
00000000

10000000
10000000
11111000
11110000
00110000
00100000
00000000
00000000

00000000
00000000
00000000
00000000
00000000
00000100
00110110
00111111

00000000
00000000
00000000
00000000
00000000
00000000
00000000
00001000

00000000
00000000
00000000
00000000
00000000
00000000
01000000
01000000

00000000
00100000
00110000
01100000
00000000
00000000
00000000
00000000

01110000
01110000
00110000
00010000
00000000
00000000
00000000
00000000

00000000
00000000
00000000
00000000
00000000
00010001
01111001
00111111

00000000
00000000
00000000
00000000
00001000
01111000
01110010
00111110

00000000
00000000
00000000
00000000
00000000
00000000
00000000
00001110

00000000
00000000
00000000
00000000
00000000
00000000
00001000
00000000

00000000
00000000
01000000
11110000
10100000
00100000
00000000
00000000

00000000
00000000
00001000
00001110
00111100
00000000
00000000
00000000

00000000
00000000
00000000
00011000
00111111
00011111
00000000
00000000

01000000
00000000
00000000
00000000
00000000
00000000
00000000
00000000

00111100
00001100
00000000
00000000
00000000
00000000
00000000
00000000

00001000
00001100
00011100
00011100
00000000
00000000
00000000
00000000

00010100
01111111
01100011
00000001
00000000
00000000
00000000
00000000

00000000
00000000
00000000
00000000
00000000
00001000
00011100
00011110

00010100
00111100
00000000
00000000
00000000
00000000
00000000
00000000

00000000
01100000
00000000
00000000
00000000
00000000
00000000
00000000

00000000
00000000
00000000
00000000
00110000
00111000
01100000
00000000

00000101
00001111
00000111
00000111
00000000
00000000
00000000
00000000

00000000
00000000
00000000
00000000
00000100
00000100
00001100
00000100

00000000
00110000
00110000
01110000
11100000
01000000
01000000
00000000

10000000
10000000
11000000
11000000
11100000
11000000
01000000
00000000

00000000
00000000
00000000
00010000
01110000
11100000
01100000
00100000

00101100
00111000
00110000
00000000
00000000
00000000
00000000
00000000

00000000
00000000
00000001
00000111
00000110
00000111
00000111
00000010

00000000
00000000
10110000
11111000
11110000
10000000
10000000
00000000

00000000
00000000
00000000
00001000
00011000
00010010
00011110
01111000

00011111
00011101
01111000
00011000
00000000
00000000
00000000
00000000

00000000
00000000
00000000
00000100
00001101
00001111
00001111
00001111

00000000
00000000
00000000
00000101
00000111
00000101
00000000
00000000

00000000
00000000
00000000
00000000
00000000
00000000
00111000
00000000

00011111
00001111
00000001
00000000
00000000
00000000
00000000
00000000

11111000
11111100
11000000
10000000
00000000
00000000
00000000
00000000

00000000
01111000
01000000
00000000
00000000
00000000
00000000
00000000

11111110
00111100
00111000
00100000
00000000
00000000
00000000
00000000

00000000
00000000
00000000
00000000
00000000
00000000
00011111
00000000

00001000
00001000
00011110
00010000
00000000
00000000
00000000
00000000

00000000
00000000
00000000
01100000
00100000
00111010
00111110
00000111

00000001
00001111
00001011
00000000
00000000
00000000
00000000
00000000

00000000
00000010
00000110
00000000
00000000
00000000
00000000
00000000

00000001
00000001
00000000
00000000
00000000
00000000
00000000
00000000

01110000
00110000
00110000
00100000
00000000
00000000
00000000
00000000

00001111
00001110
00011000
00000000
00000000
00000000
00000000
00000000

00000000
00000000
00110000
10110000
11110000
10111000
10001000
00000000

00011000
00011000
00001100
00001000
00000000
00000000
00000000
00000000

00000000
00000000
00000000
00000000
00000000
00011110
00000011
00000011

00000000
00000000
00000000
00000000
00000001
00000011
00000001
00000001

01000000
11010000
11110000
11110000
01100000
01100000
00000000
00000000

00000000
00000000
00000000
00000000
00101000
00111000
00010000
00000000

00000000
10000000
11000000
10000000
00000000
00000000
00000000
00000000

00000000
00000000
00010000
00000000
00000000
00000000
00000000
00000000

00000000
00000000
00000000
00000100
00000110
00001100
00000000
00000000

00000000
00000000
00000000
00000011
00000111
00000111
00000001
00000000

00000011
00000001
00000000
00000000
00000000
00000000
00000000
00000000

00100000
11100000
01100000
01100000
00000000
00000000
00000000
00000000

01111100
00110000
00110000
00000000
00000000
00000000
00000000
00000000

00000000
00000000
00000000
00000000
00000000
10000000
00000000
00000000

00000000
11000000
01110000
00000000
00000000
00000000
00000000
00000000

11110000
11000000
10000000
00000000
00000000
00000000
00000000
00000000

00000000
00000000
01000000
00000000
00000000
00000000
00000000
00000000

00000000
00010000
00000000
00000000
00000000
00000000
00000000
00000000

00111000
00011000
00000000
00000000
00000000
00000000
00000000
00000000

00000100
00001110
01111000
00101100
00000000
00000000
00000000
00000000

00000000
00000000
00000000
00000000
00000000
00011100
00111100
00011110

00000011
00000000
00000000
00000000
00000000
00000000
00000000
00000000

01111111
01100011
00000000
00000000
00000000
00000000
00000000
00000000

00000000
00000000
00000000
00000011
00000001
00000001
00000000
00000000

00000000
00000000
00000000
00000000
00000000
00000000
00010000
00000000

00000000
00000000
00000110
00000010
00000000
00000000
00000000
00000000

01110000
11000000
00000000
00000000
00000000
00000000
00000000
00000000

00000010
00000011
00001111
00000111
00000011
00000000
00000000
00000000

01111100
00111110
00001110
00000011
00000010
00000000
00000000
00000000

00000000
00000000
00000000
00000000
00000111
00001111
00000011
00000011

00101000
01111000
00110000
00100000
00100000
00000000
00000000
00000000

01000000
11110000
00110000
00100000
00000000
00000000
00000000
00000000

00000000
00000000
00000000
00000000
00000000
00000000
00000010
00000011

00001111
00000111
00000011
00000011
00000000
00000000
00000000
00000000

00000000
00000000
00001000
00001100
00001100
00001100
00011100
00011000

00000011
00000001
00000000
00000000
00000000
00000000
00000000
00000000

00000000
00000000
00100000
01110000
00100000
00000000
00000000
00000000

00000100
00000100
00000000
00000000
00000000
00000000
00000000
00000000

00000101
00000101
00001111
00001011
00000000
00000000
00000000
00000000

00000000
00000000
00000000
00000000
00000000
00100000
00111000
00111110

10000000
10100000
11110000
11111000
11010000
00000000
00000000
00000000

00000000
00000000
00000001
00000001
00011111
00001011
00000001
00000000

00000000
00000000
00000000
00000000
00000100
00000100
00011111
00001101

00000000
00000000
00000000
00000000
00000000
00000011
00000011
00000010

00000010
00000010
00000110
00000000
00000000
00000000
00000000
00000000

00000000
00000000
00000000
00000000
00000010
00000010
00000000
00000000

00001000
00001100
00001111
00000110
00000000
00000000
00000000
00000000
