00000100000000000010000000000001
00000000000000000000000000000001
10000000010000000100000000000001
00000000000000000000000000101101
00000000000000000000000000000011
01000000000000010000000000000001
01000000000100000000000000001001
00000000000000000000000000000101
00000000000000000000000001100001
00000100000000000000000000000001
00000000000000000000100000000001
00000000000001000000000000000001
00000000000000001100100001000001
00000000000000000000000000000001
00000000100000100000000000000001
00000000000000000000000000000001
00000000010100000000000000000001
00000000000000000000000000000001
00000000000000100000001100000001
00000000000000000000000000000001
00000000000010000010000000000001
00000000000000000000000000000001
00000101001000000000000000000001
00000000000000000000000000000011
11111111111111111111111111111111
11111111111111111111111111111111
11111111111111111111111111111111
11111111111111111111111111111111
11111111111111111111111111111111
11111111111111111111111111111111
11111111111111111111111111111111
11111111111111111111111111111111

81
01111000
00111100
00000000
00000000
00000000
00000000
00000000
00000000

11111000
01100000
11110000
11000000
11100000
00000000
00000000
00000000

00000000
00000000
00000000
00000000
01000000
01000000
00000000
00000000

00001000
00011110
00011100
00010000
00000000
00000000
00000000
00000000

00000000
00000000
00000000
00000000
00001100
00011111
00001111
00001111

00000000
00000000
00000000
00000000
01111000
11111000
01010000
01010000

00100000
00100000
00100000
01100000
00100000
00100000
00000000
00000000

00000000
00000000
00000000
00100000
00100000
11100000
11000000
10000000

00000000
11000000
11000000
11000000
01000000
01000000
00000000
00000000

10000000
11110000
11100000
11100000
11100000
00100000
00000000
00000000

00111000
00011011
00001110
00000110
00000000
00000000
00000000
00000000

00000000
00000000
00000000
00000000
01101000
11111100
00011100
00010000

00000000
00000000
00000000
00000000
00001000
00001000
00011000
00010000

00000010
00000010
00000010
00000011
00000010
00001111
00000100
00000000

00000000
00000000
00000000
00000000
00000000
01111011
00111111
00001111

01100000
11100000
01100000
00100000
00000000
00000000
00000000
00000000

00000111
00000111
00000000
00000000
00000000
00000000
00000000
00000000

00000000
00000000
00000000
00000000
00000001
00000001
00011111
00000010

11000000
11000000
10000000
00000000
00000000
00000000
00000000
00000000

00000000
00000000
00000000
00000000
00000011
00000111
00000000
00000000

00000000
00110000
01110000
00011000
00000000
00000000
00000000
00000000

00000000
00000000
00000001
00000000
00000000
00000000
00000000
00000000

00000000
00000000
00000000
10000000
11000000
11000000
01100000
01000000

00000000
00000100
00001111
00000011
00000001
00000000
00000000
00000000

00000000
00000000
00001000
00000000
00000000
00000000
00000000
00000000

01000000
01000000
01000000
00000000
00000000
00000000
00000000
00000000

00000000
00000000
00000000
00000000
00000000
00001010
00001110
00000100

00000000
00000000
00000000
00000000
00000000
00100000
00000000
00000000

11100000
00000000
00000000
00000000
00000000
00000000
00000000
00000000

00000000
10000000
10000000
10000000
10000000
00000000
00000000
00000000

00000000
00000000
01100000
00000000
00000000
00000000
00000000
00000000

00000000
00000000
00000000
00000000
10110000
11110000
11110000
11111000

00000000
00000000
00100000
00110100
00111100
11111000
00011000
00000000

00000000
00000000
00001000
00011000
00001100
00011100
00111100
00011100

11110000
11100000
11000000
01000000
00000000
00000000
00000000
00000000

00101100
11111100
01111000
00010000
00010000
00010000
00000000
00000000

01111100
11111000
11010000
01000000
00000000
00000000
00000000
00000000

00000000
00000001
00000001
00000001
00000001
00000000
00000000
00000000

00000000
00000000
00000000
00000011
00000011
00000010
00000110
00000000

00111000
00111000
00111000
00010000
00000000
00000000
00000000
00000000

00000000
00000000
00000100
00001100
00001111
00000011
00000011
00000000

00000000
00000000
00000000
00000001
00001111
00001011
00000001
00000000

00000000
00000000
00000000
01000000
01010000
11111000
11111000
11100000

00000000
00000000
00010000
00011000
00111100
00010000
00010000
00010000

00000000
00000000
00000000
00000000
00000000
00000000
00001100
00001110

00000000
00000000
00000000
00000000
00000010
00000010
00000111
00001111

00000000
00001100
00000100
00000110
00000011
00000001
00000000
00000000

00000000
00000000
00000000
00000000
00010011
00011010
00011110
00110000

00000000
00010000
01111100
01101100
00001000
00000000
00000000
00000000

00000000
00000000
00000000
00000000
00000000
00000000
00011110
00000111

01111100
00001110
00000000
00000000
00000000
00000000
00000000
00000000

00000000
00000000
00000000
00000000
00100000
11100000
11000000
01000000

11111000
00011000
00000000
00000000
00000000
00000000
00000000
00000000

00000000
00000000
01000000
01100000
01111100
11000000
00000000
00000000

00000000
00000000
00000000
00000000
00001100
00000100
00000000
00000000

00000000
00000000
00000000
00000000
00000000
00000000
11100000
00100000

11000000
11000000
11000000
11000000
11000000
10000000
00000000
00000000

11110000
11110000
11100000
00100000
00000000
00000000
00000000
00000000

00000000
00000000
00000000
00111000
00001000
00000000
00000000
00000000

00001000
00001100
00011100
00000110
00000000
00000000
00000000
00000000

00000000
00000000
00000000
00000000
00000000
00000110
00001110
00000110

00000000
00000000
00000010
00000010
00000011
00000000
00000000
00000000

00000000
00000000
00010000
00011100
00111100
00011110
00011000
00000000

00000000
00000010
00000010
00001110
00001100
00000100
00000000
00000000

00000000
00000000
00000000
00000011
00001011
00001111
00000000
00000000

00000000
00000000
00000000
00100000
11110000
10000000
00000000
00000000

00000000
00000000
00000000
00000000
00000000
00000000
00000010
00001111

11100000
11100000
11000000
10000000
00000000
00000000
00000000
00000000

00000000
00000000
00000000
00000000
00000000
01000000
11000000
11110000

00000000
00000000
00000000
00001000
00011110
00000010
00000000
00000000

01000000
01000000
11100000
11100000
11100000
11100000
00000000
00000000

00000000
00000111
00000001
00000000
00000000
00000000
00000000
00000000

00000000
00000000
00001000
00001110
00011111
00000111
00000101
00000000

00000000
00000000
00000000
00000100
00000100
00000101
00001111
00001111

00000000
00000000
00000000
00000000
00000000
10000000
10000000
11000000

00000000
00000000
11100000
00000000
00000000
00000000
00000000
00000000

00000000
00000001
00000101
00001111
00000000
00000000
00000000
00000000

00000000
00000000
00000110
00000111
00000111
00000111
00000111
00000011

00000000
00000000
00110000
00000000
00000000
00000000
00000000
00000000

00000000
00000000
00000000
00000000
00000000
00011001
00001111
00000111

00000000
00000000
00000000
00000000
00000000
00000011
00000000
00000000
