-4 -5 T 90
-3 -3 H 90
2 -4 T 180
7 -6 H 90
9 -5 H 180
12 -6 T 90
17 -3 H 180
17 -4 T 90
23 -4 T 90
9 -2 H 180
1 -2 H 270
20 0 T 180
12 -2 H 90
25 -1 T 180
22 -6 T 0
-2 2 T 180
-5 -5 H 90
11 2 H 270
21 2 H 90
24 -6 H 90
-2 -7 T 270
4 2 T 180
16 3 T 0
17 2 T 90
12 4 H 270
2 5 H 270
25 3 H 270
25 5 T 0
-4 5 T 90
15 5 H 270
22 5 H 0
6 7 H 90
-1 9 H 90
0 -6 T 0
9 7 T 270
17 9 H 90
23 8 T 270
24 8 H 180
5 -4 H 0
10 -1 T 90
3 9 T 270
8 11 T 270
12 10 H 270
19 9 H 0
18 -6 T 90
0 3 T 90
-1 10 T 90
1 -6 H 180
16 -4 H 180
7 11 T 0
24 11 H 180
-2 7 H 180
0 12 T 270
3 14 T 90

11 11 H 90
21 13 T 0

15 12 T 270
9 12 H 270





19 0 H 270






5 -6 H 180







23 -3 T 0










20 12 T 270




2 -2 T 90
22 -6 T 180
-4 -3 H 90






-4 -1 T 90
5 3 H 270




