0 -4 H 0
6 -3 H 0
11 -4 H 270
1 0 H 180
-4 -5 H 90
-4 -7 T 90
8 0 H 180
-1 -7 T 90
16 -3 T 90
4 -6 H 270
23 -5 T 180
-2 0 T 90
9 -4 H 0
18 -1 H 0
5 -5 H 90
19 -3 T 270
24 0 H 180
23 -7 T 270
13 2 H 0
2 1 T 90
-4 1 T 90
21 -6 H 270
14 -7 T 0
17 -2 H 270
20 -7 T 270
18 3 H 0
19 2 T 90
4 1 H 90
6 4 T 90
-5 -6 T 270
-3 4 H 0
19 5 H 90
12 6 H 270
23 6 T 0
0 6 H 0
-4 -4 H 0
16 7 T 180
15 -3 H 0
-2 7 H 180
6 8 T 0
-3 7 H 0
23 3 H 90
8 7 T 180
-2 8 H 0
18 10 H 270
1 -6 H 180
19 -6 T 180
9 10 H 270
10 7 T 0
-2 11 H 90
22 11 T 270




13 11 T 0

