-4 -5 T 90
-1 -5 T 0
0 -6 H 180
6 -6 T 90
14 -3 T 0
13 -6 H 180
16 -7 T 0
16 -5 H 90
2 -4 H 90
4 -3 T 90
8 -2 T 180
0 0 H 180
13 0 H 90
-4 -7 T 90
-1 -6 H 90
10 1 H 90
8 -1 H 270
1 2 T 180
16 -3 T 0
15 2 T 180
16 2 H 270
-5 2 H 90
8 2 T 270
-2 3 T 270
0 -7 T 180
3 5 T 270
-4 6 T 90
7 6 T 0
12 6 H 270
14 6 T 0
10 -7 H 90
21 7 H 270
-1 7 T 90
1 10 T 180
5 8 T 0
13 9 H 180
17 -4 H 180
20 -1 H 0
2 12 H 0
18 11 H 90
8 13 T 90
5 -3 H 180
12 8 T 270
7 6 T 270
-4 12 T 90
-3 -2 T 0
2 15 H 180
8 10 H 180
15 15 T 0
3 -6 H 90
-3 17 H 180
16 17 H 90
10 12 H 270
8 18 H 0
-4 -5 T 0
-4 15 H 0
8 9 T 0
3 20 T 0
9 20 T 90
18 23 H 180



-4 20 T 90

0 20 T 180
2 9 T 180
17 -2 H 270


2 5 H 180
-2 11 H 90

8 -2 T 180

0 14 H 270




4 20 H 180
-7 -3 T 0



0 -3 T 90
17 13 H 0







12 0 H 0



7 12 H 0

8 -4 H 180


