-4 -4 H 270
-1 -4 H 90
1 -5 H 90
6 -4 H 90
12 -1 T 270
8 -5 T 0
1 1 H 0
-5 -7 T 270
0 -7 T 180
14 -5 T 0
15 0 T 180
20 -3 H 90
7 3 H 0
-3 3 T 0
10 3 T 0
1 3 T 180
-4 0 T 90
17 -4 H 0
18 4 H 90
-1 -7 H 0
4 4 H 0
1 -6 H 270
-2 -3 H 180
10 6 H 0
4 -6 H 270
-2 6 T 180
-1 6 T 0
10 7 T 270
4 9 H 270
3 -4 T 180
21 7 H 180
-1 8 T 270
15 11 H 180
4 -2 T 0
3 11 H 90
3 -7 T 90
12 0 H 90
1 11 H 0
7 -7 T 0
12 2 H 90
8 9 H 90
15 6 H 90
8 12 T 180
10 13 H 0
-1 10 H 270
7 15 H 0
13 -7 T 180
10 -5 H 270
0 15 H 0
16 14 H 180
-2 15 T 90
17 14 H 180
16 17 T 270

12 16 H 0
0 0 T 0
3 15 H 180
19 1 H 0
2 18 T 90
7 17 T 270




-4 -3 T 90



14 -4 T 270





-2 0 T 90



0 3 T 0











-2 14 H 180

2 -4 H 270
9 0 T 270
-3 5 T 90

17 -4 T 270
3 23 T 270

15 7 T 270


9 6 T 270

10 10 T 90
0 3 T 180
2 -2 T 180






1 1 H 90


5 4 H 90


-5 19 T 180





16 11 T 180





















2 -3 H 90

16 17 T 0




6 -2 H 90









-3 5 T 180









8 5 H 180





1 10 T 90







-3 11 T 270





















