-4 -6 T 90
-1 -6 T 270
2 -5 H 180
6 -4 T 90
9 -6 H 270
-4 -6 T 90
12 -4 H 180
14 -4 H 90
-2 -1 H 180
-2 -6 H 0
6 -1 T 270
10 -1 H 270
-2 4 H 0
6 -7 H 270
-5 -3 H 180
-2 -5 H 0
3 4 H 180
14 1 T 90
8 -2 H 90
9 2 H 270
5 4 H 270
12 -6 H 270
10 5 T 90
3 0 H 0
3 5 H 90
8 7 T 90
1 9 T 90
12 8 T 180
4 9 T 0
-1 5 T 270
0 10 T 180
10 -6 H 0
14 4 H 90
7 11 H 180
9 11 T 270
13 12 H 180
13 -5 T 90
3 13 T 0
-4 14 H 0
8 13 T 90
-1 13 T 0
5 -4 T 180
-5 -4 T 90
4 14 H 180
12 16 T 270
5 -4 T 90
6 19 T 90
7 18 T 270
13 -2 T 180

0 16 H 0


5 9 T 90



-4 -4 H 90
-3 16 T 90





8 -5 H 270

