-3 -5 H 180
0 -5 T 90
4 -2 H 90
4 -5 H 270
12 -2 H 0
14 -5 H 180
16 -5 T 270
18 -3 H 270
19 -6 T 270
21 -4 H 270
-3 0 H 0
-1 0 H 0
21 -3 T 0
17 -1 T 180
21 0 H 0
11 -1 H 180
5 0 H 90
9 1 T 90
22 5 T 0
-4 2 H 90
2 5 T 180
3 2 H 90
9 -6 T 270
0 -7 H 90
1 -5 H 270
11 4 H 90
15 3 H 270
12 2 T 90
21 -3 H 90
3 5 H 270
9 7 H 180
15 7 H 180
1 9 T 0
23 6 T 180
22 9 H 270
0 -7 H 0
3 11 T 90
17 -2 H 0
-1 11 H 90
9 10 H 0
15 11 H 270
9 5 H 270
21 12 H 0
13 14 H 90
6 -7 H 0
20 15 T 270
8 13 H 180
-2 6 H 180
21 1 T 180
1 15 T 0
10 -7 T 0
13 16 H 90
20 16 H 90
8 18 H 180
22 9 T 180

3 15 T 90
17 18 T 270

-3 18 T 180
-2 19 T 90
4 0 T 270
21 1 H 180
5 18 H 180
21 4 T 180
15 18 T 180
23 18 H 270
-5 0 T 270
16 13 H 0



-1 14 H 180
6 14 T 90
5 12 H 90

5 -3 T 180

16 4 H 180

20 18 T 0
-4 7 H 270





6 -7 H 270
-1 1 H 270

7 6 H 180


22 24 T 270


3 9 H 0



15 -6 T 270

19 7 T 90

-6 16 H 270
-3 13 T 90










5 2 T 270
10 4 T 90












12 -5 H 90





3 3 T 0






1 17 H 270



18 -5 H 90












-5 -3 T 90


















3 19 H 270
13 5 H 0

10 14 H 270


21 -4 T 0


-1 -2 H 180


