-2 -3 H 180
0 -5 H 90
2 -6 T 180
-1 -2 H 180
6 -6 H 90
3 -3 H 0
10 -3 T 0
3 -6 H 180
16 -2 H 90
5 -6 H 270
17 -5 H 180
19 -5 H 180
7 -5 H 90
19 -6 H 0
12 -6 H 0
22 -3 H 270
7 -4 T 90
5 1 H 180
12 2 H 180
17 -1 H 180
14 -7 T 90
0 1 H 0
22 0 T 270
15 3 H 90
4 4 H 0
17 -4 H 180
9 5 H 90
7 -1 H 90
-1 5 T 180
13 7 H 90
2 8 T 0
21 -6 H 270
18 7 T 0
19 6 H 90
-4 -4 H 270
17 -7 T 0
12 9 T 90
3 9 T 90
24 -3 H 0
1 11 T 0
24 9 T 90
14 12 H 270
-4 10 T 180
9 9 T 180
4 12 H 90
9 12 H 0
20 -5 T 0
18 14 H 0
0 16 T 0
3 15 H 0

14 16 H 180
7 15 T 180

19 14 T 180
9 -2 H 0






-3 0 T 90


0 -5 H 90




9 2 T 270
18 -4 T 180
14 0 T 180


19 3 T 270

3 4 H 0

2 -2 H 0


16 4 T 0
2 6 H 180









10 -4 H 0

3 -3 H 90







