-2 -3 H 0
-6 -7 H 0
-2 -6 H 270
0 -5 H 270
4 -5 T 90
6 -2 H 0
10 -5 T 270
0 -5 H 270
13 -6 H 0
3 -4 H 180
15 -2 H 270
-3 -1 H 0
4 -1 H 180
10 -1 H 270
15 0 H 180
5 1 H 0
-2 2 T 0
1 3 T 0
9 4 T 180
12 5 H 180
7 6 H 180
-1 5 T 270
17 6 T 270
3 9 T 90
10 9 T 270
15 -6 H 0
-3 12 H 270
19 8 T 270
7 11 H 90
15 -3 H 90
1 14 H 270
7 -6 T 180
15 13 H 90
8 12 H 90
5 15 T 180
-3 16 H 0
10 15 H 180
16 14 T 90
15 2 T 0
1 3 H 180
1 17 H 0
11 8 H 180
14 -7 H 90
7 17 T 0
10 2 H 90
14 18 H 90
9 -4 T 0
-3 17 T 180
3 19 H 90
8 17 H 270
15 18 H 180
-3 21 T 180
-2 22 T 0
9 21 T 0
16 22 T 270
4 24 H 270
9 24 H 0

-3 24 T 270
-4 8 H 90
11 21 H 90

17 29 H 0



-1 1 H 270



16 -1 H 90







-4 -7 H 270
19 21 T 0

0 -7 T 270


4 -5 H 0

15 3 H 270
-4 4 T 270




8 -4 T 270


5 24 H 270





18 4 T 180







5 0 H 180


-4 -1 H 270


17 -7 T 90
-1 19 T 270

7 24 H 0
-5 -4 H 270
12 14 T 0











2 8 T 270




12 -3 T 270

