-6 -6 H 90
-2 -4 T 270
0 -4 T 90
3 -3 H 0
4 -6 T 90
8 -4 H 0
11 -4 T 0
3 -1 H 270
16 -5 H 0
19 -1 H 270
20 -3 H 180
5 -7 H 0
22 -5 H 180
12 -1 H 90
14 -7 T 0
29 -2 H 180
-2 -1 H 0
21 1 T 270
15 1 H 180
-2 3 H 180
12 -4 T 270
6 0 H 90
16 -6 T 0
-4 -3 H 0
26 2 H 90
5 2 H 90
8 3 H 90
18 3 H 180
25 2 T 180
0 3 H 0
3 -5 T 90
10 4 T 0
22 6 H 270
2 6 T 90
12 5 T 270
23 -5 H 0
15 5 H 180
-5 -7 H 90
-4 2 H 0
4 9 H 90
-1 6 T 180
25 5 H 90
19 7 H 270
8 6 T 90
7 -7 T 0
17 8 T 270
11 -2 H 180
14 -5 T 270
22 7 H 0
-4 11 T 90
9 9 H 0
21 11 H 90
6 6 T 270
9 -2 H 0
21 -2 T 180
15 11 H 180
28 -3 H 0
26 12 T 270
1 8 H 0
4 13 T 270
25 8 H 0
8 14 H 180
17 12 H 0
2 1 H 180
13 15 T 270
23 14 T 180
25 8 H 90
0 13 H 90
11 9 T 270
3 15 H 270
4 13 T 180
12 15 H 0
17 16 T 270
24 17 H 0
20 -4 H 90
-3 18 T 90
26 -6 H 180
12 18 T 270
8 17 H 180

-1 -5 H 180
18 3 H 0
19 17 H 0
2 18 T 180


0 17 H 0
16 10 H 0
12 19 H 90
16 24 H 90
24 -6 H 0
7 19 H 180


18 -1 T 90
-4 8 H 90





23 22 H 0
20 12 H 0











3 12 H 180
28 15 T 90




1 23 T 180
22 3 T 270

5 14 H 270


0 -4 H 270
14 14 H 90




12 -4 H 0
25 19 H 270


6 16 H 0







13 -5 H 270
11 0 H 180
-3 23 H 90






1 20 H 90
11 16 T 270














19 -1 H 90






-3 21 H 180





25 4 H 0
6 5 T 180




-1 10 H 0






















26 -4 H 0





17 21 H 270














15 -3 H 180







17 -4 H 270



