-3 -3 T 90
4 -4 H 180
7 -2 H 180
13 -3 H 0
-2 -1 T 90
12 0 H 90
2 3 H 270
11 0 T 90
-5 -7 T 180
-2 4 T 90
5 -4 H 0
-6 -6 H 270
12 0 T 90
-6 1 T 90
9 5 T 270
9 1 H 0
14 3 T 180
2 8 H 270
11 7 T 180
4 0 H 180
5 6 T 0
-1 -6 T 0
14 7 H 270
0 -6 H 180
-3 7 T 270
-3 -6 H 0
1 10 H 180
3 -7 H 270
6 7 H 0
9 11 H 0
5 12 T 180
-4 11 H 0
13 0 T 180
13 15 T 90
1 1 H 270
0 13 H 270
5 14 T 270
8 6 H 180
9 15 H 180
0 7 H 180




-5 15 T 180



1 -1 H 90
14 8 H 180
-6 7 T 0
11 15 T 0
7 2 H 270

4 -6 T 90



10 10 T 90


0 11 H 180




1 15 H 90


13 -4 H 0




13 4 H 270

-3 1 T 270




13 13 H 180


12 3 H 180

0 10 T 270

11 -7 H 270










6 -5 H 180
15 3 H 90
14 6 T 90



12 -5 T 270


3 16 T 0




13 10 T 180









-3 -2 H 90




-1 10 T 0







8 -4 T 0
11 -4 T 0




2 -1 T 0
3 -2 H 270

5 -1 T 180
5 15 T 90





2 12 H 180


3 2 T 0
17 17 H 180


12 19 H 270











