0 -4 T 0
-2 -6 T 90
2 -6 T 90
7 -5 H 90
11 -2 H 270
4 0 H 180
12 -4 H 90
0 -1 H 270
5 -4 H 0
12 -1 T 270
7 -2 H 0
-6 -6 H 0
14 -3 H 90
8 3 T 270
-4 0 H 0
2 4 H 90
1 -2 H 0
14 4 T 180
-2 6 H 180
18 3 T 0
6 7 H 180
13 -6 T 90
9 8 H 90
4 -2 T 90
12 10 T 180
-2 8 T 180
8 10 T 270
0 11 T 0
17 13 T 0
2 13 T 0
7 14 T 0

9 7 T 270
-4 -1 H 270

13 1 H 180

8 -7 T 270
-1 14 H 180
14 14 T 90

14 -5 H 90

0 -7 H 270
14 9 H 270





2 8 H 0
11 13 T 270





-1 0 H 90




-1 -3 T 90

-6 -5 H 90
14 2 H 180



14 6 T 0

-3 2 T 180
8 -2 H 270









11 0 T 270


-1 8 H 270





1 -5 T 180


6 -5 H 90


3 11 H 180


13 -4 T 0


















-3 -2 H 0
7 10 T 90


-4 14 T 180

-2 -3 T 90
2 -2 H 90

9 3 T 0




1 2 T 0




-4 1 T 180


8 -3 T 0









-1 1 H 0





-2 11 H 0



2 3 H 0




4 -2 T 0








7 10 H 180







6 11 H 90



12 13 T 90



-1 12 H 180


6 -2 H 90















16 11 H 90


14 -1 H 0






































