-2 -3 T 180
4 -3 T 180
8 -4 H 0
14 -2 H 0
16 -3 T 180
21 0 T 0
6 -1 H 180
12 -6 T 270
-4 -6 H 90
12 -1 H 90
-2 -5 T 180
15 -5 T 270
19 -5 T 0
-2 -2 T 90
16 1 H 0
-2 0 H 180
20 2 T 90
1 3 T 180
-5 1 T 270
4 4 H 90
6 0 H 0
10 2 H 90
16 4 H 0
3 -1 H 0
20 5 T 90
7 -1 H 0
0 -6 H 90
9 6 T 180
2 -6 H 90
-1 -3 H 0
3 -4 H 270
-2 5 T 90
4 -5 T 270
14 -6 T 0
0 6 T 180
14 6 T 270
14 5 H 0
4 11 T 0
10 -7 T 180
19 7 H 90
12 8 H 90
10 10 H 0
-2 10 H 180
16 9 H 180
17 10 H 180
11 11 T 90
14 7 H 180
-1 13 T 180
5 4 T 180
2 12 H 270
6 13 H 90
19 14 H 180
-4 14 H 0
11 15 H 90
2 16 H 270
19 13 H 180
2 17 H 90
12 -6 T 0
16 18 T 0
7 15 T 180
15 12 H 180
16 -4 H 180
21 -5 T 90
5 18 H 270
11 17 T 90
21 18 T 180
21 -4 H 180
20 0 H 270
-1 19 H 180
14 21 H 90
2 21 H 270
-3 6 T 90

1 9 H 90
9 7 H 0
-4 17 T 0

19 15 H 180
6 23 H 90

17 21 H 270

10 21 H 0
1 -3 T 90
11 8 H 180




9 5 H 180



-1 9 H 180



-5 0 H 270

-4 -4 T 0
-1 22 H 90
16 -1 T 270
17 6 H 270




13 10 H 270


-1 0 H 180

19 22 H 0



-1 10 H 0
9 1 T 180





5 11 T 0

10 21 H 90





2 -5 T 270







20 23 T 90
16 14 H 90









-7 14 H 180
-1 3 T 90
11 -4 T 180
-1 3 T 90



21 6 H 0

13 -2 H 180
21 11 H 90






-2 9 H 180





22 -2 H 0
13 21 H 0




6 9 H 270

9 13 H 90
5 21 H 90
16 -3 T 180













-2 -1 T 0

12 13 H 180


