14 -5 T 0
14 -4 H 180
12 -2 T 180
19 -1 H 90
21 -1 H 180
5 -2 T 180
1 -3 T 180
-1 -4 T 0
-2 0 T 90
10 -1 T 0
8 -1 T 90
5 1 H 270
15 3 H 180
18 3 T 270
7 4 H 90
0 4 T 0
19 5 H 180
5 -6 H 0
7 -1 H 90
21 -6 T 270
5 9 H 0
-6 -1 H 0
17 8 T 270
-2 8 H 0
11 8 H 90
17 10 H 0
-5 -5 T 90
13 -3 T 270
-2 11 T 270
6 12 T 180
17 -3 H 90
19 1 H 180
-6 -5 H 0
23 10 H 0
11 -3 T 180
10 12 T 90
18 -4 T 90
13 11 T 270
-2 13 T 270
-1 -1 H 0
14 14 H 270
0 4 T 90
2 14 T 270
12 4 H 0
21 16 H 90
4 -1 T 180
7 16 T 0
2 17 T 180
-1 15 T 0



19 10 T 0



10 18 H 0
15 17 T 90




-1 5 H 0
5 -1 H 180

12 6 H 180



-3 2 T 180

4 -6 H 0

22 -3 T 0



12 19 H 90
13 12 H 90

13 -6 T 90

-1 17 T 270
1 10 H 270
15 1 H 180


16 -6 T 90
6 7 H 270

18 -5 H 180

5 -6 H 270
8 11 T 270






17 13 T 90
20 2 H 0












-4 -4 H 270




18 0 H 270
17 17 T 0
6 3 T 90


20 20 H 180



5 -3 H 0




-4 11 T 180

-2 -2 T 270



6 -2 T 0





15 13 T 180

-1 0 H 270
7 3 H 0

9 0 T 90



2 13 H 0

22 4 H 270

0 11 H 90






-1 15 H 270




-1 2 T 0






-6 0 T 90









22 13 T 270


















15 15 H 270
12 1 H 180


2 17 T 270


11 6 H 90










12 4 H 0
