-2 -6 H 180
0 -2 T 180
-6 -7 H 0
3 -5 H 0
7 -2 H 270
-5 -6 H 0
11 -4 H 90
14 -5 H 90
13 -5 H 270
22 -5 T 0
0 -5 T 0
-5 -2 H 0
3 -7 H 180
23 -6 H 90
0 -5 H 180
16 -1 H 180
4 -2 T 180
-1 -2 H 0
8 0 T 0
20 -2 H 180
0 0 H 90
12 1 T 270
21 -1 H 180
1 2 H 0
5 2 T 180
21 0 H 180
16 2 H 0
-2 4 H 180
21 4 H 180
4 5 H 180
6 4 T 180
2 -5 T 90
12 4 H 270
8 5 H 180
15 5 H 270
7 7 T 90
3 7 H 180
-2 7 H 180
18 6 H 0
10 9 H 270
15 9 T 90
19 9 H 270
7 9 T 90
-3 11 H 270
22 10 H 90
5 12 T 0
2 -3 H 90
19 -3 T 180
13 10 T 0
10 12 H 180
9 -1 T 180
13 14 H 0
13 -6 H 270
17 13 T 90
-1 14 H 270
6 15 H 180
9 17 T 0
20 15 H 0
22 0 T 180
5 16 H 270
15 15 T 180
-1 18 H 180
14 17 T 90
6 -6 H 270
22 16 T 270

7 19 T 0
20 19 H 270
24 20 T 180
5 19 H 90



11 17 T 180




8 -3 T 0
10 21 H 270



9 -7 T 0



18 -2 H 180





18 -5 T 90
20 -1 H 90
-1 2 H 0
-1 3 T 270






7 1 T 270





22 3 T 270

9 -6 T 0


-5 5 T 180



-4 -3 T 180
3 11 T 90


-5 13 T 0
9 -4 H 90




-4 19 H 180



12 21 T 0






21 7 T 180
















