-5 -5 H 90
-3 -4 H 90
0 -5 H 90
3 -5 T 0
5 -4 T 90
8 -3 H 180
11 -5 H 90
16 -3 H 180
2 0 T 270
5 -7 H 270
16 -5 T 90
-1 -7 H 90
17 -2 H 90
-2 -2 T 0
12 -1 T 270
8 -1 H 180
2 -5 T 180
0 0 H 0
0 0 H 180
0 -3 H 0
4 1 H 90
7 -7 H 0
15 1 T 0
2 3 T 90
9 4 T 180
20 4 H 180
-2 5 H 180
14 6 H 0
2 7 T 0
-3 2 T 0
8 7 T 0
7 -5 H 180
18 7 H 180
-2 10 T 90
10 8 T 0
3 7 T 90
4 9 T 180
17 10 T 270
16 10 H 180
-1 14 T 90
8 13 H 270
11 -7 T 90
12 13 T 270
12 14 H 90
4 13 H 90
17 7 T 180
11 -3 T 90
17 14 H 180
14 -5 H 180
17 0 T 270
0 14 T 270
19 -6 T 180
5 16 T 270
4 -5 H 270
-2 12 T 90
13 17 H 270
14 17 H 90
14 -5 T 270
-2 17 H 0
4 20 T 0
13 8 T 90
-2 -5 T 270
11 17 H 0
18 20 H 0
10 23 H 270
-1 8 H 90
-2 20 H 180
14 18 H 180

