-5 -5 H 270
-3 -6 T 270
-2 -7 T 180
1 -2 H 90
5 -3 H 180
10 -2 H 0
14 -6 H 0
17 -6 H 270
4 -6 T 180
12 -2 H 180
22 -3 T 90
15 -5 T 0
20 -2 H 90
7 -5 T 90
0 -3 H 0
3 -3 H 90
2 -1 H 180
-2 -1 H 180
10 1 T 0
8 1 T 0
13 1 H 180
16 1 H 180
-2 2 H 0
19 2 H 180
1 3 H 90
6 -6 H 180
7 6 T 0
8 2 H 270
13 5 H 180
18 4 H 0
-3 6 H 270
2 6 H 0
18 -7 H 90
11 6 H 0
18 6 H 270
-1 8 T 0
20 8 H 180
3 11 H 180
9 10 H 180
14 10 H 0
-3 11 H 270
22 12 H 270
19 5 T 90
4 13 H 270
22 -6 T 0
10 -6 H 90
9 11 H 270
-2 12 H 270

-4 -6 H 270
13 14 T 180
17 5 H 270



-4 5 H 0
21 -1 H 270

4 -5 T 90
0 13 H 270




15 13 H 0
19 9 H 90


0 5 T 0
3 4 T 180

8 -4 H 270



5 1 H 0
10 1 H 90



8 -6 H 180


-4 -5 H 270

2 6 T 90
14 -3 T 0
18 2 H 90
21 4 H 180
10 -2 T 0
6 5 H 0
12 16 T 180

18 9 H 0



