-4 -7 T 270
-5 0 H 0
1 -2 H 0
4 -4 H 180
9 -3 H 180
-1 -4 H 0
12 -4 H 0
8 1 T 0
12 -2 H 0
9 0 H 0
1 -6 H 180
8 -2 H 0
0 2 H 0
3 5 H 180
13 4 H 0
6 3 H 0
5 -5 T 180
9 4 T 0
7 6 H 180
13 6 H 90
2 -5 H 0
15 2 H 0
0 6 T 90
7 -7 T 0
6 -6 H 270
12 -6 T 270
-2 8 H 90
7 8 T 0
0 10 H 180
11 8 T 90
14 -5 T 90
4 11 H 180
0 12 H 180
11 10 T 270
6 13 T 0
-2 14 T 180
10 14 T 270
15 15 T 180
7 14 H 180
0 -3 T 270
5 17 H 0
-3 14 H 0
7 19 H 180
16 17 T 0
12 -4 H 270
0 18 T 0
-2 20 H 90
13 17 H 90
6 19 T 90

11 -2 H 180




7 20 H 180

9 20 T 90

10 20 H 90

3 -2 H 90
3 2 T 90
-1 -2 H 0
-5 5 T 0
9 2 H 90



7 7 H 90





7 4 H 90



-5 0 H 90


12 5 T 180


13 11 H 270



3 22 H 270
4 7 H 270

6 18 H 90






10 19 T 0

13 21 H 0



3 0 T 270











8 -1 H 0
15 0 H 0




-1 5 H 270




-5 9 H 180












-1 11 H 180













-4 14 H 90




2 14 H 270







-4 16 H 0



2 16 H 270



11 18 T 180
-5 1 T 0


5 1 T 270







12 16 H 90




2 2 T 0


5 4 H 90
12 3 H 90













-4 3 T 0
4 3 H 0








-3 23 H 270


12 3 H 270










0 5 H 180



-6 5 T 270












