-3 -3 H 270
1 -5 T 180
3 -3 T 180
-3 -7 T 0
-2 -5 H 90
10 -5 H 90
10 -5 T 270
10 -2 H 270
3 -7 T 270
2 -7 H 180
15 -1 H 180
17 -5 T 270
21 -3 H 90
23 -3 T 90
12 -6 H 270
-2 0 H 90
5 -3 H 180
13 -6 H 180
15 -6 H 0
7 -1 T 0
1 -1 H 90
21 -1 T 180
2 2 H 270
5 1 T 270
-3 2 H 90
14 2 H 0
17 2 T 180
24 2 H 270
8 3 H 0
2 4 T 180
24 -4 H 0
19 4 T 270
-1 5 T 90
12 0 T 270
11 -2 H 0
10 5 H 90
14 8 H 0
18 -7 T 90
17 4 H 0
-1 -5 H 90
21 -2 T 0
22 6 H 90
3 7 H 270
14 0 T 90
0 9 T 90
-3 8 T 270
19 7 T 180
9 8 T 0
-7 0 H 180
23 8 T 0
3 11 T 270
0 9 T 180
-4 2 H 90
18 11 T 180
13 11 H 90
21 1 H 90
6 5 H 180
3 11 H 270
9 11 T 180
24 11 H 0
-2 14 H 180
11 13 H 180
4 13 H 90
13 16 T 270
-2 15 H 270
8 17 H 270
19 15 H 0
7 -4 H 270
16 -7 T 180
25 14 T 0
22 -6 H 270
23 15 H 270
17 16 H 270

1 16 T 0


15 14 H 180
25 16 T 270




7 18 H 0




15 16 T 180
22 -7 H 180






0 -6 T 180
4 5 T 0





