-4 -6 H 0
-1 -5 H 90
-1 -6 H 0
1 -6 H 90
4 -5 T 0
10 -2 H 180
13 -6 T 0
-2 -3 T 180
4 -4 T 270
14 -2 T 90
3 -1 H 0
17 -3 H 0
9 0 T 90
17 -1 T 90
-4 0 T 270
9 -5 T 180
1 2 H 90
14 3 H 0
3 4 H 270
-5 3 H 180
8 4 H 0
5 -7 T 0
16 4 H 0
8 6 H 270
1 8 H 180
8 5 H 270
17 7 T 180
9 8 H 0
9 -4 H 270
-6 6 H 90
3 10 H 180
4 -7 H 180
-2 9 H 270
13 11 H 270
-1 10 H 90
5 11 T 0
-3 13 T 90
10 14 H 90
1 -1 T 270
11 -2 T 180
15 11 H 270
3 13 H 0
16 14 T 270
0 17 H 270
9 16 H 270
15 7 T 90
14 17 T 90
13 -7 H 180
-3 15 H 180
11 17 H 0
0 16 T 90
2 15 H 90
4 18 H 180
0 20 T 0
