-1 -4 T 90
3 -3 T 90
7 -3 H 180
-2 -5 H 270
11 -3 H 270
17 -3 H 0
20 -6 H 0
20 -1 H 0
1 -1 T 270
21 -3 T 270
7 1 H 0
-2 -1 H 90
15 1 T 0
3 2 T 180
12 2 T 0
23 2 H 180
6 -6 H 270
7 -3 T 90
0 4 T 0
16 3 H 90
-4 -6 H 270
7 4 H 270
11 6 T 90
9 -6 T 0
20 6 H 0
16 6 H 270
17 1 H 0
10 0 T 180
7 -6 T 180
-4 4 T 90
-3 1 T 270
22 4 H 270
2 7 H 270
7 8 T 90
22 9 H 270
9 9 H 90
15 7 H 180
4 6 T 270
18 2 H 270
1 -7 T 270
5 -7 H 90
0 10 H 90
0 11 T 180
15 -7 T 90
17 8 H 0
17 10 H 270
4 13 H 180
10 11 T 90
22 11 T 180
-1 15 T 90
8 13 T 270
-3 4 H 180
11 14 T 270
16 15 H 0
-4 8 H 90
18 13 T 90
1 15 T 270
21 14 T 180
4 17 H 0
19 -4 H 90
8 16 H 90
23 0 H 90
15 16 T 180
12 18 H 0
-4 18 H 0
18 20 T 0
2 18 H 0
21 19 T 90



6 21 T 0
23 -4 H 0




13 -3 H 90

0 14 T 270

-2 6 H 180

12 4 T 90
10 19 T 90
20 -7 H 0








2 -6 T 90






22 11 H 180

14 19 H 0










0 0 T 90






3 5 H 180







1 -1 H 90


-4 -3 H 180

6 -2 T 270
-2 -4 H 270

20 16 H 0
11 -3 T 270








18 -5 H 0


22 -1 H 180


15 -3 H 0






9 -1 T 180



1 11 H 270


-4 -2 H 270

1 3 H 90

2 22 T 0











-3 4 H 0










2 3 H 270


13 -1 H 270


