-6 -7 H 90
-2 -4 H 180
1 -5 T 180
5 -4 H 90
-2 -7 H 0
8 -5 T 90
13 -4 H 270
0 -1 H 0
13 -6 H 90
15 -4 H 90
10 -1 H 0
16 -1 T 0
7 -3 T 90
4 0 H 0
7 2 T 180
-5 1 H 180
6 -7 T 180
12 -2 T 90
15 -4 T 180
15 1 T 270
-1 4 T 90
3 4 H 90
15 4 H 270
11 5 T 90
5 7 T 90
12 7 H 90
0 7 T 90
17 11 H 270
-4 -2 T 90
3 10 H 90
15 1 H 180
0 5 T 90
5 11 H 0
11 12 H 90
3 -5 H 0
-3 13 T 0
14 10 H 0
3 11 T 180
6 14 H 0
9 14 T 180
3 -4 T 270
0 15 T 180
-3 5 H 270
11 -4 H 0
14 18 H 180
-5 11 H 0

10 -3 T 180
14 -6 H 180
20 5 T 90

4 2 H 180
5 15 H 180


16 4 H 270
