1 -6 H 0
4 -7 T 0
0 -5 T 180
-5 -7 T 180
4 -4 T 0
8 -2 H 0
14 -3 T 180
10 -6 T 0
8 -4 H 270
16 -5 H 180
20 -4 H 0
19 -5 H 270
13 -4 H 180
5 -1 H 0
9 -7 H 0
14 -4 H 0
-4 -4 H 270
17 0 H 0
0 1 T 180
6 0 H 90
10 1 H 90
13 1 H 0
4 2 T 0
1 -3 T 270
20 0 T 90
15 -6 H 0
14 0 T 90
15 1 H 270
-3 2 H 180
18 4 T 90
1 5 H 0
11 5 T 270
7 6 H 0
18 5 T 270
-2 8 T 90
4 8 H 0
13 9 H 180
22 8 H 180
0 3 H 180
4 -1 H 180
16 11 H 270
1 11 T 270
6 12 T 0
12 12 T 90
13 4 T 0

-1 12 T 90



17 -7 T 0

19 12 H 270



1 11 T 0


-4 -1 H 90



21 -7 H 0


-5 8 T 270
15 -4 H 180
18 -1 H 90


2 7 T 180



7 1 H 180


3 12 H 270


2 3 H 180



-1 2 H 270



15 2 H 180


8 -2 T 270

-2 8 T 0







15 7 H 270


14 11 H 270


-6 -6 H 90

7 -6 T 180




5 3 T 180










5 3 T 270




18 10 H 90









15 4 T 270






2 6 T 90



11 8 T 270


11 12 T 0















1 9 T 0






