-5 -6 T 180
0 -4 H 90
2 -6 H 180
2 -4 H 270
4 -3 H 90
4 -3 H 90

8 1 H 270
5 -7 H 0
12 -3 T 0
15 -6 H 0
18 -4 T 90
18 -5 H 0
22 -5 H 90
22 -5 H 90
13 -2 T 0
20 -1 H 270
0 2 H 180
-3 0 H 180
25 -3 H 90
3 0 H 270
-5 -4 H 90
10 1 H 180
24 1 T 270
-3 2 H 180
10 -2 T 90
13 0 H 90
20 4 H 0
6 -7 T 270
5 3 T 180
21 3 H 270
12 4 H 180
11 5 H 0
20 5 H 90
5 -5 T 270
0 6 T 0
7 6 H 270
7 6 H 270
15 7 T 270
22 6 H 90
21 8 H 0
2 9 T 90
8 9 H 90
23 -6 H 180
8 1 T 270
17 -4 H 90
13 10 H 0
17 9 H 270
12 -5 H 270
23 10 H 90
22 7 T 90
14 -6 H 90
-3 6 T 90
-1 11 T 90
-3 9 T 90
21 8 H 180
23 -6 T 0
21 0 T 180
10 13 T 0
2 12 T 270
14 13 H 90
25 3 H 180
22 14 H 270
5 -4 T 0


-2 19 T 0
13 11 H 0

16 11 H 180
4 2 H 0

22 11 T 0


16 14 H 90

22 14 H 270
-3 2 T 180
-6 1 T 180








15 1 T 270
-1 -6 T 0




9 14 T 0







2 -3 H 90

3 14 H 270

10 -3 H 0
4 12 H 180




-5 6 T 270



11 13 H 270










8 14 T 270
10 16 T 180



19 19 T 270







1 6 T 0

11 13 H 270



3 4 T 180




15 -5 T 180









16 -3 H 90






21 -5 T 0










18 9 H 180













23 14 H 270
-1 8 H 0
18 13 H 270










