-4 -6 T 180
2 -3 T 90
-5 -6 T 90
8 -2 H 0
8 -2 T 180
12 -1 H 270
-5 -4 T 0
-3 0 H 270
10 2 H 270
2 0 H 0
15 2 H 90
6 -7 H 180
1 5 H 90
10 5 H 180
0 4 H 270
-6 0 H 270
18 6 H 90
6 -6 T 270
1 -5 T 0
1 9 H 90
2 -7 H 90
6 7 T 0
14 9 H 270
-1 10 H 270
15 -4 H 270
5 -5 T 180
0 -5 H 0
8 14 T 180
8 12 H 90
0 13 T 270
12 15 H 0
5 -5 H 90
-1 16 H 270
6 7 T 90
3 16 H 0
16 14 H 270


13 16 T 180
6 -1 T 180

6 -6 H 0


7 -4 H 0

0 6 T 270





3 -3 T 90
3 -2 T 270
9 -5 H 90

-3 3 H 270
16 -3 H 90
16 -1 H 0
4 9 H 180




-4 11 T 90







5 17 H 90
13 16 H 90



3 1 T 180


2 -2 H 180
4 13 T 90




1 15 T 270



12 16 T 180

-5 2 T 270


3 2 T 90




16 16 T 0


