-4 -4 H 180
1 -5 T 90
6 -3 H 270
9 -3 H 270
11 -2 H 0
-2 -2 T 270
14 -6 H 90
2 1 H 180
7 -6 H 90
8 0 H 180
-5 -1 H 0
5 2 T 270
-5 -7 T 0
0 4 H 90
11 2 H 90
2 -5 T 270
13 3 H 180
5 -4 T 0
4 4 T 90
10 7 H 180
15 7 T 270
0 4 T 90
9 -6 H 0
0 6 T 270
1 8 H 180
9 -7 H 0
3 6 H 270
5 -3 H 0
7 9 T 270
2 10 T 180
12 10 H 0
-4 8 T 180
-3 11 H 270
1 -4 H 0
6 9 H 270
7 12 T 270
-1 13 H 270
10 15 H 270


0 14 T 180
-2 13 T 0


15 -4 H 180


5 13 H 180



-4 7 T 180
7 14 T 90
13 14 T 90
6 0 T 0








7 2 H 90

5 -6 H 270
9 6 H 0
12 19 H 180

1 14 H 270
7 8 T 90



3 9 H 270













-4 -4 T 0
11 10 T 180


12 -5 H 0


15 14 H 0


-3 -3 T 270










12 -4 T 180
1 1 H 90













0 1 H 180




3 -2 T 270

11 3 T 180

12 -3 H 90





