-5 -6 T 90
-1 -4 H 0
2 -6 H 180
4 -5 H 90
7 -4 T 0
10 -5 H 90
11 -3 T 270
11 -6 T 270
12 -7 H 0
15 -2 H 270
16 -6 H 90
-3 -4 H 90
-3 -6 T 270
0 -4 H 0
4 -2 H 90
-1 -5 T 90
7 -4 T 180
-2 1 H 270
2 1 T 180
8 1 T 0
18 -3 H 90
14 1 H 0
16 0 T 90
2 2 T 90
17 0 T 270
6 3 H 270
-4 5 H 0
13 2 H 90
16 5 T 270
1 4 H 90
4 6 H 270
11 4 T 180
17 -6 T 0
13 5 H 90
-2 8 H 270
-1 8 T 0
17 7 T 270
19 -5 T 270
6 -5 H 90
2 -3 T 180
2 6 H 270
10 7 T 270
15 9 H 0
4 11 T 270
9 11 T 0
-2 13 H 90
14 13 H 180
-1 14 H 270
6 14 H 270
-1 1 H 0
8 -4 H 0
15 15 H 90
0 17 T 180
3 11 H 0
9 15 H 90
13 15 H 0
10 16 T 270
14 -3 T 90
3 19 T 90
17 19 H 90
12 -2 H 180
6 17 H 0
5 19 H 180
9 21 T 0
-3 19 T 90

16 21 T 180
0 21 T 180

16 20 H 0
13 10 H 180
19 15 T 270

-7 2 T 270



-3 19 T 90






0 10 T 90

13 -1 T 270
5 13 H 0
4 21 T 180

12 1 T 90
3 0 T 0

8 2 T 270
18 8 H 270
-2 4 H 90
16 20 H 0



16 3 T 270
-5 21 T 270









11 13 H 180






11 15 H 180
