-6 -7 T 270
-4 -7 H 90
2 -1 H 270
8 -1 H 0
6 -6 H 270
13 -4 T 0
-1 -6 T 270
14 -5 T 270
4 -5 H 0
14 -2 H 270
17 -3 T 270
20 -5 H 270
10 -7 T 90
13 -6 H 90
21 0 H 180
-4 0 T 0
16 -4 T 0
13 2 H 0
4 2 H 0
-1 -4 H 0
18 2 T 0
4 4 T 0
8 6 T 0
8 4 T 180
0 0 H 270
18 5 T 90
-4 5 T 270
19 7 H 0
13 6 H 270
17 -6 T 270
5 -5 H 270
2 8 H 0
20 9 H 180
8 11 H 270
6 7 H 180
14 9 H 180
0 12 H 0
16 12 T 90
20 11 H 270
10 -1 H 90
5 1 H 90
-2 14 H 0
3 -1 T 180
-4 -3 T 270
20 12 T 180
9 14 H 90
0 15 H 90
15 10 H 0

10 -7 T 0
14 13 H 0


18 -1 T 180
-6 9 T 180

1 13 T 0


16 14 H 0
9 8 H 180
23 2 H 180






