-4 -5 H 270
2 -4 H 180
5 -4 T 0
11 -2 H 180
13 -4 T 270
3 -1 T 180
16 -5 T 270
18 -3 H 90
-4 -1 T 90
8 -6 T 270
6 0 T 270
12 2 T 270
17 1 T 90
-3 -6 T 0
13 -1 H 0
-2 -6 T 270
1 1 H 270
8 3 T 180
-1 3 H 180
3 4 T 90
12 4 H 0
5 5 T 0
18 6 H 0
2 -7 H 270
0 7 T 90
11 5 T 180
20 6 T 90
19 -5 H 270
2 6 H 90
-2 4 H 180
9 7 T 180
4 8 T 270
16 10 T 0
0 9 T 0
4 -6 T 270
11 -7 T 270
15 -5 H 0
12 10 H 180
-1 12 H 270
20 12 T 90
-1 -5 H 0
5 12 T 90
0 14 T 0
17 14 H 0
0 -4 H 0
10 15 H 270
16 14 H 270
-2 17 H 270
0 10 H 270
3 15 T 0
7 -2 H 90
19 17 H 90
6 14 H 0
12 19 T 180
7 19 H 270
3 20 T 0
-2 20 H 270
19 19 T 270
9 22 H 90






13 -4 H 90
12 20 H 270


19 20 T 0

6 5 H 180
17 -6 T 180




20 -4 H 270
