1 -5 H 180
-1 -6 T 90
-3 -6 H 90
5 -3 T 180
0 -6 H 180
2 -2 H 270
5 -6 H 180
7 -1 T 90
14 -3 H 90
15 -4 T 0
11 -1 T 90
-1 2 H 0
17 1 H 90
0 4 H 270
3 3 H 180
7 3 T 0
-1 -6 H 270
14 4 H 0
16 5 H 270
8 7 H 90
-3 6 T 180
-1 10 H 180
10 -4 T 0
5 7 H 180
12 8 H 180
15 -6 T 270
2 -7 H 0
3 9 T 0
9 9 H 270
3 6 H 90
15 10 H 0
11 -4 H 0

8 5 H 270
2 -7 H 0
-3 10 T 90
16 8 H 90

7 -3 T 90


17 -5 T 0
-3 -3 H 180


6 12 T 270

5 -7 T 270
-2 12 T 0

14 -1 T 0


-4 3 H 90
9 11 T 0


12 11 H 180

-1 3 H 0
15 -1 H 180
12 12 T 270
4 12 T 180





12 -6 T 270




7 3 H 0
2 -6 T 90
10 1 H 180




15 12 H 180
-4 -5 T 90
11 -4 T 90
6 4 H 0






8 -2 H 90





-3 -3 T 270
















20 7 T 180


0 -2 H 90













2 -4 H 90




4 -2 H 270
