-1 -3 T 270
3 -6 H 90
8 -6 T 270
14 -3 T 180
-5 -6 H 90
13 -6 T 0
7 -4 T 0
2 -4 H 0
12 -3 H 90
-1 -2 H 180
3 0 T 0
11 -1 H 180
15 0 T 0
13 -2 T 180
-2 2 H 180
7 1 T 270
1 3 H 90
7 2 T 0
5 3 T 180
10 5 T 0
-4 4 H 180
4 5 T 180
-3 -6 H 90
-1 -7 T 180
6 7 H 0
13 3 H 0
0 -6 T 90
14 7 H 180
-2 6 H 0
7 -7 T 270
-5 8 H 0
2 9 T 270
10 10 H 0
14 10 T 0
0 11 T 0
4 -6 H 0
2 10 H 180
1 14 H 180
3 11 T 180
10 12 H 180
8 12 H 0
10 -6 H 90
12 14 H 270
1 -4 H 270
14 12 H 90
7 -5 T 270
7 15 T 270
-2 17 H 180
10 17 H 180
-1 -3 H 180
15 17 T 90
5 17 H 0
-2 18 T 180
13 3 T 90
3 17 T 270



-4 -5 T 90








6 -4 H 270


10 -5 H 0


10 2 H 270




14 12 T 270
19 13 T 0


15 -5 T 0




5 -2 T 270
15 0 H 90










-3 2 T 180


-4 3 T 180



12 5 H 270




2 13 T 90









13 19 T 180



9 7 H 90






-4 -1 T 90




-1 -3 T 180
1 19 T 270



-6 3 H 0







9 4 H 180
-5 6 T 180


-2 9 H 90







-3 9 H 180











7 14 H 180

0 14 H 270





8 13 H 270

10 15 T 90





0 15 T 180

15 19 H 270




