-3 -6 H 90
-1 -2 H 270
1 -2 T 90
1 -5 H 180
7 -6 T 90
8 -2 H 90
11 -2 H 0
16 -1 T 0
15 -6 H 90
22 -4 H 180
25 0 T 0
21 2 H 90
4 1 T 0
-4 2 H 0
12 0 T 180
8 3 T 270
2 4 T 0
15 4 T 0
-1 6 H 0
5 4 T 270
13 5 T 180
20 5 H 0
-1 8 T 180
16 -5 H 0
10 7 T 90
3 7 T 0
13 -4 T 0
17 10 H 90
-1 -6 T 90
23 2 H 0
22 6 H 90
22 9 T 180
7 9 H 270
-2 -5 H 0
-5 -2 T 180
-1 12 H 0
12 12 T 270
5 11 H 180
18 12 H 180
17 6 H 180
4 -6 T 90
6 5 T 180
24 14 T 90
26 0 H 270
5 14 H 180
0 14 H 270
8 -6 T 180
11 2 H 180
16 15 T 90
2 14 H 180
21 15 T 270
2 15 T 0
23 14 H 0
9 15 H 180
10 17 T 270
0 19 T 180
5 17 H 180
11 15 T 0
15 18 H 270
22 18 T 180
22 -6 H 90
1 20 T 270
22 12 T 0

12 20 H 270
20 18 T 0
0 8 H 90
5 20 H 0
18 20 T 0


23 -4 T 180
22 9 H 0
16 24 H 90



-2 -3 H 90

-5 2 T 270

3 -4 T 90
22 20 T 270


26 22 H 90
23 5 H 90




4 -5 H 90

17 25 H 180










-1 12 T 270




7 -3 H 90




15 15 H 90

-1 -1 T 180

3 -1 H 0


8 -7 H 90

6 0 H 180


12 9 H 90











16 0 T 270
4 15 H 180






20 4 T 180








3 6 T 0

11 -6 T 90
-3 13 T 180


16 -5 H 180

9 2 T 180

-3 18 T 0


17 -6 H 90

7 17 H 270



11 11 H 0
10 5 T 270





-2 20 T 90











-4 -5 T 0



0 -5 T 180





15 -3 H 0



0 21 T 90
23 -4 H 0



2 20 T 0







8 22 H 180



15 7 H 180

23 -5 T 180


9 7 H 0











