-2 -2 H 90
1 -4 H 0
5 -5 T 0
-4 -7 T 270
10 -3 T 270
-4 -7 H 0
1 -4 H 180
13 -3 H 270
14 -4 H 0
0 -1 H 0
14 -2 H 270
7 1 H 270
10 0 H 270
12 3 H 180
11 -5 T 270
-1 3 H 0
14 3 H 270
5 4 H 270
10 8 T 180
6 -4 H 270
-1 5 H 180
14 8 T 90
-2 9 T 90
2 8 H 180
5 11 H 180
17 10 T 270
13 13 H 270
5 5 T 90
0 13 H 180
3 12 H 90
8 14 H 270
11 14 T 90
2 15 H 90
3 6 H 90
-4 2 T 90
14 11 H 0
5 1 H 180
7 18 H 0
15 17 T 0
-4 17 H 270
9 17 T 180
1 20 T 90
13 20 T 270
-3 22 T 0
2 20 H 0
8 7 H 90
7 22 T 90
15 23 H 90

-4 -2 T 90

12 24 H 90
3 25 H 180
0 -4 H 0
-3 13 T 90
14 25 H 90


8 7 T 90
11 22 T 180
15 6 T 90
4 24 T 90
-2 25 H 90



14 13 H 270



4 -4 H 270




8 14 H 0






7 -4 H 270
7 -6 T 0




17 -1 H 270


-1 16 T 90







8 18 T 270




7 -1 H 180

14 22 T 0










2 1 T 0








16 2 H 180




9 24 H 180



















11 2 T 270






16 3 T 0





11 -7 T 270










1 24 T 270



15 -7 H 180

1 13 H 0





1 -6 T 0
6 -6 H 180








0 6 H 0



10 -4 H 180

12 -5 H 0



0 5 H 180

13 7 T 270









-1 -4 T 270








-5 11 H 270



14 15 H 0







