-3 -4 T 0
4 -2 H 270
8 -3 T 180
11 -5 H 180
17 -4 H 90
13 -2 T 90
21 -5 T 180
6 0 H 0
0 -6 T 180
-3 0 H 180
10 -3 T 90
3 -6 T 180
0 -7 T 180
14 0 H 0
21 1 T 270
4 3 H 180
4 -2 T 0
8 2 T 90
20 -2 H 90
18 0 H 0
13 -2 T 90
-2 -1 H 270
9 4 H 90
1 3 H 270
11 3 T 90
5 -4 T 0
21 3 T 0
-2 6 T 180
8 6 T 0
16 5 H 0
8 7 T 90
12 -7 H 180
20 9 H 0
3 9 H 180
14 9 T 180
5 11 H 180
0 9 H 0
5 0 H 90
19 8 T 180
-3 12 T 90
8 12 H 180
18 11 H 0
15 4 H 180
16 12 T 90
-4 -6 H 180
-2 13 T 270

0 15 H 180

18 14 T 180
1 6 T 180

24 2 T 270
16 -5 H 270

8 15 T 90




-2 -4 T 180
-4 3 H 270
9 14 T 0
12 14 H 90

8 -7 H 270







7 -7 H 180

4 10 T 90

-2 14 H 270




21 13 T 90


