-4 -6 H 90
-3 -5 H 0
3 -5 H 180
5 -1 H 180
-3 -6 T 180
7 -5 H 180
12 -2 H 180
15 -2 H 180
20 -2 H 0
23 -6 H 90
-2 1 H 0
12 1 T 270
20 -1 H 180
-1 2 H 270
24 -2 T 90
-1 -7 H 0
20 1 H 90
3 2 T 180
4 0 T 180
15 0 T 90
15 2 T 180
14 3 H 270
-1 -7 H 90
4 5 T 0
8 4 H 180
19 4 T 180
7 -6 H 0
12 8 H 0
-1 5 H 180
10 3 H 180
21 7 H 270
0 7 H 90
0 9 H 90
7 0 T 270
18 9 T 180
12 -4 T 270
6 8 H 180
8 -6 H 270
16 8 H 0
14 11 H 180
10 -5 H 270
21 12 H 180
3 12 H 180
-1 -2 T 180
19 12 T 0
7 13 H 180
0 14 H 270
12 15 T 180

-1 15 T 270


4 -3 T 270

6 15 T 270
17 15 H 270


11 7 T 180
14 -4 H 90
22 15 H 270
17 2 H 180
18 -3 T 0



6 -2 T 180







17 -6 T 0



20 -6 H 180
-4 3 T 0







3 3 H 270

18 17 H 270



-2 -4 H 180



-5 0 T 90

-4 4 H 0

16 4 H 90








1 -6 T 180


4 -4 T 270
