-2 -5 T 0
-5 -7 H 90
0 0 T 180
4 -5 H 180
8 -5 T 180
14 -3 H 270
9 -3 T 180
14 -2 H 270
-5 -7 T 270
14 -5 T 90
-2 -3 H 90
4 -7 T 0
16 -2 T 0
6 2 H 0
3 2 H 0
15 -5 T 90
12 1 T 270
1 1 T 0
17 2 H 270
3 -2 H 90
9 -6 T 90
14 -6 H 180
10 -1 H 0
1 4 T 0
-5 3 T 0
11 1 T 0
-1 -6 H 0
11 4 H 180
3 7 T 0
-7 -2 H 180
17 4 T 270
0 6 H 90
6 8 T 90
13 4 H 90
11 7 T 180
3 8 T 90
17 6 T 90
-5 8 H 90
16 10 H 180
17 -3 T 90
9 12 T 180
-3 13 H 0
13 13 H 90
4 12 H 90
15 10 H 270
11 10 T 270
-3 17 T 180
3 9 H 0
8 11 T 0
15 9 H 180
4 16 H 90
5 11 T 90
9 16 T 180
15 17 H 90
8 17 H 180
2 19 T 90
12 -1 H 180


13 19 H 0
9 19 T 0
20 15 T 0



0 -6 H 270
4 -6 T 90
8 -1 H 0





0 16 H 90

12 -6 H 0

0 -3 H 180
-1 17 H 270

2 6 H 0




-3 21 T 270






-6 0 T 90




-1 4 T 270

1 -4 T 180

19 19 H 180
14 8 H 270

4 -3 H 180


15 11 H 180
7 -3 T 270
13 -3 T 270


6 19 H 270











12 7 H 270

3 -2 H 180
15 0 T 270


17 -2 T 90

15 22 T 180






13 10 T 180











-5 10 H 270
-3 16 H 0
-3 -1 H 90






11 14 T 180





15 21 T 270
3 13 T 90








0 -1 H 180




-5 1 H 0











-1 1 T 0



18 1 T 0




