-4 -6 H 0
-3 -5 T 90
0 -4 H 90
2 -4 T 270
8 -4 T 90
11 -4 H 270
14 -5 H 90
18 -4 T 0
16 -1 H 270
0 0 T 0
11 0 T 270
4 -2 T 270
2 -1 H 270
20 2 H 180
2 -1 T 0
23 -5 T 90
0 -1 H 180
-2 -6 T 90
13 1 H 90
10 3 H 180
16 3 T 270
-6 2 H 0
5 1 T 0
-2 -7 H 0
0 -1 H 0
-1 2 H 270
20 6 T 180
9 1 H 0
17 -4 T 180
0 5 T 0
6 -6 H 90
9 4 T 90
16 5 H 270
4 3 H 180
2 7 T 180
5 6 H 270
10 7 H 90
-2 7 H 180
0 8 T 270
14 8 T 0
6 11 T 180
21 9 H 180
10 10 T 0
-1 9 H 0
15 9 H 270
4 13 H 90
-4 13 H 90
13 13 T 180
18 13 T 90
2 15 H 270
5 -5 H 180
7 14 H 90
-2 10 T 270
16 13 H 270
-4 3 H 0
12 5 H 180
9 18 T 180
20 17 H 270
18 -2 T 180
0 18 T 180
7 18 H 180
12 17 H 270
18 17 H 90
7 21 H 270
12 18 T 0
-2 21 H 180
17 23 H 0
13 -4 H 0
0 22 T 0
-2 11 T 180
10 21 T 0
15 22 H 270

7 23 H 90


13 24 T 180
-6 23 H 270
2 23 T 90
19 8 T 180


11 22 T 0




19 25 T 0



-1 17 H 0
1 17 T 180



19 24 H 0


18 1 H 0








1 -6 T 90




6 11 T 270
21 1 H 0



-3 2 T 270

16 12 H 0

2 27 H 90






0 16 H 90




20 21 T 270
















-7 3 T 0









19 6 H 90



5 8 H 270

-1 21 T 0



6 23 T 90





2 10 H 180











14 -7 T 270

16 -7 H 270
15 23 H 90
















6 12 H 90





18 -5 T 0
-5 -5 H 0




