0 -3 T 90
6 -4 T 270
-3 -6 T 180
9 0 H 270
14 -4 T 270
20 -5 T 0
18 -1 H 90
1 -1 H 90
-4 -4 H 90
5 -5 H 180
7 -6 H 90
10 -6 T 180
24 -3 T 90
2 -6 T 270
10 -5 T 270
13 0 T 0
0 -5 H 90
-4 3 T 180
22 2 H 180
13 -7 T 180
14 0 T 180
4 1 T 270
13 3 T 270
0 -6 H 180
4 -7 H 180
8 4 H 180
16 5 H 90
9 2 H 90
20 -6 T 0
1 6 H 0
21 5 H 0
0 -2 H 270
1 6 T 180
10 7 H 0
-5 2 T 90
15 8 T 270
6 9 T 270
0 10 H 180
16 11 H 0
2 2 T 270
12 12 H 180
6 12 H 0
14 14 T 270
3 15 T 90
20 -6 T 0
1 8 T 0

21 14 T 270

19 10 H 0

3 7 T 180
4 -3 H 270

8 -5 T 0

-2 9 T 180
16 14 H 180
16 4 H 180

6 6 T 180
15 -6 T 270
10 -1 H 0
-5 18 H 180
-1 -2 H 270

12 8 H 0



9 0 H 90
2 10 H 180

9 10 T 180

7 1 T 90
-4 -4 T 270

-2 15 T 0
9 14 H 270

-2 -5 H 270
16 10 H 0

5 -2 H 90





