-2 -3 T 180
3 -4 H 270
6 -5 T 90
10 -2 H 180
14 -3 H 0
-5 -6 T 270
2 -2 H 180
8 -2 T 90
13 -1 T 0
8 -7 T 90
-3 1 T 90
7 2 T 180
10 -7 T 180
-2 -5 H 180
16 -5 H 90
3 2 T 180
14 2 T 270
12 1 T 0
-3 5 H 0
-1 5 H 270
7 5 T 0
-7 -1 T 0
17 -3 H 0
-1 -4 T 270
3 -3 T 0
17 1 H 0
12 6 H 180
4 -3 H 0
-6 -1 H 270
3 7 H 0
13 4 H 180
15 9 T 270
8 0 T 0
0 9 H 270
10 -3 H 270
5 9 H 180
0 8 T 270
10 9 H 270
1 2 H 90
2 1 T 0
-1 10 T 90
15 10 H 270
2 9 H 90
17 -1 T 90
4 11 H 90
0 -7 T 180
15 13 H 180
8 2 T 270



14 -7 T 90
-1 12 T 180

-3 11 H 180

3 3 T 180
9 3 H 270



3 12 H 270


-5 4 H 180





14 13 T 270



1 4 T 0






9 12 H 0

19 12 H 180







9 7 H 90






5 -5 H 270


16 -4 H 90


2 -3 T 0

-2 -3 H 270

9 12 H 0







3 13 H 90
16 8 H 0
1 -3 H 0

1 8 H 0






1 -3 H 270
10 -2 H 180



