-1 -4 H 180
1 -5 H 270
-5 -6 T 90
7 -6 H 270
9 -5 T 180
14 -6 T 90
17 -2 T 90
1 -5 H 180
6 -1 H 270
3 -4 H 90
12 -1 H 0
8 -6 H 180
15 -1 T 270
-3 0 T 180
0 0 H 270
16 -1 T 90
8 -2 T 270
12 2 T 0
15 4 H 270
2 -2 H 90
1 4 T 90
8 6 T 90
10 9 H 270
17 -4 T 90
17 2 H 270
13 -5 H 270
0 7 H 180
9 1 H 270
19 9 T 90
1 9 T 270
-4 3 T 0
15 11 H 90
2 12 T 270
4 11 H 0
17 -7 T 0
18 12 T 90
14 -6 H 0
4 14 T 90
5 3 H 180
7 14 H 90
0 17 H 0
13 15 H 180
13 7 H 180
-6 -6 T 180
13 18 H 90
9 -4 H 270
-3 -3 H 270
17 15 H 180
1 19 H 180

17 20 H 270
2 20 T 90
5 -4 H 0

13 6 T 0
10 15 T 90
12 10 H 90
9 20 H 0
20 -4 H 0
4 -2 H 90
10 -3 T 90

12 20 T 180

12 0 H 0


-3 14 T 90
21 4 H 270
6 20 T 270

15 5 T 180



11 15 T 0
20 8 H 0
1 -4 T 90
10 3 T 0

15 1 H 0

15 13 H 180

0 0 H 180



-7 3 H 90
-3 19 T 180

3 1 T 270





-2 6 T 90





10 -5 H 270









14 -5 H 90
1 -1 H 180




3 10 T 0




4 6 H 90
12 20 T 180




16 -2 T 180













3 6 H 270

21 20 H 180
12 11 T 0






-4 7 H 90







15 21 T 0



14 10 T 270


18 -2 H 270




9 14 T 270



2 -2 H 270

-1 14 T 180


6 15 H 180




7 16 H 0




5 16 H 0









