-4 -6 T 270
-3 -5 H 0
1 -3 T 90
2 -4 H 0
10 -5 T 180
10 -4 T 180
15 -4 T 180
17 -5 H 180
0 -2 T 90
2 -7 T 270
7 -2 T 0
3 1 H 270
11 -3 H 270
18 -1 T 0
-2 2 H 0
10 0 H 270
-2 -6 H 270
7 1 H 270
-2 -7 H 0
16 3 H 180
4 -7 T 90
2 5 H 90
11 4 T 270
15 4 H 180
7 7 T 0
0 7 T 90
0 -4 H 0
1 8 H 0
8 4 H 90
15 7 T 180
-4 4 T 90
12 9 T 90
-3 10 H 180
8 10 H 270
5 11 H 180
15 12 T 180
5 -7 T 0
9 13 H 180
-2 12 T 270
12 15 T 0
11 6 T 90
2 15 T 90
15 16 H 0
7 11 H 270
6 -7 H 270
9 -5 H 180
9 -2 T 270
0 14 H 90
12 -7 T 90
-1 15 H 0
5 17 H 180
-3 19 H 90
7 19 T 90
4 20 T 0
14 21 H 0
1 -1 H 90
0 22 T 180
15 21 T 270
6 23 H 0
18 3 H 270
13 22 H 0
13 -7 H 270
0 8 T 90
13 -3 T 180
11 25 H 180
