4 -3 H 180
-3 -4 H 180
-3 -6 T 0
-7 -7 H 90
10 -5 H 180
11 -4 H 90
13 -4 H 90
19 -6 T 180
9 -2 H 90
17 -2 T 180
22 -3 T 270
0 -2 H 180
5 2 H 180
10 1 H 90
2 0 H 270
1 -6 H 270
14 1 T 0
25 0 H 180
20 1 H 90
22 1 T 0
-3 3 T 270
1 4 H 270
18 5 T 90
-2 -3 T 0
8 4 T 90
6 -1 H 270
4 5 H 270
20 5 T 270
22 3 H 270
13 5 T 90
-1 6 H 0
15 8 H 180
25 5 H 180
0 8 H 180
22 6 H 270
-3 -7 H 270
8 8 T 180
21 8 T 270
3 10 H 270
9 9 H 270
9 -5 T 180
6 -4 H 180
-2 -7 H 90
0 -6 T 180
11 -5 H 90
13 2 T 180
19 10 T 180
16 10 T 180
-3 11 H 180
7 12 T 270
-4 4 H 90
3 13 H 90
13 12 T 180


3 -7 H 180
16 6 H 0
7 -6 T 0

16 -3 H 90
21 11 H 180



9 -5 T 90
20 -7 T 0


9 -1 T 180
17 12 T 270




18 -7 T 270

0 -3 H 270
24 -6 H 180



22 -1 H 90





23 16 T 90


0 13 T 270

6 15 H 180



11 -2 H 180



10 11 H 180



-3 -3 H 270


3 16 H 0


12 -3 T 0
22 2 H 0









0 2 T 270








8 -2 T 180

5 13 H 90



0 1 T 180






6 10 T 270





3 4 H 90







17 10 H 270
