-3 -7 H 270
0 -3 H 0
-1 -3 H 180
2 -4 H 0
6 -4 H 0
10 -3 H 270
12 -5 H 0
13 -5 H 90
15 -3 T 270
16 -6 H 90
2 -4 T 180
9 -4 H 90
4 -4 T 90
0 1 T 90
7 0 H 180
-4 -4 T 180
9 0 H 180
17 -1 T 90
0 4 T 90
5 4 H 180
12 3 T 0
0 0 H 180
15 1 H 0
5 6 H 90
1 -6 H 180
1 5 H 0
15 5 T 0
2 -7 T 270
15 6 H 0
2 8 T 0
5 -7 H 90
7 5 H 180
12 8 T 0
-1 9 H 270
7 9 H 270
14 12 H 90
1 14 H 270
11 11 H 90
3 14 H 90
13 -4 T 90
0 4 T 0
10 15 H 270
-3 16 H 180
2 16 H 0
15 14 H 0
8 17 H 180
4 -1 H 270
20 17 H 270
14 15 H 270
2 17 H 90
12 19 T 0
14 1 H 270
7 -6 T 0
9 20 H 270
-3 20 H 270
16 -7 T 0
1 19 T 90
15 23 H 270
5 23 T 90
6 -4 T 180
-2 -1 H 0
14 24 T 180


18 8 H 180
-4 22 T 0
5 -4 H 0

1 13 H 180





-1 21 H 270
10 -3 H 0


-4 1 T 270







13 6 T 0
0 -3 T 90


5 -1 T 180



