-2 -4 T 0
-4 -6 T 270
2 -4 H 90
6 -4 H 0
11 -3 T 0
15 -7 H 0
18 -4 H 180
15 -4 H 180
13 -3 H 90
-2 -3 T 90
9 -2 T 0
-2 0 T 270
14 -3 T 270
1 -1 H 90
6 0 T 180
12 1 T 180
2 3 H 0
18 1 H 0
8 0 H 0
-4 3 T 0
-5 -6 T 0
-4 -6 H 0
7 3 H 270
13 6 T 270
18 3 T 0
15 6 H 180
0 7 T 180
3 5 H 0
4 7 T 270
0 -5 H 90
7 6 H 270
-2 -7 H 0
9 8 H 180
8 -7 H 90
7 -6 H 90
11 7 H 180
3 10 H 180
6 8 H 270
8 11 H 0
16 10 T 270
-4 11 T 90
-2 13 H 90
12 12 H 0
-5 8 T 0
4 13 T 90
16 13 T 90
0 14 H 90
-4 -4 H 90
7 9 H 0
17 -4 H 90
-7 -5 H 270
9 15 T 180
-2 1 H 180
15 12 T 270



3 -5 H 180




-3 -1 H 180


12 9 H 90

17 -3 H 0
6 -3 H 90
5 1 T 180
0 16 T 270
15 20 H 90
4 -3 T 180

3 15 H 0


-1 16 T 90








11 13 H 270


8 15 H 180


6 -3 T 270



-2 4 H 270



