-2 -3 H 180
2 -6 T 90
4 -5 T 270
10 -3 H 180
12 -2 H 180
14 -4 H 270
-5 -6 H 270
1 -7 T 180
3 -3 H 90
5 -1 T 90
-1 1 H 180
9 -1 H 180
15 1 H 270
-2 -6 T 270
11 1 T 90
8 -6 T 270
3 1 T 180
10 -3 H 180
0 1 T 270
6 2 T 180
8 -7 H 0
16 4 H 180
18 0 H 90
-1 5 H 90
10 4 T 0
0 7 T 0
5 6 H 0
8 -7 H 180
14 6 H 270
12 7 H 270
9 5 T 270
16 8 T 270
2 8 H 0
5 11 H 270
-2 11 H 180
-2 2 H 180
14 10 T 0
0 12 H 0
12 13 H 180
-4 -5 H 90
-3 -5 H 270
16 14 T 0
14 5 T 0
10 14 H 90
-2 14 T 90
-3 6 H 0
1 13 H 270
7 16 H 0
15 -6 T 90
-3 17 H 180
8 7 T 90
11 16 T 0
8 18 H 270
1 19 T 90
16 18 H 90
7 6 T 180
5 21 T 180
8 20 T 180
15 7 H 90
12 23 H 0
17 22 T 0
0 20 T 90
16 16 H 90
-1 23 T 0
3 9 T 270
14 14 T 270
5 23 H 180
-1 23 H 90
9 24 T 0


13 25 T 90

3 -3 H 90

5 24 H 270







14 11 H 270





17 -2 H 0






6 18 H 0





19 23 T 90
4 14 H 180


0 24 H 0



13 18 H 90




4 -4 T 0


0 -2 H 90
-7 17 T 180
9 -1 H 270
-1 2 T 0





-4 -3 H 0

6 23 H 0





11 -1 T 180








5 19 T 180






-6 3 T 90
14 -2 H 270
6 18 H 90







2 6 T 90



0 8 T 0
