-6 -7 T 0
-4 -6 T 180
-3 -2 H 0
0 -6 H 0
0 -6 T 270
5 -5 H 90
4 -4 H 270
8 -3 H 90
12 -4 H 90
15 -3 H 0
17 -4 T 0
25 -3 H 90
9 -1 H 90
6 -6 H 180
0 -4 H 90
5 -1 T 180
16 -6 T 0
17 -5 H 270
24 -2 T 270
0 -4 H 90
25 -5 T 90
13 -1 T 270
8 -1 T 180
18 0 H 90
21 -6 T 0
22 -7 T 0
-2 4 H 180
18 0 T 270
26 -7 T 270
9 0 T 90
7 3 H 270
0 -6 H 90
22 1 H 270
-2 -1 H 0
19 4 H 90
14 2 H 270
26 -5 H 270
1 0 H 180
1 6 H 0
22 6 T 180
14 6 H 180
6 7 H 270
7 6 H 270
25 2 H 90
24 2 T 180
-3 7 T 0
2 -5 H 90
18 6 H 180
24 6 T 90
9 10 H 90
20 9 H 270
15 -5 T 270
25 10 T 270
7 0 H 90
-4 -3 H 0
8 -6 H 90
11 8 H 180
1 7 T 0
16 7 H 0
-2 10 T 90
5 12 T 0
1 2 T 270
12 12 H 90
23 12 H 180
17 11 H 90
4 12 H 180
14 -4 H 270
7 11 T 90
-5 13 H 270
20 13 H 180
8 12 H 270
21 -4 H 0
2 -5 H 270



1 12 H 90

13 -3 H 180

8 4 H 0
-3 8 H 90

24 10 H 180
12 13 H 270


25 -4 H 180









15 15 H 270

11 -4 H 90
1 -1 H 0



13 9 H 180



24 13 T 180





15 -2 H 90


5 -2 T 0


7 -1 H 270


23 6 H 90
18 4 T 180

17 -1 T 90
18 0 H 0
16 13 T 270

-2 2 T 270

2 1 H 270
22 1 T 270


6 5 H 180


26 -1 T 90
12 1 T 0



18 2 T 180


1 17 T 0












25 7 T 0



16 1 T 90
26 6 H 180
18 13 T 180



27 2 H 90

