-2 -5 H 0
4 -4 H 180
7 -5 H 0
-1 -7 H 180
10 -6 T 0
14 -4 H 180
17 -4 H 0
20 -4 T 270
2 -4 H 90
25 -4 H 90
8 -3 T 0
-2 -3 H 90
11 -4 T 180
14 -7 T 270
-3 -5 T 90
-1 1 H 180
7 -6 T 270
3 -1 H 0
7 1 T 270
11 0 H 90
17 2 H 0
22 -1 H 270
1 3 H 180
18 -5 H 270
25 2 H 90
11 2 T 90
15 3 H 180
20 4 T 180
6 6 H 180
-5 5 T 180
25 8 H 270
1 6 H 90
24 -6 H 180
25 0 T 270
24 -7 T 180
10 4 H 270
3 -7 T 0
12 7 T 90
20 5 H 0
7 -6 H 270
17 9 H 180
5 6 H 90
1 9 H 90
6 9 H 270
20 -7 H 0
21 7 T 180
12 10 H 90
17 10 T 270
26 11 T 180
4 12 H 90
-5 9 H 270
0 -3 H 0
21 10 H 90
13 13 T 180
0 11 T 90
21 13 T 270
6 14 H 180
-2 14 H 270
-1 -6 T 180
2 16 H 180
-3 0 H 0
24 -4 T 90
27 14 T 0
17 17 H 0
8 -2 H 270
3 16 H 0
15 -5 H 0
13 14 T 270
-4 15 T 180
22 15 T 270
1 -3 H 90
10 17 H 180
21 7 T 0
13 16 T 270






19 -6 H 270
6 8 H 180




25 17 H 270


-6 -4 H 180


-1 2 T 270
-2 17 T 0
21 17 T 270

-2 12 T 180


24 6 H 90





17 13 H 0

24 5 T 270





13 8 T 270

30 8 T 90


-5 -5 H 270

7 11 T 90


8 -5 H 0






5 -2 H 0


9 13 H 90
17 -4 H 90







25 -5 H 0

6 14 H 90
-3 -3 H 90

4 -4 H 90







5 -4 T 0









30 16 H 180


23 -2 H 180

8 -4 H 180




25 -2 T 90

12 0 T 90
-6 0 H 90


25 16 H 90













14 -2 H 270
0 -2 H 90















-7 5 H 180
4 0 H 180


-1 17 H 270
















14 -2 H 0



