-3 -3 H 270
-4 -7 H 180
-2 -6 H 0
3 -2 H 0
9 -5 T 180
14 -5 H 270
7 -4 H 270
19 -3 H 90
23 -3 H 270
23 -5 T 270
4 -6 T 180
16 -2 H 90
21 -2 T 180
4 -1 H 270
25 1 H 270
-1 -1 T 0
11 0 T 270
4 2 T 0
24 -3 H 0
19 0 T 90
11 -5 H 0
14 -7 T 180
-1 -2 H 90
9 0 H 180
15 1 H 270
1 -6 T 0
-2 2 T 0
22 4 H 270
6 4 H 0
12 3 T 0
27 1 H 90
-2 5 T 90
2 4 T 180
16 5 T 180
24 7 H 0
6 7 T 270
1 7 H 90
10 6 H 0
19 7 H 270
3 7 H 90
14 8 T 0
23 9 H 180
9 11 H 270
3 -6 H 0
16 10 H 180
-2 9 H 180
2 12 H 0
11 12 T 270
24 11 T 180
-3 -3 T 90
16 -6 T 270
-3 12 H 90
0 14 H 270
9 -1 T 180
18 13 H 270
14 -3 H 180
26 13 H 180
8 13 H 180
6 15 T 180
20 14 T 180
11 17 H 270
15 18 H 270
21 -1 H 270
26 11 T 0
20 1 H 180
21 17 H 180
7 10 H 90
24 17 H 0
-2 19 T 90
18 4 H 0
27 8 T 180
5 18 H 180
20 19 T 270
12 21 H 180
5 -3 T 0
19 6 T 270
5 21 T 180
17 21 H 90
7 2 H 90
1 8 H 270
9 21 H 90
24 20 H 270
0 21 H 270



-2 19 H 90
0 7 T 180
-1 23 T 90
-1 -5 T 90
6 7 T 90

12 7 H 90

13 -1 H 90
8 -3 H 270
21 23 H 270



25 0 H 0
15 10 T 0

6 23 T 270

19 -6 H 270
0 14 H 180


22 17 T 180





3 22 T 90
23 -5 H 180
-3 11 T 90

