-3 -3 H 180
-1 -2 T 0
5 -4 T 90
-1 -7 H 180
7 -4 T 90
13 -1 T 270
16 -3 T 90
2 -6 H 0
24 -2 H 180
-1 0 T 180
10 1 H 180
-3 -2 T 90
3 1 H 180
16 1 H 270
1 -5 T 0
21 1 T 0
-2 4 H 180
12 4 T 90
2 5 T 90
18 6 H 270
-6 -7 T 270
9 7 T 0
-3 8 H 90
18 9 T 180
19 -5 H 270
9 3 T 180
4 3 H 0
6 -5 H 180
5 9 H 270
6 -7 T 90
7 -7 H 270
19 3 T 0
3 0 H 180
9 11 H 0
2 10 H 90
12 10 H 0
19 10 T 180
-4 12 H 180
5 14 H 180
12 0 H 0
17 13 T 90
3 3 H 270
12 -5 T 90
13 -7 T 90
10 14 H 270
-1 14 H 180
3 15 H 0
0 16 H 180
10 16 H 90
7 18 T 180
17 17 T 0
14 -7 H 90
21 6 T 270
14 -7 T 0
-4 19 T 270

23 16 H 270
5 0 H 90




-1 17 H 180

16 -7 T 0



3 -4 H 90
18 0 H 270
9 4 T 270

10 6 H 0

2 9 H 90




22 12 H 0
12 -3 T 90


11 19 H 270

18 -6 T 90

-6 -6 H 0
19 9 H 0

4 14 H 270
0 -3 T 0
-4 9 H 270


8 -6 H 0



21 -6 H 180







9 -3 H 90





13 8 T 180




19 -4 H 270

20 15 H 270
-4 -1 T 180





14 1 H 90

3 13 T 0









6 23 T 0



