-2 -4 H 270
1 -3 H 90
6 -4 T 180
11 -4 H 180
13 -4 H 270
17 -4 T 0
-4 -5 H 270
5 -2 T 180
16 -2 H 0
-2 1 H 0
0 -1 T 90
19 -2 H 90
11 1 H 90
20 0 H 180
3 0 H 270
7 2 H 270
9 -7 H 180
-5 -7 T 270
1 4 T 0
-2 -5 T 270
11 2 H 90
15 2 T 180
9 -7 T 180
19 4 T 90
-2 5 T 270
5 6 T 180
12 6 H 0
16 9 T 270
19 2 H 0
8 7 T 90
0 6 H 180
14 -2 H 180
9 8 H 90
19 -7 T 180
19 8 H 270
-1 8 H 180
1 8 H 90
10 11 H 270
13 10 H 90
17 9 H 180
-1 -7 H 90
-4 11 H 0
2 12 T 90
18 11 H 0
-4 13 H 0
7 -4 H 90
12 11 H 270
18 14 T 180
0 14 T 270
3 17 T 0
13 -4 H 180
-1 -1 H 90
6 13 H 270
9 16 T 270
13 14 T 0
-2 18 T 90
17 -6 H 0
22 16 T 90
3 7 H 270
-2 -5 H 90
13 16 H 90
23 4 T 0


2 2 T 270
17 12 H 180





-2 -2 H 90



6 17 T 270



16 18 T 0
11 1 H 90












25 10 H 90
-5 3 H 0



13 2 T 270


20 -1 T 270










17 9 T 180

14 -5 T 90

22 -5 T 270
-2 17 H 180
19 3 H 90


