1 -3 H 90
-3 -6 H 180
7 -3 H 270
8 -5 T 180
13 -2 H 270
19 -1 T 90
-1 0 T 180
10 1 T 270
4 2 H 270
14 -4 T 180
17 0 T 270
13 3 T 180
2 4 T 270
-2 7 T 0
9 5 T 270
-2 4 H 180
-4 -4 T 0
17 5 H 0
0 2 T 0
11 6 H 0
15 8 T 180
1 -6 T 90
15 -5 T 0
2 -4 H 180
3 7 T 0
0 9 T 180
7 -7 H 180
10 8 H 180
19 12 H 90
6 10 T 180
2 -6 T 0
12 11 T 90
1 15 H 270
4 15 T 0
16 15 T 0
16 12 T 270

10 -7 T 0
11 16 H 180
5 -6 H 270

2 -6 H 0
16 0 H 0
2 16 T 180
-4 -6 H 0

9 -4 T 0
5 1 T 0
0 12 H 270
19 8 H 90

10 3 T 180




16 16 H 180
-2 11 H 90

9 0 H 270

10 13 H 180






10 -1 H 0
19 3 T 0

-7 16 H 180
2 1 T 0

3 9 T 0


-4 3 T 270


1 5 H 90











10 7 T 270




16 14 T 180





16 15 H 270





12 -6 H 90




5 16 H 180


-2 -6 H 90


-1 3 T 0



13 2 H 0

1 19 H 270

-1 -5 H 0


1 7 H 270
















2 -5 T 180
13 -5 H 270



-1 -3 H 90




6 7 T 90

-1 15 H 90


-4 16 H 90

16 8 H 90
11 -4 T 90









19 -4 H 180











-2 -3 H 0
10 -1 T 90



-2 10 T 90






-2 -1 H 90

















