-2 -4 H 270
0 -2 H 180
2 -5 H 90
3 -4 H 0
-4 -5 T 180
5 -5 T 0
10 -3 T 0
14 -5 T 180
21 -4 T 270
23 -4 T 180
4 -6 H 0
12 -2 H 180
4 -1 T 180
16 -2 T 180
29 -4 T 90
8 -1 T 270
25 0 T 0
18 0 T 90
2 1 T 270
21 1 T 0
8 0 T 0
13 3 T 90
6 -7 T 90
12 -6 H 180
-3 1 H 180
3 3 H 90
10 5 H 270
0 4 T 0
18 -7 H 180
11 -4 T 270
17 4 T 90
23 2 H 270
6 3 H 0
14 1 T 90
19 4 H 270
10 -3 H 90
19 3 T 270
21 6 H 180
-1 10 H 270
29 5 H 90
6 10 T 0
14 8 H 270
23 8 H 270
-4 -3 T 270
-3 10 H 0
17 10 H 270
12 11 H 270
2 12 T 0
20 -6 H 270
-1 -6 T 270
22 11 H 180
10 12 T 180



19 -2 H 180

1 -6 H 90
11 3 H 90
19 14 H 180
22 -2 H 180


13 -2 T 90

-2 8 T 0

1 -1 H 180


10 12 T 90





20 -5 T 270
27 16 T 0

7 6 H 180




-4 14 H 180
