-3 -4 H 180
0 0 H 0
5 -4 T 90
8 -2 T 270
4 -6 T 90
14 -3 H 180
18 -4 T 90
-4 -6 H 0
21 -5 H 270
26 -4 T 90
15 0 T 270
5 -1 T 270
23 -1 T 90
6 1 T 90
-4 3 H 270
19 -3 H 0
9 -1 T 270
18 1 T 0
6 -5 H 90
24 4 T 270
0 3 T 0
14 3 T 90
4 2 H 90
24 1 H 0
10 3 H 0
5 4 H 0
10 6 T 90
18 6 T 270
29 4 H 180
0 6 T 180
14 6 H 90
9 6 H 270
15 -3 H 90
-2 -6 H 180
25 7 T 180
2 9 T 270
19 8 H 180
8 8 H 0
9 -2 T 270
-3 10 T 180
3 11 H 0
24 9 H 270
14 9 H 180
7 12 T 270
17 10 H 90
2 -7 H 0
11 13 T 90
0 13 T 180
11 -6 T 90
-3 -3 H 0
18 13 H 90
12 -6 H 90
0 16 H 90
21 13 H 180
8 -4 T 90
27 16 H 0
27 -3 H 180
5 16 H 180
9 1 H 270
19 11 H 180
2 18 T 90
2 10 H 90
2 -1 T 0
10 17 T 270
0 8 T 270
18 17 H 90
22 20 H 270
-1 -3 T 180
15 15 H 180
6 -2 H 0
10 11 H 90
7 20 T 90
10 20 H 180
15 23 H 0
14 -2 T 90
24 11 T 90
-3 13 H 0
-2 21 H 180
25 22 T 0
7 22 H 0
9 23 T 0
-1 -2 H 180
25 -5 T 180
17 23 H 0
0 24 H 270
21 17 T 0
1 17 T 270
25 23 T 270

-1 24 T 0
19 24 H 90

24 24 H 270

10 24 H 180




-1 24 T 90
22 -2 T 90
-6 20 H 0

21 2 H 270
25 23 T 180


4 29 T 0


8 4 H 90



27 -4 H 90




21 8 T 0









2 25 H 0



-5 -5 T 270
11 -5 T 90


11 -6 T 90


18 24 T 180





4 18 T 0

24 3 H 90


16 -4 H 180










9 25 T 180











11 5 T 180


-1 18 T 180











19 -5 H 0

21 26 T 0













-3 4 H 270





16 4 T 270

15 -4 H 180

1 9 T 270
24 -5 T 180








22 -3 H 180






14 8 T 0


4 10 H 270







9 22 T 0






-7 13 T 180
