-2 -6 H 270
0 -7 T 270
4 -6 H 0
7 -3 H 0
4 -5 H 270
11 -4 H 270
-1 -2 T 90
11 -1 H 270
4 -2 T 0
-4 -7 H 90
13 -3 H 180
14 2 H 270
8 -6 T 0
-4 -2 T 90
5 2 T 180
-3 3 T 270
1 5 H 90
6 3 H 180
-2 5 H 0
3 5 T 0
10 6 H 270
6 7 H 0
12 7 H 0
-3 10 H 90
14 2 H 180
9 10 H 90
1 8 T 0
3 12 H 0
12 9 H 90
7 11 H 90
1 2 T 180
14 11 T 180
-2 13 H 270
9 13 T 180
7 -6 H 90
16 -3 T 180
13 14 T 180
5 13 T 0
10 7 H 0
-3 16 H 0
7 -7 H 270
-1 14 T 90
5 16 H 90
10 16 T 270
-3 19 H 0
12 19 T 270
2 19 T 0


17 5 H 270



-4 -3 H 90


14 18 H 0
10 -6 H 180








0 -6 H 90
5 -5 H 0
6 -3 H 180
4 0 H 180

0 0 T 90





6 24 T 180
8 14 T 270


-4 -5 H 180





-1 11 T 0

-2 19 T 270

-2 18 T 90

-7 14 T 0

14 20 H 270

13 0 H 0









10 4 T 0








7 1 H 270

3 -2 H 90












-2 8 H 0


10 1 T 270








-3 2 T 0









2 12 H 180



9 7 H 0



7 11 T 180


10 0 H 180




-4 -1 T 270


12 11 H 180







6 1 H 270

15 14 T 270






3 15 H 0



-1 20 H 0











-5 2 H 90


