-4 -5 T 0
1 -3 T 270
5 -4 T 270
3 -4 T 270
7 -6 H 0
12 -4 H 0
11 -1 H 90
17 1 H 270
12 -6 T 0
19 -3 T 90
4 1 T 270
7 2 H 180
0 2 T 90
3 -6 H 90
22 1 T 180
18 -3 H 180
-4 -2 T 180
13 3 T 90
4 4 H 90
-2 5 T 270
20 -6 T 180
17 5 H 90
9 5 H 180
1 -6 H 90
2 7 H 90
20 4 T 180
12 -1 T 90
14 7 H 90
9 -5 H 90
17 8 T 270
-3 8 T 90
20 9 H 0
4 -2 H 180
5 9 H 270
18 1 T 180
1 11 T 270
-3 2 H 90
8 10 T 180
14 12 T 0
7 13 H 0
12 -5 H 270
20 11 T 90
-2 12 T 270
21 -5 H 0
10 4 H 0
9 11 H 180
5 -2 T 180
2 14 T 90
8 15 H 90
18 14 H 270
21 -2 H 270
14 15 H 0
26 2 T 0
0 6 H 180
10 3 T 270
23 4 H 0
1 1 H 90
-2 17 H 90
14 6 T 90
21 18 H 270
-3 8 H 270
20 15 H 90
16 7 H 90
20 11 T 90
9 -6 H 90
4 17 H 270
11 21 T 180
13 18 H 270
21 11 T 90
14 20 T 270

5 12 T 90

21 18 H 90
0 7 T 90








1 15 T 180


3 11 T 270
7 -6 H 90
13 7 T 90


12 19 H 90
16 -5 H 180




16 6 H 90
-5 13 T 0






16 14 H 90
















2 -3 H 0
12 8 H 270

