3 -4 H 270
6 -5 H 0
11 -3 T 180
17 -6 T 90
3 -4 T 270
-1 -7 T 0
-3 -4 H 90
17 -3 H 0
-1 0 H 0
13 1 H 270
-4 -6 H 0
6 -7 H 90
5 -1 T 90
-2 -3 H 0
15 0 H 180
3 1 T 0
6 -2 H 180
11 -3 H 270
-4 -2 H 270
20 3 T 180
20 0 T 180
6 2 T 90
6 4 H 90
-1 6 T 90
11 4 H 270
-5 2 H 180
9 -6 H 0
1 5 H 90
16 6 H 0
21 5 H 0
14 -6 T 180
6 6 T 270
6 -6 H 270
8 7 H 180
12 8 T 180
17 -4 H 270
3 8 T 90
11 9 H 90
4 12 T 90
17 9 H 0
-2 9 T 90
11 -4 H 0
16 12 H 180
-2 12 T 0
3 1 T 90
-1 14 T 90
4 2 T 90
15 -1 H 0
9 13 H 0
7 16 T 180
18 17 T 270
14 15 T 180
1 16 H 270


-1 23 T 270

9 11 H 90





17 -4 H 90
5 -2 T 270




-1 10 T 0


12 22 T 0
17 -6 H 90
1 -6 H 90



-6 0 T 90




5 -1 T 180

6 -6 H 270
4 17 H 0
2 2 H 90






6 1 T 0
15 5 T 90
0 15 H 270

1 11 T 180




0 8 T 90


18 15 H 270





18 18 H 270






6 11 T 0




-4 9 H 180



5 19 T 270


-4 -4 H 270

10 8 H 90




-3 4 T 180






5 -3 H 0




-5 4 T 270
12 6 H 90











17 -2 H 0







-3 13 H 270


3 7 H 0








-2 -1 H 90
20 8 H 90


10 -1 H 0



14 9 H 270

