-4 -4 H 0
-3 -1 T 0
3 -2 H 90
5 -3 T 90
9 -4 T 270
4 -6 H 180
15 -5 H 270
16 -3 T 270
8 -1 T 90
14 -1 H 180
-3 -6 T 90
5 -3 H 270
-2 0 T 90
-2 -5 T 0
-3 2 H 0
3 0 H 0
16 1 H 90
17 0 H 180
4 3 T 0
11 4 T 90
18 4 H 180
-1 -6 H 0
12 -5 T 270
-2 5 H 270
9 7 H 0
0 5 H 180
8 -7 H 180
1 0 H 180
10 6 T 270
16 6 T 270
13 8 T 270
19 -6 T 90
17 7 T 180
2 7 H 90
-3 9 T 0
0 10 H 270
13 2 T 270
9 12 H 0
5 12 T 0
2 2 H 0
17 11 H 90
15 -7 T 0
15 11 T 180
-1 14 T 180
16 10 T 180
5 14 H 180
11 12 T 180
13 14 H 0
-2 15 H 270
9 16 H 90
6 0 H 180
17 15 T 0
1 18 T 0
13 -4 H 180
10 18 H 0
10 -1 T 270
-3 16 T 90
15 19 H 90
13 -7 H 90
-3 -5 T 180
17 19 H 0
6 19 H 270
21 0 T 0
3 -4 T 90
15 21 T 0
0 19 H 270
16 -4 T 270

18 9 T 90
-1 21 T 0
1 -3 T 180
10 21 T 180
-2 17 T 270

21 3 T 90


2 9 H 90

8 10 T 90
11 20 H 90


18 9 T 180
1 14 H 90



6 21 H 0



20 22 T 180
17 16 H 180








10 22 T 270


17 10 H 0
-4 -1 T 270



10 14 T 270


3 3 H 90
8 2 T 180










