-3 -5 T 180
0 -4 H 180
5 -4 H 0
11 -4 T 180
16 -4 H 180
0 -1 H 180
6 0 H 0
21 -3 T 0
7 -5 H 180
15 -5 H 270
24 -2 H 270
3 -3 H 180
22 -6 T 180
9 -5 T 270
-3 -3 H 270
12 1 T 270
16 -2 H 270
21 0 H 270
17 1 T 90
8 -1 H 180
26 3 H 0
26 -6 T 270
2 3 H 180
21 3 H 0
-3 1 T 0
0 5 H 0
8 6 T 180
4 1 T 0
12 5 H 180
-2 -1 H 270
16 1 T 180
27 1 H 180
-4 -7 H 180
3 2 T 0
-2 -6 H 0
-2 -7 T 270
0 -6 H 0
17 5 H 0
2 7 H 270
20 8 H 270
7 8 T 0
22 6 H 90
15 7 T 180
-5 6 H 270
26 6 H 90
25 5 H 90
-3 9 T 90
14 9 H 180
25 11 H 0
8 3 H 0
6 -5 H 90
3 10 H 270
16 11 H 0
10 2 H 90
4 6 T 90
10 6 T 90
7 11 T 0
20 12 H 270
11 13 H 180
23 14 T 180
2 15 H 90
-3 11 T 180
13 -5 T 180
-1 16 H 0
10 16 H 270
21 17 H 270
2 16 H 90
0 17 H 0
16 15 H 90
12 17 T 0
24 17 H 0

0 19 H 90


18 11 T 90
14 -7 T 0
9 6 H 180

7 18 H 90


6 21 H 270


12 21 H 90
5 9 T 180

7 11 T 90


5 12 T 270
25 19 H 270

12 14 H 180

20 19 T 270
1 -4 T 90
21 -5 T 270



22 -7 H 0

-3 14 H 270
18 15 T 180
1 -7 T 0


10 -6 H 180




3 -6 T 180
-7 10 T 90




-4 19 H 90


26 19 T 90




-4 -5 T 180
21 5 T 0


25 6 T 270

24 -4 H 180

0 12 T 0

0 7 T 0
7 19 H 180

8 23 H 270













21 12 H 90
17 -3 T 90
19 -1 T 0











3 -5 T 270











23 -6 T 180

2 18 T 90

















18 0 H 90



13 3 T 270

16 5 T 270

