-3 -5 H 180
-1 -4 H 270
0 -7 T 270
2 -4 T 0
6 -3 H 90
11 -1 H 180
2 -5 H 270
10 -2 H 90
14 -4 T 180
19 -4 H 0
16 -5 T 90
-1 0 T 270
5 -7 H 90
19 -1 T 270
6 0 H 270
15 1 H 180
-1 4 H 90
7 4 T 90
24 -2 H 270
13 -2 T 180
20 5 H 270
-1 0 H 90
23 2 H 90
2 4 H 90
1 5 T 270
21 6 T 0
11 5 H 90
-1 7 T 0
12 8 T 180
5 4 T 90
9 -4 H 270
14 8 H 180
17 -6 H 90
12 3 H 90
4 9 H 90
18 8 T 0
19 10 H 90
6 8 T 0
-2 10 H 270
22 -5 T 180
1 12 H 270
24 -6 T 90
6 11 H 0
-2 -4 T 180
16 9 H 90
11 12 T 0
0 6 T 90
17 -2 H 270
19 13 H 180
22 13 H 90
4 6 T 270
0 15 T 270
26 11 H 90
21 -1 H 90
-7 -2 T 0
4 15 T 270
11 14 T 90
23 13 T 270
20 15 H 90
7 15 T 0
2 15 H 270
14 16 H 270
13 -5 H 180
17 -1 T 90
-4 18 H 180
24 -6 H 180
12 17 H 90

1 17 T 90
7 16 T 90


19 16 H 180

21 18 H 180

19 18 T 270

-5 -4 H 270

1 1 T 180
11 1 H 270
-2 4 H 90
11 12 T 270













4 7 H 90







20 9 T 180

14 3 H 0

8 12 H 270
-4 18 T 270


4 18 T 90






16 18 H 90
3 11 H 90










-5 19 T 270


12 18 H 90



-1 -4 H 180



19 17 H 270
0 18 T 270

8 18 H 0


14 2 H 180










5 3 H 90









11 20 H 270


22 -1 H 270























21 -4 H 0
10 -1 H 270
8 3 H 180









14 21 H 180









21 20 H 180






-2 9 T 270




























