-2 -4 H 0
3 -4 H 180
-4 -5 T 270
-2 -7 H 180
10 -4 H 270
14 -5 H 0
18 -5 H 0
0 -4 H 0
1 -7 H 90
5 -6 H 180
23 -3 H 270
14 0 H 90
23 -4 T 270
26 -5 H 270
1 -2 H 0
15 -6 T 90
19 -1 T 180
-1 2 H 180
4 1 T 90
9 1 H 0
9 2 H 180
24 1 H 90
15 3 H 180
0 5 T 90
17 3 H 180
2 -6 H 270
7 4 H 90
20 -3 T 90
16 -1 H 90
17 4 T 270
23 5 H 180
12 4 T 90
21 5 T 180
4 7 T 270
11 6 T 0
-1 -1 T 180
-2 7 H 0
15 8 T 270
5 5 H 270
22 8 H 180
3 9 H 270
19 11 T 0
0 11 H 90
7 9 H 180
26 9 T 270
10 10 H 180
3 -6 H 270
-5 -2 T 90
0 5 T 270
5 -7 H 270
24 -5 T 0
15 13 T 0
21 11 T 270
1 11 H 90
5 12 T 0
10 14 H 180
-3 13 T 180
6 -6 H 0
8 -7 H 180
26 14 T 90
3 13 T 0
17 15 H 0
-2 15 H 270
3 16 H 180
10 15 T 180
-5 -1 H 180
23 17 T 270
5 18 H 180
10 19 H 180
15 18 H 180
22 2 H 90
-2 19 T 0
22 18 T 270

25 19 H 180
2 20 T 180


-1 14 H 270
3 0 T 180


20 19 H 90
13 19 T 270
15 -4 T 0
9 22 T 0
26 -1 T 90



-2 -3 T 0



15 5 H 90
10 -6 H 90
-3 23 T 90





8 20 T 180




19 7 T 180










19 -4 H 90
19 9 T 180




12 7 T 0



9 7 H 180

-4 9 T 270
19 -7 H 0




5 -5 T 0
-5 -3 H 180


-1 -2 T 180


1 12 T 270




2 -2 H 180


21 1 H 0


-6 2 H 90



24 10 H 270
20 16 T 90


1 19 H 270

