-3 -5 T 180
0 -5 H 270
6 -5 H 270
10 -4 T 270
11 -6 T 270
15 -4 H 180
-6 -7 H 90
17 -5 H 180
21 -2 H 90
24 -5 H 0
27 -3 H 270
0 -2 T 270
3 -3 T 0
15 -2 T 0
1 0 H 90
26 -2 H 90
7 1 H 270
17 0 H 180
27 -1 T 0
10 1 T 0
18 1 H 0
-5 1 H 270
17 -1 T 180
1 1 H 270
9 2 H 0
15 3 T 180
24 4 H 270
1 1 H 0
-2 5 T 270
-3 -6 H 270
18 6 T 0
1 4 H 0
12 4 H 270
6 6 H 180
23 6 T 270
-1 7 T 0
9 8 H 90
18 7 T 90
4 9 H 0
7 10 T 0
16 10 T 180
24 9 T 180
-2 12 H 90
19 10 T 270
11 12 H 180
2 12 H 90
24 11 T 270
12 2 T 0
16 14 H 180
29 5 T 180
4 -7 T 0
8 12 T 90
21 15 T 270
1 6 H 270
6 17 H 90
8 15 H 270
22 15 H 270
-4 14 H 0
15 11 H 0
-2 17 H 90
13 16 H 90
21 18 H 270
14 18 H 90
26 19 H 270
3 19 H 180
-2 23 H 0
14 21 H 90
2 -3 T 90
20 20 T 90
-2 -7 T 180
2 22 T 180
7 20 T 90
3 23 H 270
6 18 T 270
19 23 H 270
6 22 T 270
11 23 T 90
20 8 H 180
25 17 H 180
24 22 H 0
16 23 T 270





0 21 H 90
25 7 T 0

12 8 T 180





6 26 H 180






0 10 H 180
6 -5 H 90


-1 12 T 270

11 -5 H 90
21 -5 H 180

10 -7 T 270
0 -3 H 180




15 -6 T 270

24 22 T 180
5 15 T 90
14 -7 H 0
7 14 T 270
1 25 H 0




8 -3 H 180



22 22 H 180
-6 25 H 270


21 -4 T 180
11 0 H 90
-6 7 H 90




14 1 T 0

8 17 H 270
-2 7 H 0




15 13 H 180


12 13 H 180




20 -6 H 0





-4 -2 T 270



20 12 H 180




11 23 H 180



