-3 -3 H 180
-5 -7 T 0
3 -5 H 0
6 -4 T 90
11 -4 T 0
14 -5 H 270
14 -5 T 90
16 -3 H 180
2 -1 T 180
15 -2 H 90
6 -1 T 180
13 -2 T 90
-3 0 H 90
0 -4 H 90
19 -5 T 0
16 -1 T 270
17 2 H 270
9 2 H 270
1 0 T 90
-4 -5 T 270
4 3 H 180
1 -5 H 0
-4 -3 T 90
12 2 H 0
1 2 T 270
-3 4 T 90
-1 5 T 180
8 -6 T 0
6 6 T 90
7 7 T 180
15 6 H 270
1 8 H 180
18 8 H 270
14 8 H 270
11 -6 T 90
-3 8 T 270
6 11 H 270
14 11 H 180
-2 13 H 180
17 9 H 180
-1 12 H 90
5 -4 H 270
14 12 T 0
17 10 H 90
7 13 H 0
6 0 T 180
18 15 H 0
7 16 T 180
12 16 H 180
-2 15 H 270
17 15 H 180
13 17 H 180
14 15 H 0


0 16 H 0
2 -4 H 90







17 -6 H 270
2 -3 H 270


14 17 H 0

5 16 T 90
19 1 T 270




18 -7 H 180











4 4 T 180
-4 4 H 0
16 10 H 90
