-4 -4 H 0
0 -5 H 90
5 -5 T 270
9 -4 H 270
14 -4 H 180
20 -5 H 0
0 0 H 0
4 -1 T 0
14 -1 T 0
12 -1 T 270
1 -7 T 0
18 0 H 270
14 -4 T 90
21 -4 T 180
6 1 H 180
-2 3 H 180
19 1 T 180
16 1 T 0
2 5 T 90
19 -5 H 180
9 3 T 0
16 5 H 90
4 5 T 90
-1 7 T 0
21 7 T 270
8 6 H 180
11 6 T 90
18 8 T 180
6 -1 T 180
4 9 T 270
-5 -7 H 180
7 10 T 270
-3 -6 H 180
-3 11 H 0
7 -7 T 0
12 11 H 90
19 12 H 180
-5 -1 T 0
-6 4 H 0
0 13 T 270
2 3 H 270
6 13 H 90
13 11 H 90
18 13 T 0
-1 -6 T 0
15 -6 H 0
7 14 H 0
0 16 T 180
3 -7 H 90
13 16 T 0
1 -2 H 90
4 16 H 90
-2 13 H 180
5 -2 H 0
23 10 T 270
20 12 T 270
20 16 T 0


17 17 T 90
10 -7 T 180
-5 17 H 0
19 5 H 180
0 6 T 0

3 -2 H 270
0 18 T 180
17 -5 H 270
21 -6 T 0


19 6 H 0

-2 9 H 0


18 19 T 0

2 15 H 180

-2 11 T 180



16 17 H 270
14 -3 H 180



19 10 T 270

7 17 T 270


12 -5 T 0














7 10 H 90





12 0 T 90















-2 5 T 90




14 13 H 270



19 0 H 180

4 3 T 0

16 -3 H 90













-5 -3 H 270
-4 13 H 270
-4 -2 H 0
















1 -3 H 90


9 -2 T 180
13 9 T 0

12 0 H 90















15 1 T 180







11 0 H 90



14 3 T 180



5 7 H 270










-4 0 T 0
6 1 H 180


2 6 H 90




