-6 -7 H 270
-4 -4 H 180
-2 -6 T 180
3 -1 T 90
8 -3 H 270
13 -4 T 0
5 -5 H 90
-4 -6 H 0
17 -2 H 180
0 -4 H 90
18 -6 H 0
10 -2 H 180
4 -2 T 0
13 -1 T 270
9 -3 H 0
-3 -1 T 90
2 -1 T 90
1 2 T 270
2 -7 T 270
8 4 H 0
13 3 T 0
-3 3 H 90
4 -5 H 0
19 3 H 180
6 5 H 270
20 4 T 270
15 5 T 90
3 -1 H 270
0 7 T 180
8 6 H 180
-2 8 T 270
-1 -1 T 0
11 7 T 180
16 6 H 0
5 8 H 90
9 9 H 180
14 11 H 0
-1 11 T 0
3 11 H 270
6 -4 T 270
10 12 T 270
-1 16 T 0
8 14 H 90
16 16 H 90
4 15 H 90
11 -5 T 90
13 17 H 270
2 17 H 270
9 -2 H 270
0 12 T 0
15 18 H 0
0 22 H 90
2 0 H 270
13 1 H 180
4 19 H 0
16 17 T 0
0 2 H 270
9 20 H 270
14 13 T 180
13 22 H 0
0 8 H 270

17 0 H 270
8 0 H 180




13 22 T 0





15 -2 T 180


12 11 T 270

6 2 T 180

17 -4 H 180
18 9 T 0



8 5 H 0

16 13 T 90


-2 15 H 270
3 20 H 90




9 18 H 180



-2 -5 T 270








