-1 -5 H 0
1 -4 T 180
7 -6 H 180
12 -5 H 0
-4 -7 T 90
8 -2 H 270
14 -4 H 180
-3 -3 T 90
-3 -4 H 0
-3 -6 H 180
5 -2 T 0
-2 0 H 0
7 -1 H 270
4 0 H 180
16 -1 T 270
-4 1 T 180
9 0 H 180
6 0 H 180
13 3 T 90
1 3 H 0
5 2 H 90
16 5 T 0
7 3 H 180
0 7 T 180
2 6 T 0
7 7 T 90
11 6 H 90
1 -4 T 0
6 8 T 0
13 9 T 0
5 -1 T 270
-3 11 H 0
0 8 T 0
15 9 T 180
2 13 T 0
8 11 H 270
-1 4 T 270
12 13 T 90
5 -4 H 90
-1 14 H 0
1 16 H 270
0 -4 H 270
9 16 H 270
8 -6 H 90
3 -4 H 90
11 8 H 180
12 16 H 0
5 18 T 270
16 3 H 270
-6 17 T 180
13 7 H 90
2 20 T 270
10 19 H 90
13 19 T 270
-2 21 T 270
6 21 H 0
8 -7 H 90
13 12 T 90
-3 -1 H 0



7 14 T 0


9 -1 H 180


5 24 T 270

9 -7 T 0

6 12 H 180
-4 1 T 90
12 23 H 180
14 -6 T 180

-4 20 T 90


4 6 T 90


5 13 H 180
-6 17 H 90






-4 17 H 90








16 -5 T 90



10 2 H 270



