-4 -5 T 180
-2 -3 H 90
3 -3 H 90
4 -5 H 270
-4 -7 H 270
9 -4 T 90
13 -5 T 0
3 1 T 90
0 -7 T 0
7 0 H 180
13 0 T 270
13 -2 T 90
0 2 H 270
14 2 T 0
-1 -2 T 0
7 3 T 270
10 -2 T 90
-1 6 H 0
-1 1 H 0
2 -6 T 0
-4 4 T 90
5 4 H 180
9 6 H 0
6 9 H 0
15 6 H 180
12 -5 H 0
-4 7 H 180
6 9 H 180
1 8 T 0
3 8 H 90
10 10 H 270
-2 12 H 90
2 13 T 270
12 2 H 180
15 13 H 90
1 3 H 270
5 12 T 270
12 9 T 90
7 16 T 90
-1 15 H 90
8 0 H 90
11 16 H 0
1 17 T 270
6 -6 T 270
16 15 H 270
6 19 H 270
12 18 H 180
-3 18 T 180


0 17 T 270

2 25 T 90


8 18 H 270


1 -5 H 270







9 -6 T 0

10 -6 T 0

-5 -6 H 90




-2 -4 H 0

-4 -5 H 270
8 -5 H 0

8 -3 T 270

-1 1 T 90



-6 -3 H 180
11 15 H 90
