-4 -5 T 180
-2 -4 H 0
5 -4 H 270
10 -5 T 0
12 -3 T 90
17 -4 H 270
8 0 H 0
19 -1 H 0
-1 -3 H 180
2 2 H 90
1 -6 T 180
12 -2 T 0
23 -1 T 90
21 -4 H 90
-3 2 H 90
7 0 T 0
14 1 H 0
7 -1 T 90
22 1 H 90
2 2 H 270
10 4 H 0
0 -1 H 180
4 1 H 270
-1 5 H 90
6 4 H 180
13 4 H 270
18 5 H 0
-3 6 H 90
2 6 H 270
15 6 T 180
20 3 H 90
15 3 T 270
7 6 H 90
22 8 T 0
11 8 H 270
-1 9 T 180
2 -4 H 270
18 9 H 0
5 9 H 0
7 9 H 90
11 10 H 90
-1 10 H 270
19 11 H 270
-5 9 H 90
4 12 H 0
10 13 H 180
0 14 T 0
4 14 T 0
19 11 T 90
-4 6 T 90
13 14 H 0
9 15 H 90
13 15 T 270
20 17 H 90
11 17 H 90
0 16 T 270
5 15 H 90
17 7 T 180
-3 12 T 90
-4 18 T 180

17 17 T 180
4 11 H 90
