-3 -4 H 270
-2 -4 H 90
2 -5 T 180
8 -3 T 270
0 -4 T 0
0 -1 T 180
10 -6 H 0
12 -5 H 0
13 -6 H 0
12 -4 T 0
8 1 T 90
-4 -2 T 0
9 1 T 90
10 4 T 90
0 7 H 90
13 -3 T 90
13 0 H 0
17 5 H 270
2 -7 H 0
-1 6 H 180
5 -6 H 180
9 9 T 180
1 8 T 180
6 -7 T 270
1 10 T 180
2 -2 H 180
9 -6 H 180

13 12 T 270
9 10 T 180
-2 2 T 90
6 15 T 180
11 3 H 270


8 14 T 270
19 5 H 180

16 -7 H 270

5 4 H 0

7 -1 H 270


-4 -6 H 0
6 12 H 270

-1 -6 H 0



-1 -6 H 0

-6 -5 H 270

7 7 H 0






7 -5 H 270





-1 4 T 270
2 -1 T 180





12 1 H 0



12 -1 H 180
9 4 H 0
8 -5 H 90









-6 6 H 0
-4 15 T 90






8 0 H 270





4 -2 H 180

14 6 T 0



0 2 T 90

1 5 H 90




4 6 T 90


12 8 H 90

-1 13 H 180




























-4 -3 T 0














-3 -3 T 180















3 0 T 0



7 -1 T 270


0 1 T 180
