-1 -2 T 270
3 -2 H 180
9 -4 H 270
-1 -4 H 270
-4 -7 H 270
0 -7 T 180
0 -4 H 180
14 -4 H 0
7 -4 T 270
5 1 H 180
17 -2 H 0
20 -1 T 270
-5 -3 T 90
-4 -1 H 270
12 -1 T 270
20 1 T 270
0 3 H 90
18 0 T 180
13 4 T 270
7 3 H 0
0 4 H 0
15 -3 T 90
5 6 H 270
12 6 T 0
19 6 T 180
2 4 T 90
13 -2 H 270
10 5 T 180
-3 7 H 90
23 9 H 90
5 7 H 270
14 9 H 90
6 10 H 90
11 11 H 0
-4 11 T 270
9 -6 T 0
13 -3 T 90
1 -4 H 0
2 11 H 270
12 12 T 0
7 -7 T 0
22 13 H 270
1 13 T 180
17 14 H 90
5 13 T 270
19 0 T 90
22 -5 T 90
22 13 T 0
8 15 H 0
0 16 H 90
2 17 H 270
5 -4 H 0
12 16 T 270
16 5 H 180
23 16 H 270

11 13 T 0
22 -2 H 0
18 17 T 0


10 17 H 270

10 0 H 270


17 -4 H 90




1 0 H 180
15 3 T 180

-1 -6 H 90



-2 12 T 270



-3 -2 T 0


-4 -3 H 180












-2 17 T 270

-6 0 H 180





11 3 T 270







22 3 T 180


18 6 H 0


17 13 H 180


14 5 H 270




14 0 H 0



-6 5 T 0


1 -4 T 180




14 -5 T 0

1 16 T 180
9 20 H 0
13 16 H 270
10 20 T 180


