-4 -5 T 180
-1 -5 T 0
4 -4 T 270
-4 -6 T 90
8 -4 H 0
13 -4 H 180
19 -4 T 0
0 -6 T 270
18 -5 H 0
21 -5 H 0
-2 -2 H 270
19 -2 T 180
4 -1 T 180
18 -5 H 270
10 -1 T 270
22 -3 H 270
15 0 T 180
8 1 H 0
22 1 H 0
-2 3 H 90
12 3 H 180
18 2 H 90
2 1 H 90
6 1 T 180
-3 -6 T 270
4 4 H 270
13 4 T 180
19 3 T 180
24 5 H 180
7 6 H 180
20 5 H 270
-1 6 H 0
13 7 T 90
2 9 H 0
18 8 H 180
8 9 T 270
-6 7 H 90
22 8 H 270
-3 -6 H 270
-3 10 H 90
13 11 H 180
4 12 H 180
9 -3 H 270
1 -5 T 0
2 5 H 90
-5 -2 H 180
16 10 T 270
-4 11 H 0
19 -1 H 90
4 -7 T 180
18 12 H 180
6 13 T 90
22 13 T 0
13 14 T 90
7 0 H 270

0 13 T 0
22 17 T 180
0 16 T 90
16 2 H 0
21 -5 H 180
24 10 H 270

9 15 H 0


5 8 H 180
5 -4 T 90
1 7 T 90
1 14 H 180



19 -2 T 0





7 -1 H 90
7 -2 T 0

10 -1 H 0








7 6 H 270

19 15 H 270
12 -5 H 0


19 -6 H 90



24 -5 H 180











2 -4 H 0
8 1 H 270
