-4 -5 T 90
-6 -7 T 90
1 -4 T 180
6 -3 T 180
12 -4 H 0
16 -3 T 0
10 -1 H 270
15 -6 H 270
0 -2 T 90
18 -5 H 90
8 -1 T 180
13 1 H 0
1 -3 H 0
19 -2 H 270
-1 -1 H 90
0 3 T 90
13 -2 H 270
18 2 T 180
-1 5 T 180
7 6 T 90
13 4 H 180
20 6 H 180
0 8 H 180
11 6 T 0
21 2 H 270
12 7 T 90
16 5 T 270
4 9 H 90
0 9 T 270
11 10 H 90
-3 -5 T 0
2 -6 T 90
20 9 H 180
-3 -1 T 0
19 10 H 0
14 11 H 0
3 6 H 270
14 -6 H 0
-2 12 T 270
17 11 H 90
-5 7 H 90
10 -6 T 270
2 9 T 90
5 12 T 0
4 15 H 0
21 -4 T 180

17 12 H 270
21 4 H 270
-3 14 T 0
-1 -1 T 180
15 15 H 180
10 12 T 90

6 -4 H 180
11 6 T 180
8 6 H 90
19 9 H 270
21 11 H 270
19 15 T 180

11 15 T 270
14 14 T 90
-1 20 H 180

1 8 T 180


-5 -4 H 0















13 9 H 90





16 12 H 90




1 15 T 90




9 -7 T 90
8 3 T 270


15 0 T 180













19 17 T 90
20 1 H 90




















