-3 -3 H 0
-1 -5 T 180
3 -4 H 0
6 -5 H 180
8 -3 T 270
0 -7 T 270
13 -5 T 90
-2 -2 H 90
15 -6 H 90
16 -1 T 180
10 -6 T 270
20 -3 T 90
1 -6 H 0
4 -1 T 0
4 -6 T 180
13 0 T 180
-2 2 H 0
4 1 H 270
18 1 H 270
6 -7 T 270
20 -6 H 90
17 -5 T 90
18 -3 H 0
6 0 T 0
7 4 T 90
10 -5 H 180
14 3 H 0
15 4 H 270
0 6 H 180
20 5 H 270
-5 4 T 0
12 -7 T 180
19 0 T 0
4 -3 H 0
9 -4 H 270
4 7 H 180
10 7 T 180
14 7 T 90
-1 9 T 180
17 8 T 180
22 -3 T 180
18 9 T 270
10 -2 H 180
15 -2 H 90
2 -2 H 90
4 10 T 0
0 1 H 270
-4 8 H 270
14 2 H 180
12 10 H 90
-2 10 H 90
13 11 H 180
5 -3 H 90
23 3 T 180
19 13 H 90
14 -7 H 180
-1 15 H 0
5 13 H 180
10 14 H 90
7 14 H 180
8 5 T 0
21 -5 H 90
15 16 H 180
16 -4 T 180
18 14 H 0
4 16 T 270
-1 18 H 270
12 9 H 270
20 16 H 180
0 12 H 90
-4 -5 T 0

0 5 H 90

10 17 H 180


22 5 T 270


-5 13 H 90

20 -2 H 180



-1 17 H 270

18 -4 T 0
7 6 H 0
19 12 T 270
-4 -3 T 180
14 -2 T 90


11 18 T 270
6 9 H 270








15 -4 T 270
17 17 H 0



11 0 H 270





5 1 H 270
13 13 H 180
6 14 H 180
19 21 T 270


0 17 T 270
















14 22 H 0

13 18 H 90




8 -1 H 270




8 1 T 270



