-2 -5 T 90
-3 -4 T 0
6 -3 T 270
-3 -6 H 270
7 -5 T 180
12 -6 H 90
16 -5 T 270
11 -2 H 0
2 -1 H 180
15 -6 H 180
13 -2 H 90
0 -7 T 90
-3 1 T 180
17 2 T 270
16 -5 T 180
3 2 T 90
6 1 T 270
9 2 T 180
15 4 H 0
-4 -1 H 0
-3 4 T 180
18 -6 H 270
5 6 H 270
0 6 T 0
9 7 T 0
15 7 H 270
0 9 H 0
19 6 T 0
10 8 T 270
15 10 T 270
0 7 H 270
17 2 T 180
3 11 H 90
18 11 T 270
8 11 H 90
-5 11 H 0
-1 14 H 0
3 -7 T 270
7 13 H 0
4 15 H 180
7 -7 T 270
1 -2 H 0
9 -7 H 180
11 16 H 270
20 4 T 90
17 16 T 270
7 18 T 90
12 7 H 90
7 -2 H 0
12 -7 T 90
-4 17 T 180

12 17 T 270
10 -1 T 0
-2 10 H 270

10 18 T 0
14 -7 H 270
16 17 T 0

-5 13 H 180

9 5 T 180

17 8 H 270
-2 0 T 90

16 -7 T 270
-1 24 T 180

-1 11 H 90




8 3 H 90
-7 0 H 90
6 14 T 0















16 17 H 90
12 15 T 180



5 20 H 90


10 5 T 0


12 11 T 0













11 9 T 90

0 3 H 0


6 14 H 90
10 2 H 180

10 3 T 180


-1 20 H 90











7 5 H 270
14 4 H 90





