-3 -5 T 0
0 -6 H 90
3 -4 H 180
8 -6 H 0
10 -5 H 270
15 -4 H 0
-2 -1 H 90
8 -2 T 0
15 -2 H 0
9 0 T 180
3 2 T 90
9 2 T 90
17 1 T 180
17 -4 T 180
-1 -3 H 270
2 3 H 90
-3 3 H 0
7 5 H 0
14 5 H 90
18 0 H 90
5 0 H 90
5 -5 H 180
-3 6 H 180
13 7 H 90
1 -2 T 90
4 8 H 90
17 6 T 180
10 8 T 180
-5 0 H 90
17 11 H 90
3 11 T 0
16 6 H 0
8 12 T 90
-2 12 H 180

15 12 H 90
18 16 H 180
16 6 T 180


2 1 T 0


-1 -7 H 0


-1 9 H 90
-1 12 T 180






0 6 H 90


9 -7 T 0

0 12 H 270




-3 -7 H 0

1 -7 T 0

12 1 T 0




9 -5 H 270
8 -6 H 0
-5 -5 H 270


18 3 T 90





13 14 H 90

18 -5 H 90




13 -6 T 90


-5 2 H 180










11 -2 T 180
2 -2 H 90



8 3 H 0

-1 4 H 180


5 3 H 270









12 7 H 90


-2 -2 H 180





11 5 T 270
14 6 H 270







4 9 T 0
13 8 H 0



8 11 H 180
