-4 -6 H 180
-1 -4 T 0
4 -4 H 0
8 -3 T 270
12 -5 H 90
15 -5 H 0
13 1 H 270
14 -3 T 90
-2 1 H 270
1 -1 H 180
-5 -7 T 90
-3 -6 H 270
6 1 T 180
13 2 H 270
15 1 T 180
1 3 H 0
4 4 H 90
10 4 H 0
-3 5 T 0
5 5 H 0
5 0 T 90
14 7 H 270
8 -4 T 90
0 8 T 90
3 3 H 0
15 7 H 90
11 -7 H 180
6 7 H 0
4 10 T 90
-5 9 T 180
12 11 H 0
15 4 T 90
14 -5 H 270
17 11 H 0
17 -6 T 180
-1 11 H 90
4 12 H 0
-4 -2 H 90
7 14 T 180
15 15 T 270
3 15 H 180
1 13 H 270
16 -7 H 90
0 15 T 180
17 17 H 270
4 -5 T 180
5 18 T 90
13 18 T 270
7 9 T 270
-3 20 H 90
17 19 H 90
19 21 T 0
2 18 T 270
10 -6 T 0
-4 3 T 90
2 23 H 90
1 -5 H 0
6 22 T 0
10 21 T 270
-4 23 H 0
15 -4 T 270
15 22 T 90
0 10 H 180














0 21 T 180

0 -4 T 90




0 -2 H 0


7 -2 H 90

18 -3 H 0



8 -3 H 90






10 -3 H 180





-1 -2 H 180

-1 6 H 270

4 2 H 90



11 8 T 270

7 4 T 90
5 8 H 270
7 16 H 90



2 6 T 270





11 22 H 0

14 -2 T 270

-1 6 H 180

9 7 H 180

-4 -3 H 0




16 7 T 270










17 9 H 270



-4 11 T 90
4 -2 H 180






-5 -1 T 0
11 15 H 270


6 14 H 90

9 15 H 90





7 -1 T 90




-3 20 T 270
8 22 T 90

16 23 H 0












