1 -3 T 90
4 -3 H 270
-2 -5 H 180
8 -6 H 270
9 -5 T 90
14 -4 H 270
16 -3 H 0
17 -1 T 90
-2 -2 H 270
21 -3 H 0
23 -3 H 180
5 -1 H 90
24 -6 H 90
8 -2 T 0
0 -2 H 90
3 -3 T 0
18 -1 T 90
11 -2 H 180
-2 3 H 180
16 1 H 270
25 1 H 270
24 -3 T 0
26 -2 H 180
4 4 T 0
9 0 H 270
15 1 T 90
19 1 T 270
24 3 T 90
0 -5 H 270
9 3 H 90
4 -4 H 180
-3 2 H 180
11 5 T 90
15 5 H 180
23 5 H 180
-3 6 T 0
20 4 T 180
2 6 H 90
10 7 H 180
1 4 H 270
1 5 T 90
20 6 H 180
23 10 T 180
12 5 H 270
5 -7 H 180
7 5 H 0
-1 9 H 0
23 5 H 270
4 8 H 270
13 -6 H 270
7 11 T 0
17 10 T 90
-1 10 T 180
12 8 H 270
18 -5 H 0
13 11 T 270
22 11 T 0
4 11 T 90
0 -6 H 90
-4 13 H 0
14 10 H 90
8 14 H 0
20 -6 T 0
11 11 T 0
-3 -2 H 270
16 15 H 180
21 -7 T 180
0 14 T 270
12 16 H 270
20 15 H 0
24 15 T 90
8 14 T 0
0 17 H 270
14 17 T 180
4 18 T 0
10 17 T 90
18 19 H 0
21 21 H 0
26 17 H 90
-4 20 T 90
6 -2 T 270
2 22 H 90
0 12 H 0
11 22 T 180
19 23 H 90
22 0 H 0
12 -5 T 0
7 23 T 0
25 22 T 0
9 16 H 180


1 23 H 0
16 28 H 90
22 26 H 0

4 24 T 90
23 24 T 180

6 -4 T 0




8 -2 H 270



22 -5 T 90
-1 1 H 180
11 4 H 270
-3 1 T 270


19 -1 H 90
0 22 T 0
22 17 H 270
5 2 H 180
-2 8 H 0


10 22 H 0




8 25 H 90


17 20 T 90

2 -3 T 0
12 -3 H 0
25 12 T 90


21 4 T 180

16 11 T 180

11 22 H 180
-2 26 T 90
-3 3 T 270


-3 17 H 90
4 11 H 270

6 0 H 180


17 24 T 0
