-3 -5 H 0
1 -4 T 180
5 -4 T 90
-5 -6 T 180
10 -5 H 270
13 -2 T 270
18 -4 H 0
7 -2 H 90
3 -6 H 270
14 -3 H 270
-4 -1 H 180
1 -2 H 180
19 -1 T 270
-4 -7 H 270
3 1 T 180
13 -5 H 270
7 2 H 0
14 0 H 0
10 1 H 180
-1 1 T 180
16 2 H 270
-3 4 H 270
20 1 H 180
-2 5 T 270
7 5 T 270
3 6 T 0
-1 -7 H 0
13 5 T 270
19 4 T 180
18 6 H 0
22 8 H 270
15 8 H 0
4 -1 H 0
-2 8 H 180
23 -1 H 0
6 1 H 180
16 0 T 180
6 9 T 270
8 8 H 270
0 3 H 90
3 12 T 180
14 11 T 0
-3 12 T 180
8 12 H 270
16 11 H 270
22 13 H 0
6 8 H 90
11 15 H 0
16 16 H 0
3 -6 H 270
5 -7 T 90
5 17 T 180
-3 15 T 0
