-1 -4 H 0
0 -4 T 90
-4 -4 T 90
3 -3 H 180
4 -4 T 180
9 -3 H 90
-2 0 H 90
9 0 H 0
12 -6 T 270
14 -6 H 270
-1 -6 T 90
17 -4 T 90
5 -2 T 180
13 -2 H 180
19 1 T 0
17 1 T 0
6 -6 T 270
3 3 T 0
11 0 T 90
1 -7 H 0
22 -4 H 0
16 4 H 180
11 5 H 180
4 7 H 180
-4 4 T 0
4 -7 H 90
2 6 H 270
8 3 T 90
19 4 H 180
10 -2 H 180
23 -1 H 270
-1 2 H 0
10 7 T 270
-5 6 H 0
17 -7 H 180
15 8 H 0
18 9 T 0
0 9 H 0
15 -5 H 90
1 8 T 90
11 10 H 90
2 -5 H 270
1 12 H 180
10 -4 H 90
6 9 H 180
11 10 T 180
15 12 T 270
23 10 H 180
3 -1 H 0
-3 13 H 270
7 13 T 90
12 -3 H 270
20 14 T 270
10 12 H 180
3 14 T 0
1 16 T 180
12 14 T 180
7 17 T 0
8 -5 T 90
17 15 H 90
19 15 T 270
13 18 H 90
9 -6 H 180
0 18 H 270
16 19 T 180
22 17 H 180
-3 1 H 270
2 19 T 270
3 19 H 90
8 19 T 270
16 -2 T 270
-3 21 T 270
20 21 T 270
18 1 H 90
8 24 H 180
16 22 H 270

3 22 T 90
20 -1 H 90
4 3 T 90
22 6 H 90
10 14 H 90




-4 3 T 180


21 3 H 180
12 -6 T 90

16 22 T 180

16 16 H 270







0 17 H 270

-3 2 T 0







9 6 H 180














15 7 T 90
9 5 H 0






19 -7 T 270




10 17 T 0


6 10 T 90

17 4 H 90



14 17 H 90







2 16 H 270
-2 -4 H 90

7 -3 H 90











5 4 T 90
15 -5 T 90
-2 7 T 90


17 7 T 180








1 15 H 180



19 15 T 180

14 -4 T 180



13 20 T 270

21 7 T 0













21 21 H 0



-7 7 H 180
14 9 H 270



















2 10 H 270
15 12 H 270




-4 -3 H 0




