-5 -5 H 90
-1 -3 T 90
-2 -6 T 270
2 -4 T 270
0 -6 H 0
2 -7 H 90
-4 -3 H 0
6 -5 T 90
13 -2 H 270
15 -2 T 180
12 -2 T 270
1 -2 H 270
4 -1 H 90
-2 -2 H 0
15 1 T 0
-1 2 T 0
16 -4 H 90
7 2 T 270
6 3 T 180
14 1 T 270
18 3 T 90
15 4 T 180
8 5 H 180
-3 0 H 0
10 -3 H 270
2 7 T 180
14 8 H 270
16 8 T 180
-4 4 H 0
7 6 H 180
-2 9 T 90
4 -6 H 0
4 8 H 90
-2 9 T 0
14 9 T 90
1 10 H 0
3 -7 H 90
7 -7 T 90
7 13 T 90
15 12 T 180
0 12 H 180
10 12 H 270
4 13 H 180
12 15 T 180
-2 15 H 90
1 0 T 0
18 13 H 180
4 16 T 270
15 17 T 90
10 16 T 0
-1 18 T 0
12 20 T 270
-1 21 T 0
17 7 T 0
12 -5 T 180
2 22 T 270
18 0 H 270
6 20 T 270
16 21 T 270
10 23 H 90
0 3 H 0

14 23 T 270
11 -6 T 90
-1 -5 T 90
-1 7 H 90


7 17 H 180
2 24 H 0
-3 25 T 0
15 -6 T 0

14 24 T 90




-4 12 T 270
7 14 H 90


2 -6 T 270



-2 8 H 270

-3 -4 H 0

9 11 H 90
8 6 H 0


0 24 T 180



16 -5 H 90





1 -5 H 90




5 28 T 90
-5 -3 H 0






2 -3 H 90




10 -1 H 90





15 25 T 90



8 9 H 180




11 -4 H 90








6 -1 H 0
