-7 -7 H 90
0 -2 H 180
2 -2 H 180
3 -5 T 180
8 -4 H 180
14 -2 T 180
17 -2 T 90
9 -2 T 0
18 0 H 180
3 1 H 180
13 -5 T 90
-4 -7 H 90
-4 -2 T 270
9 2 H 90
0 3 T 270
13 2 T 0
0 0 H 180
5 3 H 90
0 -6 H 270
1 -5 T 90
16 5 H 90
3 -7 T 0
3 7 T 270
-4 6 T 0
15 5 T 90
9 6 H 90
-1 9 H 90
-5 2 T 270
8 8 H 90
14 10 T 180
11 11 T 270
17 13 H 0
-1 13 H 90
2 11 T 270
11 9 T 0
-1 15 T 0
5 -6 T 90
5 15 H 90
15 15 H 0
6 2 T 90
2 17 T 270
14 16 H 180
3 -7 H 180
11 19 T 90
-1 19 T 270
14 21 T 0
6 18 H 0
1 21 H 90
8 21 T 180
-2 23 H 180
3 19 T 180
7 -5 H 180
1 25 T 90
6 24 H 180
14 -6 H 180
14 -2 T 90


7 -5 H 180

11 -7 T 0
7 18 T 180
8 26 T 90




4 5 T 0


8 15 H 180



14 -5 H 180
14 6 T 270

-1 -5 T 90



10 13 H 180
14 22 H 180


6 -2 H 270

-3 -5 T 270


-1 -3 T 270









0 -4 H 90




3 26 H 0




3 -1 H 0







7 -4 H 180
17 -4 H 180

-3 -1 H 270


14 29 H 90







12 0 H 270
11 -1 H 90




0 1 T 180








1 -2 T 90








8 2 T 180





12 2 H 180










1 2 T 180






-4 4 H 180


0 9 H 180
2 0 T 180










3 -1 T 270
14 -1 H 0






-4 0 H 90





-6 15 T 180


1 13 H 270




15 4 T 270
2 9 T 270


-2 1 T 0














-2 1 H 0


-1 11 H 270



