2 -3 H 270
7 -2 T 270
-1 -3 H 90
12 -5 H 90
15 -4 T 180
-2 0 H 180
-4 -4 H 180
0 -6 T 0
11 0 H 0
2 0 H 90
12 2 T 180
14 1 H 180
-4 -7 H 270
6 2 T 0
9 -7 H 180
1 -4 T 180
-3 5 H 0
-1 2 T 180
13 3 T 270
5 4 H 90
11 4 H 90
13 -3 H 0
5 -5 H 180
3 5 H 0
3 -2 T 90
8 7 T 270
6 -2 H 270
10 6 H 0
-1 8 H 90
14 6 H 180
15 -4 T 90
0 -2 T 180
4 10 T 180
-4 -7 H 90
1 -7 H 0
9 7 H 270
14 9 H 90
13 9 T 90
-4 -1 H 90
13 1 T 90
8 -1 H 270
14 3 T 90
-6 7 H 270
-1 12 T 0
6 12 T 270
14 8 T 270
11 13 H 0
14 13 H 180
0 11 T 0


-5 0 T 270
3 3 H 270
-4 13 T 0



4 -6 T 90






5 19 H 90


8 19 T 180





5 7 H 0

12 -5 T 270






-2 -6 T 180










9 5 H 0
9 -5 H 270
-4 2 T 270

















6 0 H 0




17 4 H 90
13 11 T 90



9 8 T 270



















2 14 T 0





0 -1 H 0


2 5 H 270

9 1 T 270






-4 6 T 90



11 -1 T 180










-4 10 T 90








14 1 H 0

-1 10 H 0

14 0 H 90








-4 13 H 180


10 1 H 270












5 14 H 90







-4 5 H 270
9 3 T 0


14 12 H 90














2 4 T 180




