-2 -3 T 0
1 -4 T 0
6 -6 T 180
9 -4 H 180
6 -1 T 270
12 -1 T 0
12 -4 T 90
-5 -5 H 90
17 -2 H 0
11 -6 H 90
18 -3 H 270
-1 -1 T 270
-2 -6 T 270
0 -6 H 270
0 0 H 270
10 1 T 0
6 0 T 180
-2 3 H 0
14 2 H 180
6 -4 H 0
18 -2 H 180
4 1 H 0
19 3 T 0
6 5 T 0
9 4 T 90
3 6 T 180
10 -7 H 90
18 7 H 90
22 -2 T 270
6 -4 H 180
8 8 H 270
1 -2 H 0
11 11 H 0
0 10 T 270
13 0 T 180
0 4 T 0
19 3 T 270
4 11 T 0
6 12 H 0
-3 6 T 270
18 10 H 90
1 15 T 270
19 0 T 270
13 12 H 90
9 2 H 90
18 15 H 180
12 16 H 0
20 6 H 180
2 5 H 180
18 14 H 180
