00000000000000000000000000000000
00000000000000000000000000000000
00000000000000000000000000000000
00000000000000000000000000000000
00000000000000100000000000000100
00000000000000000000000000000000
00000000000000000000000000000000
00001000000000000000000000000100
00000000000000000000000000000000
00000000000000100000000000000000
00000000000000000000000000000000
00000000000000000000000000000000
00000000000000000000000000000000
00000000000000000000000000000000
00000000000000000000000000000000
00000000000000000000000000000000
00000000000000000000000000000000
00000000000000100000010000000000
00000000000000000000000100000000
00000000010000000000000000000000
11111111111111111111111111111111
11111111111111111111111111111111
11111111111111111111111111111111
11111111111111111111111111111111
11111111111111111111111111111111
11111111111111111111111111111111
11111111111111111111111111111111
11111111111111111111111111111111
11111111111111111111111111111111
11111111111111111111111111111111
11111111111111111111111111111111
11111111111111111111111111111111

111
00000000
01100000
11100000
01000000
00000000
00000000
00000000
00000000

00011111
00001111
00000001
00000011
00000001
00000000
00000000
00000000

00010001
00010001
00011111
00000100
00000000
00000000
00000000
00000000

00000000
00000011
00000001
00000001
00000011
00000000
00000000
00000000

00000000
11100000
11000000
00000000
00000000
00000000
00000000
00000000

10000000
11000000
10000000
00000000
00000000
00000000
00000000
00000000

00011110
00011110
00111010
00011000
00001000
00000000
00000000
00000000

11100000
01100000
00110000
00010000
00000000
00000000
00000000
00000000

01100000
01110000
01000000
01000000
01100000
11100000
00000000
00000000

00011110
00001110
00111110
00000110
00000000
00000000
00000000
00000000

00000000
00000000
10000000
10000000
10000000
11100000
11100000
11100000

00000000
11111000
10111111
00101010
00000000
00000000
00000000
00000000

00000001
00000001
00000111
00000011
00000010
00000000
00000000
00000000

00000000
00001110
00000100
00000110
00000000
00000000
00000000
00000000

00000000
00000000
00000000
00000000
00000000
00000000
00100000
00100000

00011111
00011111
00001101
00011100
00000000
00000000
00000000
00000000

00000000
00000000
00000100
00000000
00000000
00000000
00000000
00000000

00000000
00010000
00110000
01111000
11011000
11000000
11000000
10000000

01111111
00000111
00000101
00001100
00000110
00000000
00000000
00000000

00000011
00000010
00000000
00000000
00000000
00000000
00000000
00000000

00000000
00000000
00000000
00000000
00000000
00000001
00000000
00000000

00000111
00001100
00111111
01111000
00000000
00000000
00000000
00000000

00000000
00000000
00000000
00000000
11000000
11100000
11111000
11110000

00000000
00000000
00000000
00000000
01000000
01000000
01110000
00110000

11111000
11110000
11000000
11000000
10000000
00000000
00000000
00000000

00000000
00000000
00000000
00000000
11111000
11101000
11100000
11100000

00000000
00000000
00000000
00000000
00001000
00111000
00111000
00000000

00000000
00000000
00000000
00000000
00010000
01111100
00010000
00010000

11000000
11000000
01100000
01100000
00000000
00000000
00000000
00000000

00000000
10100000
11100000
11000000
01000000
00000000
00000000
00000000

00000000
00000000
00000000
00010000
00110000
00011000
01111000
11100000

00000000
00000100
00011110
00001100
00000000
00000000
00000000
00000000

00001000
00001000
00001000
00001100
00001111
00001001
00001000
00000000

00000000
00000000
00000000
00000000
00000000
00000000
00100000
00000000

00000000
00000000
00000000
00000001
00000111
00000110
00000110
00000011

00000000
00001000
00001000
00101100
00111111
00011100
00000000
00000000

00000000
00000000
00001000
00001000
00011100
00001100
00000000
00000000

00111000
01101000
01100000
11000000
00000000
00000000
00000000
00000000

00000000
00000000
00000000
00000000
00011000
00000000
00000000
00000000

00000000
00000000
00011000
00001000
00001000
00000000
00000000
00000000

00000000
00000000
00000011
00000011
00001111
00000111
00000001
00000000

00000000
00011000
00111000
00011000
00001000
00001100
00000100
00000000

00000000
00000000
00100000
00100000
00100000
01111000
01110000
01100000

00000000
00000000
00000000
00000000
00000010
00010110
00011111
00000111

01000000
01000000
01000000
00000000
00000000
00000000
00000000
00000000

00000000
00000000
00000000
00000000
00000000
00000000
00010000
00111000

00000000
00000000
11110000
01100000
00000000
00000000
00000000
00000000

00000000
00100000
00000000
00000000
00000000
00000000
00000000
00000000

00000001
00000011
00000000
00000000
00000000
00000000
00000000
00000000

00000000
00000000
00000000
00000000
00000000
00111000
00111000
00110000

11111100
11111000
11011000
00000000
00000000
00000000
00000000
00000000

00000000
00000000
11000000
11000000
10000000
00000000
00000000
00000000

00011100
00000110
00000111
00000101
00000001
00000000
00000000
00000000

00110000
00011000
00010000
00011000
00111000
00010000
00000000
00000000

00000000
00000000
00000000
00000000
00001100
00011111
00001110
00011100

00000001
00000011
00000001
00000111
00000001
00000000
00000000
00000000

00000000
00000000
00000000
00000100
00111100
00001000
00000000
00000000

00000000
00000000
00000000
11101000
11111000
00110000
00110000
00000000

00000000
00000000
00000000
00000001
00000011
00000011
00000001
00000001

00000000
00000000
00000000
10000000
11000000
10000000
10000000
00000000

00000000
00000000
00000000
00000000
00101100
00111100
01111000
00000000

00000111
00000111
00011111
00000111
00000010
00000000
00000000
00000000

01111100
01111110
00010100
00000000
00000000
00000000
00000000
00000000

00000000
00000000
10000000
11000000
11110000
11111000
10100000
10000000

00000000
00000000
10000000
11000000
11100000
11100000
01110000
01110000

00000000
00000000
00000000
00001000
00011000
00000000
00000000
00000000

11000000
11000000
11110000
11000000
10000000
00000000
00000000
00000000

00000000
00010000
11111000
00111000
00111000
00011000
00011000
00000000

00000000
00000000
00000000
00000000
10000000
10000000
10000000
11100000

11100000
01100000
00000000
00000000
00000000
00000000
00000000
00000000

00000000
00000000
00011100
00111110
00011110
00001010
00000000
00000000

00001111
00000011
00000011
00000110
00000000
00000000
00000000
00000000

00000000
01000000
00000000
00000000
00000000
00000000
00000000
00000000

00000000
00000001
00000011
00011111
00001000
00001100
00000100
00000000

00000010
00011110
00001111
00000010
00000000
00000000
00000000
00000000

00000000
00000000
00000000
00111000
00011000
00111000
00100000
00000000

00000000
00000000
00010100
00111110
00000110
00000000
00000000
00000000

00111111
00111110
00011100
00000100
00000000
00000000
00000000
00000000

00001000
00001100
00011110
01111110
00111000
00000000
00000000
00000000

11100000
11110000
00010000
00000000
00000000
00000000
00000000
00000000

00000000
00000000
00000000
00000000
00000000
00000000
00011000
00010000

00000000
00000000
01000000
11100000
01111100
00000100
00000100
00000000

00000000
00000110
00111110
00110000
00000000
00000000
00000000
00000000

00000000
00000000
00000000
00000000
00011110
00001110
00000100
00001100

00000000
00000000
00000000
00001000
00001100
00000111
00000000
00000000

00000000
00000000
00000000
00000000
00000000
01111000
01111000
00111110

00000000
00100000
01100000
01100000
11100000
01110000
00000000
00000000

00000000
00000000
00000000
00000000
01000000
11110000
11111000
11111100

00000000
00000000
00000011
00000011
00000011
00000000
00000000
00000000

00000000
00000000
00001000
01111110
00011100
00010100
00000110
00000000

00000000
01000000
11000000
01001000
01111000
01110000
11000000
11000000

00000000
00000000
00000000
00000001
00000001
00000001
00000001
00000000

00000000
00000000
00000000
00001000
00111100
00011100
01111100
00001000

00000000
00000000
00001100
01101000
01111000
00111100
00000000
00000000

00000000
00000000
00000000
00100000
01110000
01110000
01100000
00000000

00000000
00000000
00000000
00000000
00000000
00110000
00111100
00110000

00000000
00010000
00010000
00010000
00000000
00000000
00000000
00000000

00000010
00000010
00000000
00000000
00000000
00000000
00000000
00000000

00000000
00000000
00000000
00000110
00000000
00000000
00000000
00000000

00000000
00000001
00000001
00001111
00000011
00000010
00000000
00000000

00011100
01111000
00011100
00001000
00000000
00000000
00000000
00000000

11111100
11001000
11100000
10000000
10000000
00000000
00000000
00000000

00000011
00000111
00000111
00000100
00000000
00000000
00000000
00000000

00000000
00000000
00000000
00000000
00000000
00100100
00101101
01111111

00000000
00000000
00000000
00000000
00000000
00000000
00000011
00000011

00000000
01000000
01000000
01000000
00000000
00000000
00000000
00000000

00000000
00000000
00000000
00000000
00001100
00001000
00000000
00000000

00000000
00000000
00000000
00000000
00000000
11001110
01111110
01111100

00000000
00010000
01110000
11110000
11111000
10000000
10000000
00000000

00111111
00011110
00001010
00001010
00000000
00000000
00000000
00000000

00000000
00010000
00010110
00011110
00001100
00000000
00000000
00000000
