00000000000000000000010000000001
00000000000000000000000000000001
10100000000000000000000000000001
00000000010000000000011000000001
00000000000010001001000000000001
00100000000000000000000000000001
00010000001000000000000000000001
00000000000000000000000000000101
00000000000000000000000000000001
00000000100000000000000000000001
01000000000000000000000000000001
00000100000000000000000000000011
00000000010000010000000000000001
00000000000000000000000000000001
00000000000000000000000000000001
00000000000010000101000000000011
01000000100000000001000000000001
00000000000000000000000000000011
00000000100000000000000000000001
00001000000000000000100000000001
11111111111111111111111111111111
11111111111111111111111111111111
11111111111111111111111111111111
11111111111111111111111111111111
11111111111111111111111111111111
11111111111111111111111111111111
11111111111111111111111111111111
11111111111111111111111111111111
11111111111111111111111111111111
11111111111111111111111111111111
11111111111111111111111111111111
11111111111111111111111111111111

57
00000000
00000000
00000000
00000000
00000010
00011011
00011111
00011111

00000000
00000000
00000000
00000010
00000010
00111111
00001010
00000000

00000000
00000000
10000000
10000000
11000000
11110000
11110000
11100000

00111000
00111000
00111000
00111000
00000000
00000000
00000000
00000000

00000100
00000110
00000100
00000000
00000000
00000000
00000000
00000000

00000000
00000000
00000000
10000000
00000000
00000000
00000000
00000000

00111100
00111000
11111100
01100000
00000000
00000000
00000000
00000000

00000000
10000000
10000000
00000000
00000000
00000000
00000000
00000000

01100000
00110000
00110000
00011000
00111000
00000000
00000000
00000000

00000000
00000000
00000000
01000000
11000000
11000000
01000000
00000000

01111111
00001100
00001000
00000000
00000000
00000000
00000000
00000000

00000000
00000000
00000000
00001000
00111100
01111000
00000000
00000000

00000000
00000000
00000000
00000000
00001110
00001110
00000000
00000000

00000000
00000000
00000000
00000000
00000011
00000011
00001111
00000111

00000000
00000110
00000010
00000000
00000000
00000000
00000000
00000000

00000000
00000000
00000000
00010000
00010000
00011000
00000000
00000000

00011000
00111000
01111000
01111100
00001000
00000000
00000000
00000000

00000000
00000000
00000000
00000000
00000000
00000001
00000001
00000001

00000000
00000000
00000000
00010101
01111111
00110001
00110000
00010000

00010000
00111100
00111000
00000000
00000000
00000000
00000000
00000000

11000000
01000000
01100000
01000000
00000000
00000000
00000000
00000000

00000000
00000000
00000000
00000000
11000000
00000000
00000000
00000000

00000000
00000000
00000000
00000000
00000000
00000000
00000000
00010000

00000000
00000000
00000000
00000000
11000000
01000000
01000000
00000000

00000000
00000000
00000000
00000000
00000000
00000000
00000001
00000000

00000000
00000000
00000000
00010000
01011000
11110000
01010000
00000000

11100000
11100000
01100000
00100000
00000000
00000000
00000000
00000000

00000000
00000000
00000110
00000011
00000011
00000000
00000000
00000000

11000000
11100000
11110000
11100000
01110000
01000000
00000000
00000000

00000000
00000000
00000000
00000000
00000000
00000001
00000000
00000000

00000000
00000000
00000000
00000000
00001101
00000111
00000011
00000001

00000110
00000110
00001111
00011111
00011100
00000000
00000000
00000000

00000000
00000000
00101000
00111000
00110000
01110000
00010000
00000000

00000000
00000000
10000000
11000000
01100000
00110000
01111000
01111100

00000000
00000000
00000000
00000010
00000010
00000011
00001111
00001111

00000000
00000000
00000000
00000000
00000000
00000100
00000000
00000000

00010000
00110000
00111110
00111100
00001000
00000000
00000000
00000000

00000000
00000000
00000000
00000000
00000000
00000000
00001100
00000100

00001000
00001000
00011100
00011000
00010000
00000000
00000000
00000000

00000000
00000000
00000000
00000000
00000100
00001100
00011111
00011111

00000000
00010000
00011000
00010000
00010000
00000000
00000000
00000000

00000000
00000000
00000110
00000110
00000000
00000000
00000000
00000000

00011100
00011000
00010000
00000000
00000000
00000000
00000000
00000000

00000000
00000000
00000000
00000000
00000100
00001100
00001110
00001110

00000000
00000000
00100000
11100000
01110000
00111000
01110000
11100000

00010000
00000000
00000000
00000000
00000000
00000000
00000000
00000000

00001000
00000000
00000000
00000000
00000000
00000000
00000000
00000000

00000000
01000000
11100000
11000000
11100000
11100000
10000000
10000000

00000000
00000000
00000000
00000000
00000000
01000000
01100000
11100000

00000111
00000001
00000111
00000111
00000011
00000000
00000000
00000000

00000000
00000000
00000001
00000001
00000011
00000111
00001111
00000001

00000000
00110000
00110100
00011110
00010110
00000111
00000000
00000000

00010011
00011111
00000001
00000001
00000011
00000011
00000001
00000001

00000000
00000000
00011111
00001111
00001110
00000000
00000000
00000000

00000000
00110000
00100000
11110000
11110000
10100000
00000000
00000000

00000000
00000000
00000000
00000000
00000000
00000000
00110000
01111000

00011100
01111110
00011110
00000010
00000011
00000000
00000000
00000000
