00000001001000000000000011111111
00000000000000000000000011111111
00000000000001010010000011111111
00010000000000000000000011111111
00000000000000000000000011111111
00000000000010000000010011111111
00000000000000000000110011111111
00000000000000000000001011111111
00000000000000000000000011111111
00000000000000100000000011111111
00000000000100000000000011111111
00000000000000000000000011111111
00001100010000000100000011111111
00000001000000000000000011111111
00000000000000011000000011111111
00000000000010000000000011111111
00000000001000000000000011111111
00000000000001000010000011111111
00001000000100001000000011111111
00101000000000000000000011111111
00000100000000000000010011111111
00010000000000000000000011111111
00000000000000100000000011111111
00000001000000000000000011111111
00000000000000000100000011111111
00001000000000000000000011111111
00000000000000000000000011111111
00100000000000000100000011111111
11111111111111111111111111111111
11111111111111111111111111111111
11111111111111111111111111111111
11111111111111111111111111111111

103
11000000
11100000
11100000
10000000
00000000
00000000
00000000
00000000

00000000
00000000
00000000
00000000
00000000
00110000
00100000
00100000

11100000
00000000
00000000
00000000
00000000
00000000
00000000
00000000

11000000
11000000
11000000
10000000
11000000
10000000
00000000
00000000

00000000
00000000
00000000
00000011
00001111
00001101
00011101
00000011

00100000
01100000
00000000
00000000
00000000
00000000
00000000
00000000

00000000
00000000
00000000
00000000
00000000
00000000
00000000
01110000

00000001
00000011
00000011
00000011
00000011
00000000
00000000
00000000

00000000
00000000
00000011
00000011
00000010
00000000
00000000
00000000

00000000
00000000
01100000
00100000
00000000
00000000
00000000
00000000

01110000
00110000
00110000
00100000
00000000
00000000
00000000
00000000

00000000
01101010
11111110
00111010
00010000
00000000
00000000
00000000

00000000
00001100
00001110
00001011
00001010
00000000
00000000
00000000

00000000
00000000
00000000
10000000
00000000
00000000
00000000
00000000

00000000
00000010
00000000
00000000
00000000
00000000
00000000
00000000

00000000
00000000
00001100
00001111
00001111
00000011
00000110
00000110

00000000
00000000
00000000
00001000
00011000
00010000
00000000
00000000

00001010
00011010
00111111
00000011
00000001
00000000
00000000
00000000

00000000
00000000
00000000
00000000
00000000
00000000
00011000
01110000

11111111
11111000
10010000
00000000
00000000
00000000
00000000
00000000

00000000
00000000
00000000
00110000
01100000
01100000
01000000
11100000

00000110
00000110
00001110
00000000
00000000
00000000
00000000
00000000

00000011
00000001
00000011
00000001
00000001
00000000
00000000
00000000

00000000
00000000
00000000
00000000
00000010
00000110
00000011
00000000

00000010
00000000
00000000
00000000
00000000
00000000
00000000
00000000

00000000
00000000
00000000
00011111
00000111
00000100
00000000
00000000

00000000
01010000
11110000
01111000
00000000
00000000
00000000
00000000

00000000
00000000
00000000
00000000
11100000
11111000
01110000
00100000

00000000
00000000
00000000
11100000
01110000
00110000
00110000
00000000

00000000
00000000
00000000
00000000
10100000
11100000
01110000
00111000

00000001
00000001
00000000
00000000
00000000
00000000
00000000
00000000

00100000
11111000
11101000
00000000
00000000
00000000
00000000
00000000

00000000
00000000
11000000
11110000
11000000
10000000
11000000
00000000

00000000
00111000
00011000
00001100
00001100
00000000
00000000
00000000

00000000
00000000
00000000
00000000
00100000
00110000
00110000
00100000

11110000
11110000
11100000
10000000
00000000
00000000
00000000
00000000

00000000
00000000
01000000
01000000
00000000
00000000
00000000
00000000

00000000
00000000
00000000
00000000
00010000
00010000
00110000
00010000

00000000
00000000
00000000
00000100
00000111
00111111
00011011
00000000

00000000
00000000
00000001
00000111
00011111
00000011
00000011
00000001

11000000
11000000
11100000
11100000
11000000
11000000
01000000
00000000

00011110
00001000
00000000
00000000
00000000
00000000
00000000
00000000

00000000
00000001
00000111
00000001
00000001
00000000
00000000
00000000

00000000
00000110
00001100
00001000
00000000
00000000
00000000
00000000

11100000
01111000
01010000
01000000
00000000
00000000
00000000
00000000

00000000
00000000
00000000
00000000
00000000
00110000
00100000
00000000

11111000
11111100
11100000
01000000
00000000
00000000
00000000
00000000

00000000
01111000
00001000
00000000
00000000
00000000
00000000
00000000

00000000
00000000
00000000
00000100
00001100
00011100
01111110
00011110

00000000
00000000
00000010
00000000
00000000
00000000
00000000
00000000

11110000
11111000
10010000
00110000
00000000
00000000
00000000
00000000

00111111
00000111
00000011
00000111
00000001
00000000
00000000
00000000

00000000
00000000
00000000
00000000
00100000
01110000
00110000
00100000

00000000
00000000
00000000
00000100
00101100
01111111
00010000
00000000

00000000
00000000
00000000
00000000
00000000
00000000
00010000
00000000

00000000
00000000
00000000
00000000
00001000
00001110
00001000
00000000

00000000
00000000
00000000
00000000
00101000
00111000
00000000
00000000

00000000
00000000
00000000
00000000
01001100
01011100
01111000
00001000

11100000
01110000
01110000
01100000
11100000
00100000
00100000
00000000

00000000
00000000
00000000
00011110
00110111
00100011
00000001
00000001

00000000
00001010
00011110
00000111
00000100
00000000
00000000
00000000

00011111
00010011
00000010
00000000
00000000
00000000
00000000
00000000

00000000
00000000
00000000
00010000
00010000
00011111
00110100
00110000

01000000
01100000
01100000
01000000
00000000
00000000
00000000
00000000

00000000
00000000
00000000
00000000
00000000
01110000
01110000
01111000

00001100
00001100
00000000
00000000
00000000
00000000
00000000
00000000

00000000
00000011
00000110
00000000
00000000
00000000
00000000
00000000

00000000
00000000
00000000
00000000
00100000
00100000
00000000
00000000

00000000
00000000
00000000
00000000
00000110
00001111
00011111
00001111

00000000
00000000
00000000
00000000
00000110
00000011
00000111
00011111

00000000
00001100
00001000
00000000
00000000
00000000
00000000
00000000

00000000
00000000
00000000
00000000
00001000
00001110
00000000
00000000

00000000
11000000
11100000
11000000
11000000
10000000
00000000
00000000

00000000
00001100
00000000
00000000
00000000
00000000
00000000
00000000

00000000
00000000
00000000
00000000
00000000
00000000
11100000
11111000

00000000
00000000
00000000
00000000
00000000
00000000
01100000
00110000

00100000
11100000
01100000
00110000
00010000
00000000
00000000
00000000

00000000
00000000
00000000
00000000
00010000
11110000
11110000
11111000

00000000
00111000
00011110
00001000
00000000
00000000
00000000
00000000

00000000
00000000
00011000
11111100
01111100
00100000
00000000
00000000

11100000
11000000
00000000
00000000
00000000
00000000
00000000
00000000

00000000
00000000
00000000
00000000
00000000
00000000
10000000
10000000

00110000
01110000
00000000
00000000
00000000
00000000
00000000
00000000

00000000
00000000
00000000
00000000
00000110
00000111
00001100
00001100

00000000
00000000
00000000
00000000
00001110
00001111
00001111
00001001

00000000
00000000
01000000
00000000
00000000
00000000
00000000
00000000

00000000
00000000
00000110
00000010
00000000
00000000
00000000
00000000

00000000
00000000
01000000
01000000
01111000
11011000
10010000
11110000

00000000
00000000
00000000
00000000
00000000
00001100
00001110
00000011

00000000
00000000
00000001
00001111
00000011
00000110
00001110
00001110

00000000
00000000
00000000
00000000
00000000
00000111
00111111
00011111

00000000
00000000
00000000
00000000
00000100
00000100
00000111
00000100

00000000
00000000
00000000
00000000
10000000
10000000
11100000
11100000

00000111
00000111
00000011
00000001
00000001
00000000
00000000
00000000

00000000
00000000
00000000
00000000
00000000
00001100
00000000
00000000

00111100
00001100
00001000
00111000
00011110
00001000
00000000
00000000

00000000
00000000
00000010
00001110
00001100
00111100
00011110
00110000

00010000
00111000
00110000
00100000
01100000
11100000
11110000
00000000

00000000
00000000
00000000
00000000
00000000
00011000
00010000
00000000

00000000
00000000
01110000
11100000
11110000
10100000
00000000
00000000

10000000
00000000
00000000
00000000
00000000
00000000
00000000
00000000

11111000
11100000
01000000
01110000
00000000
00000000
00000000
00000000

00000011
00000011
00000111
00000011
00000001
00000000
00000000
00000000
