01000001000000000000000001111111
00000000000000000000010000111111
00000000000000000000000000111111
00000000000000000000000000111111
00000000000000001000000000111111
00000000000000001000000000111111
00010000000000000000100000111111
00001000000000000000000000111111
00000010000000100101000000111111
00100011001000000000000000111111
00000000000000000000000100111111
10000001000000000001000000111111
00000000000000000010000000111111
00000000000010000100100000111111
00000000000000000000000000111111
00000000100000000000000010111111
00000000000000000000010000111111
01000000000000110000000010111111
00000000000000000000000000111111
01000000000000000000000001111111
00000000000000000000000000111111
00000000000001000100010000111111
00000000000000000000000000111111
00000001000000000000000001111111
00000000000000000000000100111111
11111111111111111111111111111111
11111111111111111111111111111111
11111111111111111111111111111111
11111111111111111111111111111111
11111111111111111111111111111111
11111111111111111111111111111111
11111111111111111111111111111111

12
00000000
00001100
00001000
00001100
00000000
00000000
00000000
00000000

00000000
00000000
00000000
00000000
00000000
00110100
00011111
01110001

00001100
00111100
00011000
00001000
00001100
00001100
00001100
00000000

00000000
00000000
00000010
00000010
00000010
00000000
00000000
00000000

11110000
10110000
00000000
00000000
00000000
00000000
00000000
00000000

00011111
00001011
00000001
00000011
00000001
00000001
00000000
00000000

00000000
00000000
00000000
00000000
00000000
10000000
11110000
11000000

00000011
00000000
00000000
00000000
00000000
00000000
00000000
00000000

00000000
00000000
00000000
00000000
00000000
00110000
00100000
00100000

00000000
00000000
00000000
00000000
00000000
00000011
00000011
00000001

00001111
00001110
00000000
00000000
00000000
00000000
00000000
00000000

00000000
00000000
00000000
00000001
00000001
00000001
00000011
00000001
