00000000000000000000111111111111
00000000000000000000111111111111
00000000000000000000111111111111
00000000000000000000111111111111
00100000000000000000111111111111
00000000000000000000111111111111
00000000000000000000111111111111
00000000000000000000111111111111
00000000000000000000111111111111
00000000000000000000111111111111
00000010000000000000111111111111
00000000000000000000111111111111
00000000000000000000111111111111
00000100000000000000111111111111
00000000000000000000111111111111
00000000000000000000111111111111
00000000000000000001111111111111
00000000000000000000111111111111
00000000000000000000111111111111
00000000000000000000111111111111
00000000000000000000111111111111
00000000000000000000111111111111
00000000000000000000111111111111
00000000000000000000111111111111
11111111111111111111111111111111
11111111111111111111111111111111
11111111111111111111111111111111
11111111111111111111111111111111
11111111111111111111111111111111
11111111111111111111111111111111
11111111111111111111111111111111
11111111111111111111111111111111

66
11000000
11000000
11000000
10000000
00000000
00000000
00000000
00000000

00000000
00000000
00000000
00000000
00000000
00000010
00000010
00000010

00100000
01100000
11100000
00000000
00000000
00000000
00000000
00000000

00000000
00000000
00000000
11110000
10000000
11000000
10000000
11100000

00000000
00000000
10000000
11000000
11000000
10000000
11000000
00000000

00000000
00000000
00000000
01000000
00000000
00000000
00000000
00000000

00000000
00000000
00010000
00010000
00000000
00000000
00000000
00000000

00000000
00000000
00000011
00001111
00000110
00000010
00000010
00000000

11000000
11111000
11101100
11000000
10000000
00000000
00000000
00000000

00000000
00000000
00000000
00000000
00000000
00000000
00000000
00000011

00000010
00000010
00000010
00000010
00000010
00000011
00000111
00011111

00000000
00000000
00000000
00000000
01110000
11110000
11000000
11100000

00000000
00000000
00010000
00011000
00010000
00111100
00011110
00000000

00000000
00000000
00000000
00000000
00000000
10000000
00000000
00000000

00000000
01100000
11000000
00000000
00000000
00000000
00000000
00000000

00000000
00000000
00000000
00000000
00000000
00000000
00000000
00000110

00000000
00000000
01100100
11111100
00110111
00000000
00000000
00000000

00000000
00000000
00111000
11111000
00000000
00000000
00000000
00000000

00000000
00000000
00000000
00001100
00001000
00000000
00000000
00000000

00000000
00000000
00000000
01000000
11100000
11110000
10100000
10100000

00000000
00000000
00000000
00000000
00000000
11100000
01100000
01100000

00000000
00000000
00000000
00000000
00000000
00000000
00000000
11000000

11111100
11001000
11000000
11000000
00000000
00000000
00000000
00000000

00000000
00000000
00000000
00000000
00000000
00000000
00000011
00000011

00000000
00000000
00000110
00000111
00000010
00000110
00000010
00000000

00000000
10000000
11111000
01110000
01100000
11000000
00000000
00000000

00000000
00010000
00111000
10100000
11100000
11110000
00100000
00100000

00000011
00001111
00001111
00000011
00000000
00000000
00000000
00000000

00000000
00000000
00000000
00000000
00100000
00111000
00011100
01111100

00000000
00000111
00000011
00000001
00000001
00000000
00000000
00000000

11111110
11100000
11100000
10000000
11000000
00000000
00000000
00000000

00000000
00000000
00000000
00000000
00000000
00000000
00001000
00000000

00000000
00000000
00000110
00000110
00000000
00000000
00000000
00000000

00110000
00111100
00110000
00011000
00000000
00000000
00000000
00000000

00000000
00000000
00000000
00000000
00001110
00001100
00011110
00001100

00110000
01111000
01101000
00100000
00000000
00000000
00000000
00000000

00000000
00000000
00000000
00100000
00000000
00000000
00000000
00000000

00000000
00000000
00000000
00000000
00010000
00110000
11110000
10000000

00000000
00000000
00000000
00000000
00000111
00001110
00001100
00000111

11100000
11110000
11000000
11000000
00000000
00000000
00000000
00000000

00000000
00000000
00000000
00000000
00000000
11000000
11110000
11111000

00000000
00000000
00001000
00000000
00000000
00000000
00000000
00000000

00000000
00000000
01000000
00000000
00000000
00000000
00000000
00000000

00011000
00011000
00000000
00000000
00000000
00000000
00000000
00000000

00000000
00000000
00000010
00000110
00001111
00001111
00001111
00001000

00000000
00000000
00000000
01000000
00000000
00000000
00000000
00000000

00000000
00000000
00000000
00011100
00001110
00011000
00011000
00000000

00000000
00000000
00000000
00000000
00111100
00010000
00011000
00010000

00000000
00010000
00011000
00000000
00000000
00000000
00000000
00000000

00000000
00010000
00110100
00111110
11110000
00111000
00000000
00000000

00000000
00000000
00000000
00000000
00000000
00001100
00001110
00000110

00000000
00000000
00000000
00000000
00000000
00001000
00101100
11111100

11110000
10010000
11100000
11000000
01000000
00000000
00000000
00000000

00000000
00000000
00001000
00001100
00001000
00000000
00000000
00000000

00000000
00000000
00000000
00000000
00000000
00100000
01110000
00110000

00000000
00000000
00000000
00100000
11101000
01111000
01110000
00110000

00000000
00000000
00000000
00000000
00010000
00011000
01111000
00000000

00000001
00000001
00000000
00000000
00000000
00000000
00000000
00000000

00000000
10000000
10000000
11000000
11100000
00000000
00000000
00000000

00000000
00000000
00000010
00000111
00000011
00000010
00000000
00000000

00000000
01000000
11010000
11110000
11100000
01000000
01000000
00000000

00000000
00000000
00010000
00111000
00111000
00000000
00000000
00000000

00000000
00000000
00000000
01000000
01100000
00110000
00111000
00010000

00000000
10111000
11111000
10000000
11000000
00000000
00000000
00000000

00000000
00000000
00000000
00000000
00000000
00000000
10000000
00000000

00010000
00110000
10111000
11111100
10110000
00000000
00000000
00000000
