00000000000000000001000000111111
00000100000000000000100010111111
00000000100000011000000000111111
00000000100100000000000000111111
00000000000010000000000000111111
00001100000000000000000000111111
00000000000010000010000000111111
00000000000000000000010000111111
00010100000000000000000000111111
00000000001000000000000000111111
00000000000000010000000000111111
00100000001000000000000000111111
00000000000000000000000000111111
00001001000000000000000000111111
00000000000010000000000000111111
00000000000000000000000000111111
00000110000000001000000001111111
00000000001100000000000000111111
00000000000000000000000000111111
00000000000001000000000000111111
00000000000000100000000000111111
00001000000000000000000000111111
00000000000100000000000000111111
00000000000000000000100000111111
00000001000001000000000000111111
00010000000000000000000000111111
00010000000000000000000000111111
00000000000000000000001000111111
00000000000000000000000001111111
00000000000000000000000100111111
00001000000000000000000000111111
11111111111111111111111111111111

19
00000000
00000000
00000000
00000000
00000010
00000111
01111111
00001111

00000000
00000100
00001100
00001110
00011100
00000000
00000000
00000000

00000000
00000000
00000011
00000111
00000111
00000100
00000100
00000000

00001100
00011111
00001001
00000000
00000000
00000000
00000000
00000000

11110000
11100000
11000000
10000000
10000000
00000000
00000000
00000000

10000000
10000000
11000000
10000000
10110000
11100000
11100000
00000000

00000001
00000001
00001111
00001001
00000000
00000000
00000000
00000000

00000001
00000001
00000001
00000000
00000000
00000000
00000000
00000000

00100000
01110000
00010000
01111000
00100000
00100000
00100000
00100000

00001100
00011100
00011000
00001100
00000100
00000000
00000000
00000000

00000000
00000000
00000000
00000000
00010000
01111000
00100000
00100000

00000000
00001000
00011000
00011100
00001100
00001100
00000110
00000100

00010000
00110000
00100000
00100000
00100000
00000000
00000000
00000000

00000000
00000000
00110000
00010000
00110100
00111100
00010000
00011000

00000000
00000000
00000000
00000000
00000000
00100000
01110000
00000000

01111110
00011110
00111010
00100000
00000000
00000000
00000000
00000000

00000000
00000000
00000000
00111000
01111000
00101000
00001000
00001000

00000011
00000001
00000000
00000000
00000000
00000000
00000000
00000000

00000000
00010000
00000000
00000000
00000000
00000000
00000000
00000000
