00000000000000000000000000000111
00000000000000000000000000000111
10000000000000010000000000000111
00000000000000000010000000000111
00000000000000000001000000000111
00000001000010000000000000000111
00000000000000000001000000000111
00000000000000000010000000000111
00000000000000000000000000000111
00000000000000000001000000000111
00000000000000001000000000000111
10000000001000000101001000000111
00000001000100000000000000000111
00010000010000000000000001000111
01000000000000000000000000000111
00001000000000010000000000000111
00000000000100000010000000000111
00000000000000000000000000000111
10010000000000000000000000000111
00001000000000000000000000000111
00000000000000000000000000010111
00000000001000010000000000000111
00000010000010000000000000000111
00000101000000000000000000000111
00000000000000000000000000100111
00000001000000000000000000000111
11111111111111111111111111111111
11111111111111111111111111111111
11111111111111111111111111111111
11111111111111111111111111111111
11111111111111111111111111111111
11111111111111111111111111111111

191
00010000
00111000
00011000
00000000
00000000
00000000
00000000
00000000

11000000
11000000
11000000
11100000
11100000
10100000
00000000
00000000

00000011
00000111
00001101
00111100
00000100
00000110
00000100
00000000

00000000
00000000
00000000
00000000
00000000
01100000
11000000
11000000

00000000
00000000
10100000
10110000
11100000
01110000
01111000
00010000

00011000
00111100
00111000
00000000
00000000
00000000
00000000
00000000

00000000
00000000
00000000
00000000
00000101
00000111
00000110
00000000

00000000
00000000
10000000
11000000
11100000
11111000
11000000
10000000

00000000
00000000
00000000
00000000
00000000
00000011
00000010
00000010

00000000
00000000
00000000
00000000
00100000
00100000
01110000
00010000

00000000
00000000
00000000
00001000
00011100
00011100
00000000
00000000

00000000
00000000
00000000
00011100
00001100
00001110
00001110
00011111

00000000
00000000
00000000
00000000
00000000
00110000
00110000
00100000

00011000
01111000
01000000
00000000
00000000
00000000
00000000
00000000

00000000
00000000
00000000
00000000
00000010
00001110
00011000
01111000

00000000
01000000
01000000
01100000
00000000
00000000
00000000
00000000

00000000
00000000
00000011
00000011
00000001
00000011
00000010
00000000

11110000
11100000
11110000
11000000
10000000
10000000
00000000
00000000

00000000
00000000
00110000
00011100
00111100
00111000
01110000
00000000

00000011
00000011
00000111
00000111
00000000
00000000
00000000
00000000

00100000
01101000
11111100
00101100
00001000
00000000
00000000
00000000

00000011
00000011
00000010
00000010
00000000
00000000
00000000
00000000

00000000
00000000
00000000
00000000
00000011
00000000
00000000
00000000

00000000
00000000
00000001
00000000
00000000
00000000
00000000
00000000

00000000
00000000
00000000
00000000
00000000
00100000
00000000
00000000

00000000
00000000
00000001
00000011
00000011
00000111
00000011
00000011

00000000
00000000
00000000
10000000
10000000
11100000
11110000
11100000

00000000
01010000
11110000
10000000
00000000
00000000
00000000
00000000

00001111
00000000
00000000
00000000
00000000
00000000
00000000
00000000

00000000
00000000
00000000
00000000
01000000
11100000
01000000
00000000

11111000
11111100
01111000
00000000
00000000
00000000
00000000
00000000

11110000
11111100
01111000
01000000
00000000
00000000
00000000
00000000

00000000
00000000
00000000
00010000
00110000
01111000
11110000
11111000

00011100
01111000
00000000
00000000
00000000
00000000
00000000
00000000

01000000
01100000
11000000
01000000
01100000
11100000
11100000
00000000

00000000
00000000
00000000
00000000
00000000
00000000
00000000
00000001

11111000
11010000
11000000
11000000
10000000
11000000
01000000
00000000

00000000
00000000
00000000
00000000
00100000
00110000
00000000
00000000

00000000
00000000
00000000
00011110
00011111
00000100
00000000
00000000

00000000
00000000
00000000
00000000
00000000
00000001
00001101
00111111

00000000
00000000
00000000
00000000
01100000
11110000
11110000
11100000

00000000
00000000
00000010
00000110
00000011
00000000
00000000
00000000

00000000
00000000
00000000
00000000
00001100
00001111
00000111
00001111

00000000
00001000
00011110
00111000
00001111
00001000
00001100
00000000

00000000
00000000
00000000
00000000
00000000
00000000
00000000
00001000

00000000
00001100
00001100
01111110
00011100
00000000
00000000
00000000

11111110
10011000
00010000
00000000
00000000
00000000
00000000
00000000

00000100
00001100
00011000
00001000
00000000
00000000
00000000
00000000

00000000
00000000
00000111
00000001
00000000
00000000
00000000
00000000

00000000
00000000
00000001
00000001
00000001
00000001
00111111
00011111

00000000
00000000
00000000
00000000
00000000
00000000
00000000
01100000

00000111
00011111
00000111
00000011
00000010
00000000
00000000
00000000

00000000
00001011
00001111
00000011
00000011
00000000
00000000
00000000

10000000
11100000
11111000
01101100
00100000
00000000
00000000
00000000

00000000
00000000
00000000
00000000
11000000
01100000
01100000
01000000

00000000
00000000
00110000
01100000
00110000
01111000
01000000
00000000

00000000
10000000
11100000
00110000
00110000
00110000
00000000
00000000

00000000
00000000
00000000
00000011
00001111
00001101
00000000
00000000

00000000
00000000
00000000
11000000
01110000
00111110
00011000
00010000

00011100
00011000
00001000
00000000
00000000
00000000
00000000
00000000

01100000
01110000
00110000
00010000
00000000
00000000
00000000
00000000

00000000
00000000
00000000
00001000
00001110
00000000
00000000
00000000

00000000
00000000
00000110
00001100
00000000
00000000
00000000
00000000

11111000
01101000
00100000
00000000
00000000
00000000
00000000
00000000

00000000
00000001
00000001
00000011
00000000
00000000
00000000
00000000

00110000
01100000
01000000
00000000
00000000
00000000
00000000
00000000

00000000
00000000
00000000
00000000
00111000
00111000
00000000
00000000

00000000
00000000
00000000
00000000
00000000
00000010
00000010
00000010

00000000
01100000
01110000
00000000
00000000
00000000
00000000
00000000

00000000
00000000
00000000
00000000
00000010
00000011
00000011
00000111

00000000
00000000
00000000
00000000
00000000
00000110
00001111
00000001

00011100
00000100
00001110
00000111
00000011
00000000
00000000
00000000

00000000
00000000
00000000
00000000
00000010
00000010
00000110
00000010

00000010
00000110
00000011
00000000
00000000
00000000
00000000
00000000

00000000
00000000
00000001
00000001
00000001
00000000
00000000
00000000

00100000
00111000
01110000
11110000
11000000
11000000
10000000
00000000

00000000
00000011
00000000
00000000
00000000
00000000
00000000
00000000

11000000
11100000
11000000
11100000
10100000
00100000
00110000
00000000

00000000
00000000
00000000
00001000
00011000
00000000
00000000
00000000

00000000
00000000
00000000
00000010
00000011
00000110
00000010
00000000

00000000
00000000
00000000
00000000
00000000
00000000
10000000
11110000

00000000
00000000
00000000
00000000
00000000
01000000
01100000
00100000

00000000
00000000
00000000
10000000
10000000
11010000
11110000
11110000

00000000
00000000
00001000
00011110
00011100
00000100
00000110
00000100

00000000
00000000
00000000
00000000
00000000
00000010
00111111
01111111

00000000
01111000
11110000
00010000
00000000
00000000
00000000
00000000

00000000
00000000
00000000
00000000
00000001
00000001
00000001
00001111

00000000
00000000
00000000
00000000
00000000
10000000
00000000
00000000

00000000
00000000
00000000
00000000
00000000
10000000
10000000
00000000

01110000
01110000
01111000
00110000
00000000
00000000
00000000
00000000

00001000
00001100
00000000
00000000
00000000
00000000
00000000
00000000

10000000
11100000
11110000
11000000
01000000
00000000
00000000
00000000

00000000
00000000
00000000
00000000
00001010
00001111
00111100
00011000

10000000
11000000
10000000
10000000
00000000
00000000
00000000
00000000

11111000
01110000
01110000
00000000
00000000
00000000
00000000
00000000

00110000
00011010
00011110
00001100
00111000
00010000
00000000
00000000

00000000
00000000
00000000
00000000
00001100
00000100
00000000
00000000

00000000
00000000
00000000
00000000
00000000
00000101
00011111
00001111

00000000
00000010
00000110
00000110
00001111
00000101
00000000
00000000

10000000
11100000
10000000
11100000
01000000
00000000
00000000
00000000

00000000
00000000
00000000
00000000
00000000
00000001
00000000
00000000

01111111
00011111
00001110
00000100
00000000
00000000
00000000
00000000

00000000
10000000
11000000
00000000
00000000
00000000
00000000
00000000

00000001
00000001
01111111
00111010
00001000
00000000
00000000
00000000

00000000
00000000
00000000
00000000
00000000
00000000
11111000
00000000

00000000
01000000
11000000
00000000
00000000
00000000
00000000
00000000

00000000
00000000
00000000
00100000
00100000
00110000
01111110
00111110

00000000
00000000
00000000
00000000
11110000
11100000
11110000
11111000

00000000
00000000
00001000
00111100
00001000
00000000
00000000
00000000

00000000
00000000
00000000
00000000
00111000
00011100
00011000
00011000

00000000
00000000
00000000
00000100
00000100
00000110
00000011
00001111

00000000
00000000
00000000
00000000
00000010
00000011
00000111
00000111

00000000
00000000
00000000
00000000
00011000
00010010
10110110
11111100

00000000
00000000
00010100
00111110
00001110
00000000
00000000
00000000

00000000
00000000
00000000
00000000
00000100
00011100
00111110
01111100

00000000
00000000
00000000
00000110
00000100
00000110
00001111
01111111

00000000
00000000
00000000
00000000
00000000
00000000
00000001
00000001

00000000
00000000
00100000
00100000
00000000
00000000
00000000
00000000

00000000
00000000
00011000
00111100
00000000
00000000
00000000
00000000

00000000
00000000
00010000
00010000
01111000
00010000
00110000
00100000

00010000
00111110
00000110
00000100
00000000
00000000
00000000
00000000

11000000
10000000
11000000
11100000
11100000
11000000
00000000
00000000

00000000
00000000
00000000
00000000
01000000
11100000
11000000
11110000

00000000
00000000
00000000
10000000
11000000
11100000
01000000
01110000

00000000
00000000
00000000
00000000
00100100
00111100
01100000
00100000

00001000
00111100
00111000
00011000
00110000
00010000
00110000
00000000

00000000
00000000
00000011
00000001
00000111
00000001
00000011
00000011

00000000
00000000
00000000
10000000
10000000
11000000
00000000
00000000

00000000
00000000
00000000
11000000
01110000
01000000
00000000
00000000

00000000
00000000
00000000
00000100
00000100
00001110
00000110
00000011

00000000
00000000
00000000
00000001
00000000
00000000
00000000
00000000

11000000
11110000
01110000
00110000
00000000
00000000
00000000
00000000

01111000
00111000
00011100
00010110
00000000
00000000
00000000
00000000

00000000
00000000
00000000
00000000
11000000
10000000
10000000
00000000

10000000
11100000
00000000
00000000
00000000
00000000
00000000
00000000

00000000
00000000
00000000
00000000
11110000
01111100
00111000
00011100

00000000
00000000
00000000
00000000
00000000
00000000
00000000
11000000

00000000
00000000
00111100
00111000
00111000
00100000
00000000
00000000

00000000
00000000
10000000
11100000
11000000
00000000
00000000
00000000

00000000
00000000
00000000
00000000
00000010
00001010
00001110
00111110

00000000
00000000
00000000
00000000
00111000
00111000
00011100
00000000

00000000
00000010
00001110
00011000
00000000
00000000
00000000
00000000

00000000
00000000
00000000
00111000
01111100
00100000
00100000
00000000

00000000
00000000
00000000
00000000
00000000
11000000
10000000
00000000

00000000
00000000
00000000
00000000
10000000
10000000
10000000
11000000

00000000
00000100
00000100
00011110
00000000
00000000
00000000
00000000

00000000
00000000
00000000
00000000
00000010
00011111
00111110
00011000

00000000
00000001
00000000
00000000
00000000
00000000
00000000
00000000

00000000
00000000
00000000
00110000
00110000
01110000
00110000
00000000

00000000
00000000
00000000
00000000
10000000
11000000
10000000
00000000

00000000
00000000
00000000
00000000
01110000
00110000
00011000
00000000

00111001
00001111
00001111
00000010
00000000
00000000
00000000
00000000

00011111
00000111
00011111
00000000
00000000
00000000
00000000
00000000

00000000
00000000
00000000
00000000
00000000
00000000
00011000
00011100

00100000
00100000
01100000
01100000
01110000
00000000
00000000
00000000

00000000
00000000
00000000
01000000
01000000
01110000
11100000
11000000

10000000
11000000
11110000
11110000
01000000
01100000
01100000
00000000

00000000
00000000
00010000
00011110
00011100
00110000
00100000
00000000

00000000
00000000
00000000
00110010
00011111
00110000
00000000
00000000

00000000
00000000
01000000
11000000
01000000
01000000
11000000
11100000

00000000
00000000
01000000
00000000
00000000
00000000
00000000
00000000

00000000
00000000
00000000
00000000
00111100
00110000
00010000
00000000

00000000
00000000
00000000
00000000
00000000
00000000
00010000
11111000

00000000
00000000
00000000
00000000
00001100
00111100
00111000
00111100

00000011
00000011
00000001
00000001
00000001
00000011
00000011
00000001

00000000
00000000
00000000
00000000
00010000
00010010
00011110
00001100

00000000
00000000
00000000
00001000
00001111
00000111
00000011
00000000

00000000
00000000
00011110
00000000
00000000
00000000
00000000
00000000

00000000
00000001
00000011
00000001
00000011
00000001
00000000
00000000

00000000
00000000
00000000
00000000
00000100
00001100
00011110
00011000

00100000
00100000
11110000
10100000
10000000
11110000
10000000
00000000

00000000
00000000
00000000
00000000
00100000
01110100
00111100
00011110

00000000
00000000
00111000
11110000
10111000
10101000
00101000
00000000

11100000
10100000
00100000
00000000
00000000
00000000
00000000
00000000

00111000
11111100
00011000
00010000
00000000
00000000
00000000
00000000

00000000
00000000
00000000
00000000
00000000
00110000
00110000
01111110

00001111
00001011
00000011
00000011
00000011
00000000
00000000
00000000

00000000
00000000
00001000
01111100
01001000
11001100
00000000
00000000

00111100
00111000
00111100
00111000
00000000
00000000
00000000
00000000

00000000
00000000
00000000
00000000
00000000
00010000
00110000
00000000

00000000
00000000
00000000
00000000
00000000
00000000
00000000
00011000

11100000
11110000
11100000
10110000
10100000
00100000
00000000
00000000

00000000
00000000
00000000
00000000
00000000
00000000
00000000
11100000

00000000
00000000
00000000
00000000
00000011
00000001
00000001
00000000

00000000
00000000
00000000
00000000
00000000
00010000
00010000
00011000

00000000
00000000
00000000
00000000
00000000
00000000
00000000
01000000

00000000
00000000
00000000
00011000
00111100
01111000
01010000
00011000

00000000
00000000
00000000
00000000
00010000
01011100
11111000
11111100

00000000
01000000
00000000
00000000
00000000
00000000
00000000
00000000

00000000
00000000
00000000
00000000
00000000
00000000
00111100
00011111

00000000
00000000
00000000
00000000
00011000
00111101
01110111
00000111
