00000000000000000000000000000001
00000000000000000000000000000001
00000000000000000000000000000001
00000000000000000000000000000001
00000000000000000000000000000001
00000100000000000000000000000001
00000000000000000000000000000001
00000000000000000000000000000001
00000000000000010000000000000001
00000000000000010000000000000001
00001000000000000000000000000001
00000100000000000000000000000001
00000000000000000000000000101001
00001001100000000000000000000001
00000000000000000000000000000001
10000000000000000000000000000001
00000000000000000000000000000001
00000000000000000000000000000011
00000000000000000000000000000001
00000000000000000000000000000001
11111111111111111111111111111111
11111111111111111111111111111111
11111111111111111111111111111111
11111111111111111111111111111111
11111111111111111111111111111111
11111111111111111111111111111111
11111111111111111111111111111111
11111111111111111111111111111111
11111111111111111111111111111111
11111111111111111111111111111111
11111111111111111111111111111111
11111111111111111111111111111111

21
00000000
00000000
00000000
00000000
00000000
10000000
10000000
10000000

11000000
10000000
10000000
11110000
11100000
11110000
10000000
00000000

00000000
00000000
00000000
01111100
00111000
00100000
00000000
00000000

00000000
00000000
00000000
10000000
11100000
11000000
00000000
00000000

00000000
00000000
00000000
00000000
00000000
00000001
00000001
00000000

00000000
00000000
00000000
00000010
00000010
00000010
00000000
00000000

00000000
00000000
00000000
00000110
00001110
00001110
00000010
00000000

01110000
00100000
01111000
00010000
00000000
00000000
00000000
00000000

00100000
00000000
00000000
00000000
00000000
00000000
00000000
00000000

00000000
00001000
11111100
11110000
01100000
00000000
00000000
00000000

00111110
00000010
00000000
00000000
00000000
00000000
00000000
00000000

00000000
00000000
00000000
00000000
11100000
01100000
01000000
01100000

00000000
00011000
00110000
11110000
11110000
11000000
01000000
01000000

00011110
00011100
00010100
00000000
00000000
00000000
00000000
00000000

00000000
00000000
00000000
00000000
00000000
00000100
00000000
00000000

00000000
00000000
00000000
00000000
00000000
00000111
00001111
00000100

11000000
01000000
01000000
00000000
00000000
00000000
00000000
00000000

00000000
00000000
01000000
01100000
11000000
11110000
00000000
00000000

00000000
00000000
00000000
00101000
00111100
00001100
00001100
00000000

11111100
00100000
00100000
00000000
00000000
00000000
00000000
00000000

00000000
00000000
00000000
00000000
00001110
00001000
00111000
11111100
