00000000000000000000000000011111
00000000000000000000000000011111
00000000000000000000000000011111
00000000000000000000000000011111
00000000000000000000000000011111
00000000000000000000000000011111
00000000000000000000100000011111
00000000000000000000000000011111
00000000000000000000000000011111
00001000000000000000000000011111
00000000000000000000000100011111
00000000000000000000000000011111
00000000000000000000000000011111
00000000000000000000000000011111
00000000000000000000000010011111
01000000000000000000000000011111
00000000000000000000000000011111
00000000000000000000000000011111
00000000000000000000000000011111
00000000000000000000000000011111
00000000000000000000000000011111
00000000000001000000000000011111
00000000000000000000000000011111
00000000000000000000000000011111
00000000000000000000000000011111
00000000000000000000000000011111
00000000000000000000000000011111
00000000000000000000000000011111
00000000000000000000000000011111
00000000000000000000000000011111
00000000000000000000000000011111
00000000000000000000000000011111

28
00000000
00000000
00000000
00000000
00000000
01100000
11100000
11100000

00000000
00000000
00111100
00010000
00110000
11110000
00110000
00100000

00000000
00000000
00000000
00000000
11000000
11100000
11111000
11111000

00000000
00000000
00000000
00000000
00000000
00000000
00110100
00011111

00000000
00000000
00000000
00000000
00011100
00011100
00000000
00000000

00000000
00111000
00110000
00000000
00000000
00000000
00000000
00000000

00000000
00000000
00001000
00001010
00001110
00001100
00000110
00000110

00000000
00000000
01100000
01000000
11000000
11100000
11100000
11110000

00011000
01011000
11111000
00111000
00000000
00000000
00000000
00000000

00000000
00000000
00000111
00000110
00000000
00000000
00000000
00000000

11000000
01100000
00100000
00000000
00000000
00000000
00000000
00000000

00000000
00000000
00000000
00000000
00000000
00000011
00001011
00001111

00000000
00000000
00001100
00001000
00001111
00000011
00000011
00000111

00000000
00000000
00000000
00000000
01010000
01111000
00010000
00010000

00000000
00000000
00000000
00000000
00000000
00000001
00001011
00011111

11111000
00101000
00000000
00000000
00000000
00000000
00000000
00000000

00000000
00000000
00000000
00000000
00000000
00000100
00011100
00001000

00000000
00000000
00000000
01000000
11010000
11111000
11110000
00010000

00000000
00000000
00000000
00011110
00000110
00000111
00000010
00000000

00000000
00000000
00000000
00000000
00000010
00000111
00000011
00000011

11000000
01110000
00111000
00111000
00000000
00000000
00000000
00000000

00000000
00000000
00000000
00010000
00011100
00011100
00110100
00010000

00000000
00000000
00100000
01100000
11110000
10000000
11000000
00000000

00000000
00000100
00011110
00010110
00000100
00000000
00000000
00000000

00000000
00000000
00000000
00000000
00010000
00111000
00010000
00010000

00011100
00011111
00000111
00000111
00000010
00000010
00000000
00000000

00111111
00011100
00001111
00000100
00000100
00000000
00000000
00000000

00111110
00000000
00000000
00000000
00000000
00000000
00000000
00000000
