00000000000000000001011111111111
00000000000000000000011111111111
10000000000100000000011111111111
00000010100001000001011111111111
00100000000000000000011111111111
00000100000000000000011111111111
00000000001000010000011111111111
00000000000001000000011111111111
00000000010000000000011111111111
00000000010010000000011111111111
01000001000000000000011111111111
00000000000000000100011111111111
00000000000010000000011111111111
00000000000000000000011111111111
00000000010000000000011111111111
00000000000100000100011111111111
00000000000100000000011111111111
00001001000000000000011111111111
00000000000100000001011111111111
00001000000000000000011111111111
00000000000000100000011111111111
00000000000000000001011111111111
00000000000000000000011111111111
11111111111111111111111111111111
11111111111111111111111111111111
11111111111111111111111111111111
11111111111111111111111111111111
11111111111111111111111111111111
11111111111111111111111111111111
11111111111111111111111111111111
11111111111111111111111111111111
11111111111111111111111111111111

171
01110000
01111000
01110000
01000000
01000000
00000000
00000000
00000000

00001000
00011110
00001110
00001010
00000000
00000000
00000000
00000000

00111110
00111100
00011100
00001100
00000000
00000000
00000000
00000000

00000000
00000000
00000000
00100000
00100000
01110100
00110100
11111100

00110000
11100000
10100000
10000000
00000000
00000000
00000000
00000000

00000111
00000111
00000111
00000111
00000001
00000000
00000000
00000000

00010000
00010000
01010000
01111000
11011000
01000000
00000000
00000000

00000000
00000000
00000000
00000000
00000011
00000111
00001111
00000011

00000011
00000000
00000000
00000000
00000000
00000000
00000000
00000000

00000000
10000000
11110000
11110000
10000000
00000000
00000000
00000000

00000000
00000000
00000000
00000000
00011000
00000000
00000000
00000000

00000000
00000000
00000000
00000000
00000000
00000000
01000000
00000000

00000110
00000010
00000111
00000001
00000000
00000000
00000000
00000000

01111000
01111000
00000000
00000000
00000000
00000000
00000000
00000000

00000000
00000000
00001111
00000110
00011100
00011000
00011100
00001000

00000000
00000000
00000000
00000000
00001110
00011100
00000100
00000000

00111100
00011110
00000010
00000000
00000000
00000000
00000000
00000000

00000000
00000000
01100000
11101100
00111000
01110000
01100000
00000000

00010000
00011110
00111110
00001000
00000000
00000000
00000000
00000000

11100000
00111000
00000000
00000000
00000000
00000000
00000000
00000000

00000000
00000000
00000000
00101000
00111000
00100000
00000000
00000000

00000000
00000000
00000000
00000000
00000000
00000000
00100000
00000000

00000000
00000000
00000000
00000000
11110000
10110000
00000000
00000000

00000000
01000000
00000000
00000000
00000000
00000000
00000000
00000000

00000000
00000000
00000000
00001111
00000110
00000000
00000000
00000000

00000000
00000000
00000000
00000000
00000000
00000000
00000000
00011000

00010011
01111110
00000010
00000000
00000000
00000000
00000000
00000000

00000000
00000000
00000000
00000000
00000000
00000000
00000000
10000000

00000000
00000000
00000000
00000000
00000000
00000000
00000101
00001111

00000000
00000000
00000000
00000000
00001110
00011111
00001111
00001111

00001000
00001000
00001111
00011100
00011100
00000000
00000000
00000000

00000000
00000000
00000000
00000110
00001100
00001100
00001000
00001000

00000000
00000000
00000001
00000011
00000001
00000000
00000000
00000000

00000000
00010100
01111110
01111110
01000000
00000000
00000000
00000000

00000000
00000000
00000000
00000000
00000000
10000000
10000000
11000000

00000000
00000000
10000000
11110000
10000000
10000000
10000000
10000000

00000000
00000000
00000100
00001111
00000011
00000001
00000001
00000000

00000010
00000110
00000011
00000000
00000000
00000000
00000000
00000000

00000000
00011000
00011110
00011100
00000000
00000000
00000000
00000000

00001000
00001100
00111000
00000000
00000000
00000000
00000000
00000000

00000000
00000000
01100000
11000000
11100000
10000000
11110000
11000000

00011111
00011111
00001101
00000000
00000000
00000000
00000000
00000000

00000000
00000000
00000000
10000000
11000000
11100000
11100000
10000000

11111000
11101000
01101000
01100000
01000000
00000000
00000000
00000000

00000001
00000111
00000110
00000010
00000010
00000000
00000000
00000000

00000000
00000000
00000000
00001110
00011110
00111100
00101000
00001100

00000000
00110000
00111100
01110000
01100000
00100000
00000000
00000000

00000000
00000000
00000000
00000000
00000110
00000110
00011111
00001111

00000000
00000110
00000010
00000000
00000000
00000000
00000000
00000000

01100000
01000000
01100000
00000000
00000000
00000000
00000000
00000000

00000000
11000000
01000000
01000000
00000000
00000000
00000000
00000000

00000000
00000000
00000000
00000000
00011000
00110000
00010000
01110000

00000000
00000000
00000000
01000000
01000000
01100000
00000000
00000000

00000000
01000000
11000000
11000000
11000000
01100000
01100000
00000000

00000000
00000000
10000000
10000000
00000000
00000000
00000000
00000000

00000000
00100000
11111000
10111100
00000000
00000000
00000000
00000000

00001111
00001110
00001100
00001000
00000000
00000000
00000000
00000000

00110000
00111000
01100000
00100000
00000000
00000000
00000000
00000000

00010000
00110000
00010000
00000000
00000000
00000000
00000000
00000000

00000000
00000000
00000100
00011111
00001011
00000000
00000000
00000000

00000000
00000000
00000000
00000000
00000000
00011010
00011111
00111100

01110000
01000000
00000000
00000000
00000000
00000000
00000000
00000000

00000000
00000000
00010100
01111100
11111000
11100000
10000000
00000000

00000100
00001110
00011100
00000110
00000010
00000000
00000000
00000000

00110000
00100000
11100000
01111100
00110000
00100000
00100000
00000000

00000000
00100000
01100000
11100000
00111000
00000000
00000000
00000000

00000000
00000000
00000011
00000011
00000011
00000010
00000000
00000000

00000000
00000000
00000000
00011000
00011100
00011111
00011111
00001000

00000000
00000000
00000000
00100000
01110000
01111000
00101000
00000000

00000000
00000000
00000000
00000000
00000001
00000001
00000001
00000000

00010000
01010100
01111100
01100100
00110000
00100000
00000000
00000000

00000000
10000000
11100000
10000000
00000000
00000000
00000000
00000000

00000000
00000000
01100000
10100000
10111000
11110000
01000000
01000000

00000111
00001111
00000110
00000000
00000000
00000000
00000000
00000000

10000000
11000000
00000000
00000000
00000000
00000000
00000000
00000000

00000000
00000000
00000000
00001000
00001000
00111100
00111110
00111110

00000000
00000000
00000000
00000000
00000000
00001000
00001000
00000000

00000000
00000000
00000000
00000000
00000110
00000111
00001111
00011111

00000000
00000000
00000000
00000000
00011100
00011100
00010000
00110000

00000000
00000000
00000000
00010100
00111100
00001000
00011000
00000000

00000000
00000000
00000000
00000000
00000000
11000000
11100000
00100000

11000000
10000000
10000000
00000000
00000000
00000000
00000000
00000000

00111111
00010010
00000010
00001110
00000000
00000000
00000000
00000000

00000000
00001000
00001000
00001100
00001000
00000000
00000000
00000000

00000000
00000000
11110000
00000000
00000000
00000000
00000000
00000000

00000000
00000000
00000000
00000000
10000000
11111000
11111000
11100000

00000000
00000000
00000000
00000000
00000000
00000000
00001100
00000100

11110000
00110000
00110000
11100000
01100000
00100000
00000000
00000000

00000000
00000000
00000000
00000000
00000000
00000000
00000000
10000000

00000000
00000000
00011000
00011000
00111000
00111000
00110000
00000000

00000000
00000000
00000000
00000100
00000111
00001111
00000111
00001111

00000000
00000000
00000000
00000000
00000000
00110000
11110010
11111111

00000000
00000000
00000000
00000010
00000110
00000110
00000100
00000000

00000000
00000000
00000000
00000000
00000100
00000110
00011110
00001111

00000000
00000000
00000010
00001110
00001110
00000111
00000101
00000000

00000000
00000000
00001100
00001100
00000000
00000000
00000000
00000000

00000000
00000000
00000011
00000111
00000010
00000000
00000000
00000000

00000000
00000000
00010000
00011000
00011010
01111110
01101000
00000000

00000000
00000000
00000000
00000000
00010000
00111000
00111000
00000000

00000000
00010000
00000000
00000000
00000000
00000000
00000000
00000000

00000000
00000000
00011000
00000000
00000000
00000000
00000000
00000000

00000000
00110000
00000000
00000000
00000000
00000000
00000000
00000000

11110000
11010000
00010000
00110000
00010000
00000000
00000000
00000000

00000000
00000000
00000000
00000000
00010000
00111100
00101101
00101111

00000000
01111000
00011100
00001100
00001100
00001100
00000000
00000000

00000000
00000000
00000000
00000000
00000010
00000000
00000000
00000000

00000000
10000000
10000000
11100000
11100000
01000000
01110000
01100000

11000000
11000000
11111000
00100000
00000000
00000000
00000000
00000000

00000000
00000000
00000000
00000000
00000000
00000000
01110000
00000000

00000000
00000000
00000001
00000011
00000010
00000010
00000000
00000000

00000001
00011111
00001110
00000110
00000000
00000000
00000000
00000000

00000000
00000000
00011000
01001010
01111110
00011100
00000100
00000000

01000000
01000000
11100000
11100000
11000000
00000000
00000000
00000000

00000001
00000011
00000000
00000000
00000000
00000000
00000000
00000000

00000000
01000000
11110000
11110000
11100000
11100000
01000000
00000000

00001000
00011000
00011100
00010000
00000000
00000000
00000000
00000000

00000000
00000000
00000000
00011100
00011111
01111001
00000000
00000000

00000000
00000000
00100000
01100000
01100000
11000000
11000000
11000000

00000000
00000010
00001111
00011100
00000000
00000000
00000000
00000000

00001110
00001110
00001000
00000000
00000000
00000000
00000000
00000000

00000000
00000000
00000000
00100000
01110000
01110000
11110000
11000000

00000000
00000000
10000000
10000000
11110000
01010000
00000000
00000000

11100000
11100000
10000000
00000000
00000000
00000000
00000000
00000000

00000000
00000000
00000000
00001000
00000000
00000000
00000000
00000000

00010000
01111100
01111100
00000000
00000000
00000000
00000000
00000000

00000000
00001000
00001000
00101000
00111000
00011100
00011000
00000000

00000000
00000000
00000000
00000000
00000000
00000010
00011010
00011111

00000000
00000000
00000000
00001000
00011000
00001100
00011110
00111000

00000000
00000000
00000000
00000000
00000000
00110000
00000000
00000000

11111100
11111111
01000000
00000000
00000000
00000000
00000000
00000000

00100000
01100000
01000000
01000000
00000000
00000000
00000000
00000000

00000000
00000000
00000000
00000000
01100000
01000000
01111100
00000000

00000000
00000100
00001110
00011111
00011110
00000000
00000000
00000000

00000000
00000000
00000000
00001010
01111011
00001111
00001110
00001000

00000000
00000000
01000000
01110000
11010000
01010000
00000000
00000000

00000000
00000000
00000000
00000000
00000010
00000111
00001110
00000110

00000000
00000000
00000000
00000000
00000000
00000000
00000000
01000000

00000000
00000000
00000000
00000000
00000000
00000000
00000000
01000000

00000000
00000000
00000000
00110000
01110000
01011110
00000000
00000000

00000000
00000000
00000000
00000000
00000000
00011000
00011100
01111110

00000000
00000000
01000000
11111000
11011100
10000000
11000000
11000000

00000000
00000000
00000000
00000000
00000000
01000000
11100000
00100000

00000000
00000000
00000000
00000000
00000000
00010000
00000000
00000000

00000000
00000000
00000000
00000000
00000000
01000000
00000000
00000000

00010000
00011000
00011000
00011000
00010000
00111100
00000000
00000000

00000010
00000000
00000000
00000000
00000000
00000000
00000000
00000000

10000000
10000000
10000000
00000000
00000000
00000000
00000000
00000000

00000000
00000000
00000000
00000000
00000100
00000110
00000110
00001111

01111100
00011000
00111000
00111100
00000000
00000000
00000000
00000000

00000000
00000000
00000000
00011100
01011000
01111100
00010000
00010000

11000000
11100000
10000000
00000000
00000000
00000000
00000000
00000000

00000000
01000000
01000000
01000000
11100000
11100000
11100000
11100000

00011000
00000000
00000000
00000000
00000000
00000000
00000000
00000000

00001000
00001000
00001100
00001000
00001100
00001100
00000100
00000110

00001100
00001100
00011000
00011110
00011000
00001100
00001100
00000000

00000000
00000000
00000000
00000000
00000000
00010000
00000000
00000000

00000000
00000000
00001110
00001000
00000000
00000000
00000000
00000000

00000000
00000000
11100000
11000000
11000000
11000000
00000000
00000000

00000000
00000001
00000001
00001111
00001101
00001101
00000000
00000000

00000000
00001000
00001100
00000000
00000000
00000000
00000000
00000000

00000000
00000000
00000000
00000000
00000000
11111010
00001111
00000111

00000000
00000000
00000000
00001011
00001011
00001111
00011011
00001000

00000000
00000000
00000000
00000000
00000000
00000101
00001111
00000000

00001100
00001110
00000000
00000000
00000000
00000000
00000000
00000000

00000000
00000000
00000000
00000000
00000000
00000000
01101000
01111100

00000000
00000000
00110000
01111100
11110110
00010110
00000000
00000000

00110000
01100000
00000000
00000000
00000000
00000000
00000000
00000000

00000000
00010000
01110000
11100000
11100000
11000000
11100000
00100000

00000000
00000000
00000000
00000000
00100000
00101000
01111100
00110000

00000000
00000000
00000000
00001001
00011111
00010011
00000010
00000000

00000000
00000000
00000000
01000000
11111000
11000000
11100000
11100000
