00000000000001000000000001000111
00000000000100000000000000010111
00000000000000000000000000000111
00000000000000000000000000000111
00000000000100000000000000000111
00000001000000000000000000000111
00000000000000000000000000000111
00000000000000000000100000000111
00000000000000000000000000000111
00000000000100000000000000000111
10000000010000000000000000000111
00000000000000000000000000000111
00000000000000000000000000000111
00001000000000000000000000000111
00000000000000100000000000000111
00000000000000000000000000000111
00000000000000000000000000000111
00000000000000000000000000000111
00000000000000000000000001000111
00000000000010000000000000000111
00000000000000000000000000000111
00000000000000000000000000000111
10000000100000000000010000000111
00000000000001000000000000000111
00000000000000000000000000000111
00000000000000000000000000000111
00000000000010100000000000000111
11111111111111111111111111111111
11111111111111111111111111111111
11111111111111111111111111111111
11111111111111111111111111111111
11111111111111111111111111111111

156
00111100
00100000
00000000
00000000
00000000
00000000
00000000
00000000

00000000
00000000
01110100
01111100
00001111
00000001
00000000
00000000

00000000
00000000
00000000
00000000
00000000
00000000
00000000
00000010

00000000
00000000
00000000
00000000
00000000
00000000
00000110
00011110

00000000
00000000
01000000
01111000
00110000
00011100
00000000
00000000

00000000
00000000
00000000
00000000
00000000
00000000
00000011
00000000

00000000
00000011
00000011
00000111
00001110
00000010
00000000
00000000

00000111
00000111
00000111
00000001
00000000
00000000
00000000
00000000

00000000
00000000
00000000
01100000
00100000
00100000
00000000
00000000

00000000
00000000
00000000
00000000
00000000
00110110
00011111
01111111

00000000
00000000
00000000
00000000
00000000
00010000
00000000
00000000

00000000
00000000
00000000
00000000
00000000
00000100
00000110
00000010

11100000
00000000
00000000
00000000
00000000
00000000
00000000
00000000

00000000
00000000
00000011
00000000
00000000
00000000
00000000
00000000

00000000
00000000
00100000
00000000
00000000
00000000
00000000
00000000

11110000
11111000
11001000
01011100
00000000
00000000
00000000
00000000

00001100
00001000
00001100
00000000
00000000
00000000
00000000
00000000

00000000
00000000
00000000
00000000
00000000
00000100
00001110
00001111

00000000
00000000
00000000
00100000
01100000
11111100
11001000
11100000

11110000
00100000
11100000
00000000
00000000
00000000
00000000
00000000

00000000
00000000
00000000
00000000
00000011
00000111
00000011
00000111

00000000
00000000
00000001
00000001
00000011
00011111
00001101
00000000

11000000
10000000
10000000
10000000
00000000
00000000
00000000
00000000

00000000
00000000
00000000
00000000
00010110
00011110
00000000
00000000

00010000
00011000
00001000
00011100
00000000
00000000
00000000
00000000

00011000
00111000
00000000
00000000
00000000
00000000
00000000
00000000

00000000
00000000
00000000
00000000
00000000
00000110
00000111
00000111

11100000
00110000
00111000
00111100
00000000
00000000
00000000
00000000

11101000
01101000
01111000
01011000
00000000
00000000
00000000
00000000

00110000
00011100
00011000
00001111
00001000
00000000
00000000
00000000

00000000
00000110
00000011
00000111
00000010
00000000
00000000
00000000

00000000
00000000
00000000
00100000
00000000
00000000
00000000
00000000

00000000
00000000
00000000
11100000
11000000
11100000
11100000
11110000

00000000
00110000
01100000
00000000
00000000
00000000
00000000
00000000

00000000
00000000
00000000
00000000
00000000
10100000
11100000
11000000

00000000
00000000
00100000
00110000
00011111
00000000
00000000
00000000

11100000
11111000
10001100
00000000
00000000
00000000
00000000
00000000

11110000
10011000
00011000
00000000
00000000
00000000
00000000
00000000

00000000
00000000
00000000
00000000
00000000
00000101
00000111
00000000

00000000
00000000
00010000
00110000
00011000
00111000
00111000
00001000

00000000
00110000
01100000
11110000
01111000
00000000
00000000
00000000

00000000
00000000
10000000
11110000
11100000
11100000
01110000
00000000

11000000
10000000
10000000
11110000
10000000
10000000
10000000
00000000

00000000
00000000
00000000
10000000
11111000
11110000
10110000
00110000

00000000
00000100
00111111
00000111
00000011
00000001
00000000
00000000

00000000
00000000
00000000
00000000
00000111
01110110
00110110
00011110

00000000
00000000
00000011
00000011
00000000
00000000
00000000
00000000

01100000
00100000
00000000
00000000
00000000
00000000
00000000
00000000

00000000
00000000
00000000
00000000
00010000
00010000
10110000
11110000

00011000
00111000
00111000
00100000
00000000
00000000
00000000
00000000

00000001
00000001
00000011
00000000
00000000
00000000
00000000
00000000

00000000
00000000
00000000
00010000
00011100
00000111
00001110
00000000

00000000
00000000
00000000
00000000
10000000
10000000
00000000
00000000

11100000
11110000
11110000
10110000
10000000
00000000
00000000
00000000

00000000
00000000
10000000
11100000
11100000
01110000
00010000
00000000

00000000
00001000
11111100
00010000
00000000
00000000
00000000
00000000

00000000
00000000
00000000
00100000
00101110
00111100
00101100
00000000

00000000
00000000
00000000
00000011
00000011
00000111
00001111
00001111

00001110
00000000
00000000
00000000
00000000
00000000
00000000
00000000

11111000
11110000
10100000
10100000
10000000
00000000
00000000
00000000

11100000
10111000
10000000
00000000
00000000
00000000
00000000
00000000

00100110
00111100
00111000
00111000
00000000
00000000
00000000
00000000

11000000
11110000
11000000
10000000
10000000
10000000
00000000
00000000

00000000
00000000
00000000
00000000
00000000
01000000
00000000
00000000

00000111
00000111
00000001
00000001
00000001
00000000
00000000
00000000

00000000
00000000
01000100
01111100
01111100
00101000
00000000
00000000

00000000
00000000
00000000
00001000
00001000
00111000
00001100
00011110

11000000
11000000
11100000
11100000
11100000
01100000
00000000
00000000

00000000
00110000
00110000
00110000
00011000
00001000
00000000
00000000

00000000
00000000
00000000
00000000
00000010
00000010
00000111
00000111

00000000
00000100
00001111
00011111
00000011
00000011
00000000
00000000

00000111
00000111
00001111
00001011
00000010
00000000
00000000
00000000

00000000
00000000
00000000
00000001
00000001
00000111
00000011
01111111

00000000
00000000
00000000
00000100
00000100
00001110
00000000
00000000

00000000
00000000
00000000
00000000
00000001
00001111
00001011
00000011

00000000
00011000
00111000
01110000
01110000
00110000
00110000
00000000

00000000
00000110
00000111
00000110
00001110
00000011
00000111
00000100

00000000
10000000
11000000
11100000
11000000
01100000
00000000
00000000

00000000
00000000
00000000
00000000
00000000
00000000
00010000
00010000

00000000
00000000
00000000
00110000
00011000
00110000
00010000
00010000

00110000
11100000
11100000
10000000
11110000
11000000
00000000
00000000

00000000
00000000
00000000
00010000
00010000
00011100
00010000
00000000

00000000
00000000
00111100
00111000
11110000
01110000
01100000
00000000

00000000
00000000
00000000
00000000
00000000
00000000
00000000
01000000

00000000
00000000
00000000
00000000
00111000
01111000
00000000
00000000

00000000
00000000
00000000
00001100
00011110
00110000
00110000
00000000

00000010
00001010
00001111
00000110
00000110
00000000
00000000
00000000

00000000
00000000
01100000
00000000
00000000
00000000
00000000
00000000

00000000
11100000
11000000
11000000
01100000
01000000
00000000
00000000

00001111
00000111
00000111
00001101
00000100
00000000
00000000
00000000

00000011
00001111
00011111
00000011
00000001
00000011
00000000
00000000

11000000
11000000
11000000
11100000
01000000
00000000
00000000
00000000

00010000
01111111
00111100
00101100
00000000
00000000
00000000
00000000

00000000
00000000
00000000
00100000
00000000
00000000
00000000
00000000

00000100
00000100
00000000
00000000
00000000
00000000
00000000
00000000

00000000
00000000
00000000
00000000
00000000
00000000
00000111
00000000

00000000
00000000
00000000
00000000
00000000
00000001
00000001
00000001

00000000
00000000
00000100
00001110
00011111
00001111
00000110
00000000

00000000
01010000
01111110
11011000
00011000
00000000
00000000
00000000

00000000
00011000
00110000
00011000
00001010
00001111
00111000
00010000

00000000
00111010
01111110
00011110
00001010
00000000
00000000
00000000

11100000
11111000
11100000
10110000
10000000
10000000
00000000
00000000

00000000
00000000
00000000
00000000
10100000
11100000
11110000
11110000

00000000
00000000
00000000
00000000
00000000
00000100
00000100
00000000

00000000
00000000
00000000
00000000
00001100
00011100
00000110
00000110

00000000
00000000
00000000
00000000
00000000
00011000
00111100
00111111

00000000
00000000
00000000
00000000
00000000
00100000
00100000
01110000

00000000
00000000
00000011
00000011
00000011
00000111
00000011
00000000

00000000
00000000
00000000
01100000
00100000
01110000
11100000
00000000

00000000
00000000
00000000
00000000
00000000
00000000
00000111
00000000

00000000
00000000
00000000
00000000
00000000
00001011
00011011
01111111

00000000
00000000
00000000
00000000
00000000
00000000
00000000
00010000

00000000
00000000
00000000
11111000
11100000
11110000
10010000
10000000

00111000
00111110
00011000
00011000
00000000
00000000
00000000
00000000

00000100
00000111
00000000
00000000
00000000
00000000
00000000
00000000

11000000
01100000
01000000
00000000
00000000
00000000
00000000
00000000

00000000
00000000
00000000
00000000
00111000
11100000
01000000
00000000

00011000
00111000
00011110
00001111
00000001
00000001
00000000
00000000

00000000
00000000
00001000
00000000
00000000
00000000
00000000
00000000

00000000
00010000
00010000
00010000
00011000
00010000
00000000
00000000

00000000
00000000
00000000
00000000
00000000
11000000
11110000
11000000

00000111
00011111
00000111
00000010
00000010
00000010
00000000
00000000

00000000
00000000
00000000
00000000
00000000
00000000
01100000
01100000

00000000
00000000
00000001
00000000
00000000
00000000
00000000
00000000

00000000
00000000
11000000
10000000
11000000
11000000
11000000
11000000

00000000
00000000
00100000
01110000
00010000
00000000
00000000
00000000

00000000
00000000
00000000
00001000
00011100
00110000
00100000
00000000

00000011
00000011
00000111
00000011
00000000
00000000
00000000
00000000

11000000
11000000
00000000
00000000
00000000
00000000
00000000
00000000

00011111
00000011
00000001
00000011
00000000
00000000
00000000
00000000

00000000
00000000
00001000
00001000
00001100
00111111
00010001
00000111

00000000
00010000
00011000
01110000
00110000
00010000
00000000
00000000

00000000
00000000
00000000
00000000
01000000
11100000
00000000
00000000

10000000
11000000
11000000
01000000
00000000
00000000
00000000
00000000

00001000
01111000
01001110
00001010
00000000
00000000
00000000
00000000

00000000
00000000
00000000
00000000
00111000
01111110
11100010
10000000

00000000
00000000
00000000
00001000
00001110
00000010
00000111
00001111

00000000
00001000
11111100
00100000
00000000
00000000
00000000
00000000

00000000
00000000
00000000
10000000
11000000
01110000
01000000
00000000

00000100
00000100
00000100
00000000
00000000
00000000
00000000
00000000

00000000
01000000
01000000
01100000
11110000
01011000
00000000
00000000

00000000
00000000
00000100
00001100
00000111
00001110
00000000
00000000

00000100
00000101
00000111
00000011
00001111
00000001
00000000
00000000

00000000
00000000
00000000
11000000
11000000
11000000
01000000
01000000

00000010
00000110
00001111
00011110
00001100
00000100
00000000
00000000

00000000
00000000
00000010
00000010
00000110
00011110
00011111
00000100

00000000
00000000
00000000
00000010
00000110
00000110
00001110
00000100

11100000
01100000
00110000
00000000
00000000
00000000
00000000
00000000

00000000
00000000
11000000
11000000
10000000
11000000
11000000
10000000

00000000
00000000
00000000
00000001
00000001
00000011
00000111
00000000

10000000
11100000
01000000
01000000
00000000
00000000
00000000
00000000

00111000
00100000
00100000
00000000
00000000
00000000
00000000
00000000

00000000
00100000
01111000
00010000
00000000
00000000
00000000
00000000

00111100
00111000
00010000
00110000
00000000
00000000
00000000
00000000

00000001
00000011
00000001
00000011
00000011
00000010
00000000
00000000

00000000
00000000
00110000
00111000
00100000
00000000
00000000
00000000
