00000000000000000000000000000001
00000000000000000000000000000001
10000000000001000010000000000001
00000000000000000000000000000001
00000000000000000000000000000001
00000000101000000000000000000001
00000000000000000000000000000001
10000000000000000000001000000001
00000000000000000000000001000001
00000000000000000000000000000001
00010000000000000000000000000001
00000100000000000000000000000001
00000000000000000000000000000011
00000000000000000000000000000001
00000000000100000000000000100001
00000000000000000000000000000001
00000000000000000000000000000001
00000000000000000000000000000001
00000000000000000000000000000001
00000000000000000000100000000001
00000000000000000000000000010001
00000000000000000000000000010011
00000000000000010000000000000001
00000000000000000000000000000001
11111111111111111111111111111111
11111111111111111111111111111111
11111111111111111111111111111111
11111111111111111111111111111111
11111111111111111111111111111111
11111111111111111111111111111111
11111111111111111111111111111111
11111111111111111111111111111111

103
00000000
00000000
00000000
00011000
00110000
00010000
01111000
00001000

00000000
00001000
00001000
00000000
00000000
00000000
00000000
00000000

00110000
00011100
00001000
00011110
00001100
00000000
00000000
00000000

00000000
00000000
00000000
00000000
00000000
00000000
00000000
00010000

00000000
00000000
00000000
00000100
00000000
00000000
00000000
00000000

00000000
00000000
00000000
00000100
00000110
00000111
00000011
00000011

00000000
00000000
00000000
00000000
00000010
00000110
00000010
00000000

00000000
00000000
00000000
00000000
00110000
01110000
01110000
11000000

00000000
00000000
00000000
00000000
00000000
00000000
00000001
00000001

00010000
00000000
00000000
00000000
00000000
00000000
00000000
00000000

00001000
01111000
01110000
01111000
01110000
00100000
00000000
00000000

00000000
00000000
00000000
00000000
00000110
00000111
00000110
00000000

00000000
00001000
00011110
00001111
00000111
00000101
00000000
00000000

11111000
10110000
10011000
00000000
00000000
00000000
00000000
00000000

00000000
00000000
00000000
00000000
01000000
01000000
00000000
00000000

00000000
00111000
00001000
00001100
00011110
00010000
00000000
00000000

01110000
00110000
00010000
00000000
00000000
00000000
00000000
00000000

00100000
00100000
00000000
00000000
00000000
00000000
00000000
00000000

00000000
00000000
00000000
00000000
00000000
00000000
00001000
00001000

00000000
00000000
00000000
00000000
01100000
11100000
11100000
11000000

00000000
00000000
00000010
00000010
00000010
00000010
00000000
00000000

01111111
01001011
00000010
00000000
00000000
00000000
00000000
00000000

00000000
00000000
00000000
01100000
01110000
01111000
00110000
00010000

00000000
00000000
00000000
00000000
00000011
00000111
00001111
00000011

00001111
00001111
00001111
00000000
00000000
00000000
00000000
00000000

00000000
00000000
00000000
01000000
01000000
11001000
01111010
01111110

00001100
00001111
00001010
00000000
00000000
00000000
00000000
00000000

00000000
00000000
10000000
11000000
11100000
11111000
00110000
00000000

00000000
00000000
00000000
00000000
00000000
00000110
00011100
01111000

00001000
00001110
00011000
00000000
00000000
00000000
00000000
00000000

00000000
00000000
00000000
00000000
00000000
00000000
00011000
00011000

00000000
00000010
00000010
00000011
00000111
00000101
00000001
00000000

00000000
00000000
11000000
10000000
11100000
10100000
00100000
00000000

00000000
00000000
00000000
00000000
00000111
00000011
00000000
00000000

00000000
00000000
00000000
00000010
00000010
00000010
00000000
00000000

00000000
00000000
00000001
00000101
00000111
00000011
00000000
00000000

00000000
00000000
00100000
01100000
00110110
00111100
00011100
00001100

10000000
10000000
00000000
00000000
00000000
00000000
00000000
00000000

00000000
00000000
00000000
00000000
00000000
00000000
11000000
11111000

00000001
00000001
00000000
00000000
00000000
00000000
00000000
00000000

00000000
00000000
00000000
00000000
00000000
00000110
00000010
00000000

00000000
00001111
00000111
00000111
00000011
00000001
00000001
00000000

00000000
00000000
00000000
00000000
01110000
11110000
11100000
11100000

00000000
01000000
11000000
00000000
00000000
00000000
00000000
00000000

00000000
01000000
11111000
10010000
00010000
00000000
00000000
00000000

00000000
00000000
00000000
00000010
00000010
00000111
00000010
00000000

00010000
01110000
00010000
00000000
00000000
00000000
00000000
00000000

00000000
00000000
00000000
00000000
00000000
00110000
01111000
01100000

00000000
10000000
10000000
10000000
00000000
00000000
00000000
00000000

00000000
00000000
00000000
01000000
01000000
11000000
11110000
11110000

00000000
00000010
00000010
00010110
00011100
00001000
00000000
00000000

11110000
11011000
00001000
00000000
00000000
00000000
00000000
00000000

00000000
00000000
00000111
00000010
00000000
00000000
00000000
00000000

00011000
00111100
00001100
00011110
00000100
00000000
00000000
00000000

00000000
00000000
00000100
00001110
00011100
00000000
00000000
00000000

00000000
00000010
00000011
00000010
00000010
00000000
00000000
00000000

00100000
00111000
00000000
00000000
00000000
00000000
00000000
00000000

00000000
00000000
00000000
00000000
11000000
11000000
10010000
11110000

00110000
00111100
00101100
00100000
00000000
00000000
00000000
00000000

00000000
00000000
00000000
00000000
01100000
01111000
11111100
11110000

00000000
00000000
00100000
00111000
00111100
00000000
00000000
00000000

00000000
00010000
00111000
00010000
00000000
00000000
00000000
00000000

00000000
00000000
00000010
00000011
00000011
00000111
00000010
00000110

00000000
00001000
00001000
00011111
00110000
01111000
00010000
00000000

00000000
00000000
01111000
11100000
11000000
11100000
11100000
10000000

00000000
00101000
00111100
01101100
01001100
00000100
00000000
00000000

00000000
00000000
00000000
00001000
00011110
00010000
00010000
00000000

00000000
00000000
00000000
00000000
00010000
00000000
00000000
00000000

00001000
00000000
00000000
00000000
00000000
00000000
00000000
00000000

00000000
00000000
00000000
00000000
00111000
00110000
00110000
00000000

00000000
00000000
00000000
00000000
00000000
01000000
00000000
00000000

11100000
11100000
11100000
11110000
10010000
00000000
00000000
00000000

11000000
11000000
11000000
11110000
00010000
00000000
00000000
00000000

00111100
00111110
00001000
00000000
00000000
00000000
00000000
00000000

00000000
00000000
00000000
00000000
00000000
00100000
10100000
11111000

00000000
00000000
00000000
00000001
00000001
00000001
00000011
00001111

00011111
00000111
00000111
00000101
00000000
00000000
00000000
00000000

00000000
00000000
00000000
00000000
00010000
01110000
00100000
00000000

00000000
00000000
00000001
00000011
00000111
00000011
00000000
00000000

00000000
00000100
00000100
00000100
00011110
00001010
00000000
00000000

00000000
00000000
00000000
00000010
00000010
00000110
00010111
01111111

01110000
01100000
01100000
01100000
00100000
00110000
00000000
00000000

00000000
00000000
00001100
00000100
00000100
00001100
00000100
00000100

00000000
00000000
00000010
00000110
00000111
00000011
00000000
00000000

00000000
00000000
00000000
00000000
00000000
00001000
00001110
00000100

00000000
00000000
00000000
00001100
00011111
00001011
00000001
00000111

00000000
01011000
01111100
11101100
00100000
00000000
00000000
00000000

00111000
00111000
01111000
01100000
00000000
00000000
00000000
00000000

00000011
00000011
00000010
00000000
00000000
00000000
00000000
00000000

10000000
00000000
00000000
00000000
00000000
00000000
00000000
00000000

00000000
00000000
10111000
11111000
01010000
00010000
00000000
00000000

00000000
00000000
00001100
00011000
00011000
00011100
00000100
00000100

11110000
11111000
01110000
01100000
01100000
00000000
00000000
00000000

00111111
01111100
00011000
00000000
00000000
00000000
00000000
00000000

00000000
00000000
00111000
00001000
00011000
00111100
00001110
00000100

00111100
00111100
00110111
00000100
00000000
00000000
00000000
00000000

00001000
00000000
00000000
00000000
00000000
00000000
00000000
00000000

00000000
00000000
00000000
00010000
00111000
00000000
00000000
00000000

00000001
00001001
00001111
00000111
00000001
00000001
00000111
00000001

00000011
00000111
00000111
00000100
00001110
00000100
00000100
00000000

00000000
00000000
00000000
00000000
00001000
00111100
00110000
00000000

00000000
00000000
00000000
00000000
00000000
11000000
11100100
11111100

00011000
01111100
00111000
00110000
00100000
00000000
00000000
00000000
