00000000000000000000000111111111
00000000000000000000000111111111
00000000000000000000000111111111
00000000000000000000000111111111
00000000000000000000000111111111
00001000000000000000000111111111
00000000000000000000000111111111
00000000000000000000000111111111
00000000000000000000001111111111
00010000000100000000000111111111
00000000000000000000000111111111
00001000000000000000000111111111
00100000000000000000000111111111
00000000000000000000000111111111
00000000000000000000000111111111
00000000000000000000000111111111
00000000000001000000000111111111
00000000000000000000000111111111
00000000000000000000000111111111
00000000010000000000010111111111
00000000000000000000000111111111
00100000000000000000000111111111
00000000000000000000000111111111
00001000100000000000000111111111
00010000000000000001000111111111
00000000000000010000000111111111
00000000000000000000100111111111
10000000000000000001000111111111
11111111111111111111111111111111
11111111111111111111111111111111
11111111111111111111111111111111
11111111111111111111111111111111

54
00000000
00000000
00000000
00000000
00000000
00000000
00001100
00001000

00000000
00000000
00000100
00000110
00000110
00000000
00000000
00000000

00000000
00000000
00000000
00000000
00000000
00000000
00000011
00000001

00000000
00000011
00000000
00000000
00000000
00000000
00000000
00000000

00000000
00000000
00000000
00000000
00000000
00110000
11110000
11100000

00000000
00000110
00011110
01111100
01010100
01000000
00000000
00000000

00000000
00000000
00000000
00000000
00000000
00000000
00100000
01110000

00111100
00010110
00110100
00000000
00000000
00000000
00000000
00000000

00000110
00000110
00000010
00000011
00000010
00000000
00000000
00000000

00000000
01010000
11110000
11110000
01110000
01000000
00000000
00000000

00000000
00000000
00000000
00000000
00000100
00001110
00111111
00100000

00000000
00000000
00000000
00001100
00011000
00001100
00000000
00000000

10000000
11000000
10110000
10110000
11100000
10000000
10000000
10000000

00000000
00000000
11100000
01000000
01000000
00000000
00000000
00000000

00000000
00000000
00000000
00000000
00000001
00000111
00000011
00000011

00000000
00001000
00001000
00000000
00000000
00000000
00000000
00000000

00000111
00000111
00001101
00000100
00000100
00000000
00000000
00000000

00000000
00000000
00000000
00000101
00011111
00110111
00000010
00000000

00000000
00000000
00000000
10000000
11000000
11000000
11100000
11110000

11100000
11100000
01000000
00000000
00000000
00000000
00000000
00000000

00000000
00000000
00000000
00000000
00011111
00000111
00000001
00000001

00000000
00000000
00000000
00000000
00000000
00000000
00000000
00100000

00000000
00000000
00000000
00000000
00100000
11110000
01111000
00110000

00000000
01000000
01000000
11110000
00110000
00000000
00000000
00000000

00001000
00101100
01111100
01011000
00010000
00011000
00010000
00000000

00000000
00000000
00000000
00000000
10000000
11000000
10000000
10000000

00111000
00111000
00001100
00011100
00000000
00000000
00000000
00000000

00000000
00000000
00000000
00000001
00000001
00001011
01111111
00000111

00000000
00000000
00000000
00000000
00000000
00010000
00110000
00000000

00000111
00000111
00000000
00000000
00000000
00000000
00000000
00000000

00100000
00100000
11100000
00100000
00100000
00100000
00000000
00000000

10000000
00000000
00000000
00000000
00000000
00000000
00000000
00000000

00000000
00000000
00100000
01100000
11110000
01000000
00000000
00000000

00000000
00000000
00100000
00100000
01101000
01111000
00110000
01100000

00000111
00000011
00000011
00000011
00000000
00000000
00000000
00000000

00000000
00000000
00000000
00000000
00000000
11110000
11110000
11111000

00100000
00100000
01100000
00111000
00110000
00000000
00000000
00000000

00000000
00001010
00011111
00111111
00000101
00000000
00000000
00000000

00000000
00000000
00000000
00000100
00001100
00000000
00000000
00000000

00001110
00001000
00001000
00000000
00000000
00000000
00000000
00000000

00000000
00000000
00000000
00000000
00000000
00010000
00110000
01110000

00000000
00000000
00000000
00000000
00001000
00011000
00011000
00001100

00000000
00000000
00001100
00001110
00000110
00000010
00000110
00000000

00000000
00000000
00000000
00110000
10111100
11101000
11000000
11100000

00010000
10010000
11110000
11100000
11000000
10000000
00000000
00000000

00000000
00000000
00000000
00100000
01100000
01000000
00000000
00000000

11100000
01110000
00110000
00011000
00111110
00000000
00000000
00000000

11000000
00000000
00000000
00000000
00000000
00000000
00000000
00000000

00000000
00001000
00011000
00010000
00000000
00000000
00000000
00000000

00000000
00000000
00000000
00000000
00000000
00011000
00001100
00001111

00000000
00000000
00000000
00000000
10000000
10000000
11100000
10000000

00000000
00000010
00000010
00000111
00000000
00000000
00000000
00000000

11111100
01110000
00100000
01100000
01000000
00000000
00000000
00000000

00000000
00000000
00000000
00000000
00000011
00101110
00111100
00111110
