00001000000000100000001111111111
00000000000000000000001111111111
00000000000000000000001111111111
00000001000000000000001111111111
00000000000000000000001111111111
00000000000100000010001111111111
00000000000000010000001111111111
00000000000000000000001111111111
00000000000000000000001111111111
00000000000000000000001111111111
00010000000000000000001111111111
00000000000000000000001111111111
01000100100000000000001111111111
01010000000000000000001111111111
00000000000000000000001111111111
00000000000000000000001111111111
00000000000000000000001111111111
00000000000000000000001111111111
00000000000010000000001111111111
00000000000000000000001111111111
00000000000000000000001111111111
00000000000000000000001111111111
00010000000000000000001111111111
11111111111111111111111111111111
11111111111111111111111111111111
11111111111111111111111111111111
11111111111111111111111111111111
11111111111111111111111111111111
11111111111111111111111111111111
11111111111111111111111111111111
11111111111111111111111111111111
11111111111111111111111111111111

56
00000001
00000001
00000000
00000000
00000000
00000000
00000000
00000000

11111100
00111100
00111000
00010000
00000000
00000000
00000000
00000000

00011100
00001110
00001100
00000000
00000000
00000000
00000000
00000000

00000000
00000000
00000000
00001110
00001111
00000000
00000000
00000000

00000000
00000000
00000000
00000000
00000000
00000000
00000000
00000100

00000000
01000000
11100000
10000000
11000000
01100000
00000000
00000000

00000000
01000000
01100000
11110000
01000000
01000000
01000000
00000000

00000000
00000000
00000000
00000000
00000010
00001110
00101111
01111111

00000000
00000000
00000011
00000011
00000000
00000000
00000000
00000000

00000000
00001100
00000110
00001100
00000000
00000000
00000000
00000000

00000000
00000000
00000000
00000000
01111000
01111000
00111100
00111000

00000000
00000000
00000000
00000000
00001000
00001000
00011010
00111110

00000000
00000000
00000000
00000000
10000000
11000000
10000000
10000000

00000000
00000000
00000000
00000000
00000000
00000110
00001100
00011000

01111100
00011100
00011111
00011000
00000000
00000000
00000000
00000000

11100000
10100000
00100000
01100000
00000000
00000000
00000000
00000000

00000110
00000000
00000000
00000000
00000000
00000000
00000000
00000000

00000000
01000000
01100000
01000000
00000000
00000000
00000000
00000000

00000110
00000010
00000000
00000000
00000000
00000000
00000000
00000000

00000001
00000111
00000011
00000011
00000001
00000000
00000000
00000000

00000000
00000000
00111000
00111000
00100000
01100000
01100000
00000000

00000010
00000010
00000011
00000111
00001111
00000100
00000000
00000000

00000000
00000000
11000000
11100000
11100000
10111000
00000000
00000000

00000000
00000000
01000000
11110000
11100000
01111000
01100000
01100000

00000000
01000000
01000000
01110000
11000000
01000000
01100000
01000000

00000111
00000011
00000001
00000011
00000001
00000011
00000011
00000111

00000000
00000000
10000000
11100000
10000000
11000000
10000000
11000000

00000000
00000000
00010000
00011100
00111100
00000000
00000000
00000000

00000000
01000000
01000000
01000000
00000000
00000000
00000000
00000000

00000000
00000000
00000100
00001100
00001111
00000111
00000111
00000111

00000000
00000000
00000000
01000000
01100000
00000000
00000000
00000000

00000000
00000000
01100000
01100000
00000000
00000000
00000000
00000000

00000000
00000000
00000000
00001000
00001100
00011110
00011000
00000000

00000011
00001111
00000110
00000110
00011100
00001000
00001000
00000000

00000000
00000000
00000000
00000000
00000000
00001000
00000000
00000000

00000000
00000000
00000000
00000000
00010000
11111000
00110000
00111000

00000000
00000000
00000000
00000000
00000000
00001000
00001000
00001110

00111000
00001000
00001000
00000000
00000000
00000000
00000000
00000000

00000000
00000000
00000000
00001000
00101000
01111100
01110000
11110000

00000100
00011100
00001100
00001100
00011000
00000000
00000000
00000000

00000000
00000000
00000000
00000000
00000000
00000000
00000000
00000011

00001100
00001100
00011100
00011110
00000000
00000000
00000000
00000000

00000000
00000000
00000000
01000000
01000000
11000000
11000000
00000000

00000000
00000000
00000000
00000000
00001000
00000000
00000000
00000000

00000000
00000000
00000000
01010000
01011100
11111000
11100000
11000000

00000000
00000000
00000000
00000000
00000111
00000101
00000100
00000000

00000000
00000000
00010000
00110000
00110000
00011100
00011100
00001000

00000100
00000100
00000000
00000000
00000000
00000000
00000000
00000000

00000000
01000000
00000000
00000000
00000000
00000000
00000000
00000000

00000000
00000000
00000000
00000000
00000000
00000000
11100000
00100000

00001100
00011000
00011100
00001100
00001000
00000000
00000000
00000000

00000000
00111000
00000000
00000000
00000000
00000000
00000000
00000000

11000000
11100000
01000000
00000000
00000000
00000000
00000000
00000000

00000000
00000000
00000000
00010000
00011000
00010000
00111100
00111110

00011111
00011011
00001010
00000000
00000000
00000000
00000000
00000000

00000000
00000000
00000000
00000000
00000000
00111000
00000000
00000000
