00000000000000110000111111111111
00000000000010000000111111111111
00000000000000001000011111111111
00000001000000000000011111111111
01000000000010001000111111111111
01000000000000000000011111111111
00000000101000000000011111111111
00000000100001000000011111111111
00000010010000000000011111111111
00100100000000000000011111111111
01000000110001000010011111111111
00010000000000000000011111111111
00100000000001000000011111111111
00001000000000000000011111111111
00000000000010000000011111111111
00000000000000000000011111111111
00000000000010000000011111111111
00000001110010000001011111111111
00000100000000000000111111111111
00000000000000000000011111111111
00000000000100001000011111111111
00000000000000000001011111111111
00000000000000000000111111111111
00000100000000000000011111111111
11111111111111111111111111111111
11111111111111111111111111111111
11111111111111111111111111111111
11111111111111111111111111111111
11111111111111111111111111111111
11111111111111111111111111111111
11111111111111111111111111111111
11111111111111111111111111111111

103
00001100
00000110
00000000
00000000
00000000
00000000
00000000
00000000

00000000
00000000
10001000
10001000
11001000
01111000
01111000
00000000

00000000
00000000
01000000
00000000
00000000
00000000
00000000
00000000

00000000
00000000
01000000
11000000
10100000
10111000
11110000
11100000

00000001
00000011
00000111
00000011
00000011
00000000
00000000
00000000

00000000
00000000
00000000
00000000
00010110
00111110
00011110
00111100

00000000
00000000
00000000
00000000
00000000
10000000
11100000
11000000

00000000
00000000
00000000
00000000
01000000
01110000
11110000
11110000

00000000
00100000
11100000
01001000
01111000
01100000
11000000
11000000

00000000
00000000
00000000
00000000
00000000
00011000
00011000
00011100

00000000
00000000
00001100
00001100
00011100
00011100
00001000
00001000

00110000
00000000
00000000
00000000
00000000
00000000
00000000
00000000

00000011
00011011
00001111
00000111
00000010
00000000
00000000
00000000

11110000
10100000
10110000
00011000
00000000
00000000
00000000
00000000

00111000
00110000
00010000
00010000
00010000
00000000
00000000
00000000

00000000
00000000
00000000
00000000
00000000
00000000
01111000
00000000

00000000
00000000
00000000
00000000
00000000
00011111
00111110
00110000

00000000
00000000
00000000
00000000
00000000
00000000
00000010
00000010

00000000
00000000
00000000
00000000
00000000
00000000
01110000
00000000

00001111
00001111
00001100
00001111
00000001
00000000
00000000
00000000

00000000
00000001
00000000
00000000
00000000
00000000
00000000
00000000

00011000
00110000
00111000
00100000
01111000
00000000
00000000
00000000

00000000
00000000
11100000
11110000
01111000
01100000
01000000
00000000

00000000
01010000
01110000
11110000
10111100
00010000
00000000
00000000

00000000
00000000
00000000
00000000
00010000
00000000
00000000
00000000

00000000
00000100
00000000
00000000
00000000
00000000
00000000
00000000

00000000
00000000
00000000
00000000
00000000
00000000
00000000
00000110

00000000
00001000
00111000
00011100
00110110
01110000
00000000
00000000

01111110
00111010
00101000
00000000
00000000
00000000
00000000
00000000

00000000
00000000
00000110
00000110
00000111
00000011
00011111
00000011

00000000
00000000
00000000
00000000
01111000
01110000
11110000
11100000

00000000
00000010
00000000
00000000
00000000
00000000
00000000
00000000

00000000
11011000
11110000
11110000
11000000
11000000
00000000
00000000

00000000
01100000
01000000
01000000
01100000
00000000
00000000
00000000

00000000
00000000
00000000
00000000
00000111
00111111
00001001
00001100

00000000
00110000
01111100
00000100
00000000
00000000
00000000
00000000

00000000
00011000
11111000
01110000
00010000
00000000
00000000
00000000

00000000
00000000
00000000
00000000
11100000
11111000
11101000
11100000

00011110
00001110
00011100
00000000
00000000
00000000
00000000
00000000

00000011
00000110
00000000
00000000
00000000
00000000
00000000
00000000

00000000
00000000
00000000
00000000
10000000
11111100
10101000
00000000

00000000
00000000
00000000
00000000
00000000
00000000
00000000
00000001

00000000
00000000
00000111
00000011
00000111
00000100
00000100
00000110

00000000
00000000
00000000
00010000
00111000
00111100
01111000
11110000

00000000
00000000
00000000
00000000
00000000
00000000
00001100
00000000

00000000
00000000
00001111
00011111
00000110
00000000
00000000
00000000

00000111
00000111
00000001
00000000
00000000
00000000
00000000
00000000

00000000
11100000
11000000
11000000
10000000
00000000
00000000
00000000

00000000
00000000
00010000
00111000
00011000
00111100
00011000
00000000

00000000
00000100
00000101
00000111
00000001
00000011
00000011
00000000

00000000
00000000
00100000
00100000
00100000
00111100
00010100
00000000

00100000
10100000
10100000
11100000
01100000
00100000
00000000
00000000

00000000
00000000
00000000
00100000
00000000
00000000
00000000
00000000

00000000
00000000
00000000
00000000
00000000
00000000
00001100
00000000

00000000
00000000
00000000
00000001
00000000
00000000
00000000
00000000

00000000
00000010
00000011
00000110
00000010
00000011
00000001
00000001

00000000
00000000
00000000
00000000
00000000
10000000
10000000
11000000

00000000
00000000
00000000
00000100
00000000
00000000
00000000
00000000

00000000
00000000
00000000
00000000
00000000
00000000
00011000
00000000

00000000
11100000
00100000
00000000
00000000
00000000
00000000
00000000

00000000
00100000
01110000
01000000
01000000
00000000
00000000
00000000

00100000
00111100
00110000
00010000
01110000
00110000
00010000
00000000

11111000
01100000
01110000
11100000
01000000
01000000
00000000
00000000

00000000
00000000
00000000
10000000
11100000
10100000
00100000
00000000

00000000
00000000
11000000
01000000
00000000
00000000
00000000
00000000

00011101
00000101
00001111
00011011
00000000
00000000
00000000
00000000

00000000
00000000
00000000
00000001
00000111
00000110
00000010
00000000

00000000
00000000
00000000
00000000
00011001
00011111
00001111
00001111

00000000
00000000
00000000
00000111
00000111
00000011
00000010
00000010

00000000
00000000
00000000
00001000
00101000
00101000
10101100
11111110

00000000
00111000
00011110
00001100
00000110
00000000
00000000
00000000

11111000
11000000
11000000
10000000
00000000
00000000
00000000
00000000

00000010
00001110
00000010
00000000
00000000
00000000
00000000
00000000

00011100
00011000
00000000
00000000
00000000
00000000
00000000
00000000

00000000
00001001
00001011
00111111
00011001
00000001
00000000
00000000

00000000
00000000
00000000
00000000
00001100
01111110
00011110
00011000

00001100
00000101
00001111
00001111
00000001
00000001
00000000
00000000

00000000
00000000
00001000
00001000
00000000
00000000
00000000
00000000

00000000
00000000
00000000
00000000
00011000
00011100
00011100
00111100

00000000
00011000
00111000
00011100
00000000
00000000
00000000
00000000

00000000
00000000
00010000
00000000
00000000
00000000
00000000
00000000

00000000
00000000
00100000
00100000
00100000
00000000
00000000
00000000

11111110
11110010
10000000
00000000
00000000
00000000
00000000
00000000

00000000
00000000
00000000
00000000
00000000
00011110
00001000
00001100

01111000
00010000
00010000
00000000
00000000
00000000
00000000
00000000

00110000
11100000
01100000
01110000
00000000
00000000
00000000
00000000

00000000
00000000
00000110
00000010
00000000
00000000
00000000
00000000

00000000
00000000
00000000
01000000
01000000
01000000
01000000
11000000

00000000
00011100
00011110
00010110
00000010
00000000
00000000
00000000

00000000
11001000
11111000
11101000
00000000
00000000
00000000
00000000

01110000
00011000
00000000
00000000
00000000
00000000
00000000
00000000

00000000
00000000
00000000
00000000
00011100
00000100
00000000
00000000

00000000
00000000
00000000
00000000
00000000
00000000
00000100
00000100

00000000
00001000
00001000
00001000
00001000
00000000
00000000
00000000

00000000
00010000
00011000
01111100
01111000
00111000
00000000
00000000

00000000
00000000
11000000
00000000
00000000
00000000
00000000
00000000

00011000
00001110
00011000
00000000
00000000
00000000
00000000
00000000

00000000
00000000
00000000
00000000
00000110
00001110
00001100
00000110

11110000
01100000
01100000
00110000
11100000
00110000
00000000
00000000

11111000
11100000
01000000
00000000
00000000
00000000
00000000
00000000

00000000
00000011
00000001
00000000
00000000
00000000
00000000
00000000

00010100
00110100
00011100
01110100
00110000
00011000
00000000
00000000

00000000
00000000
00000000
00000000
00000000
00100000
00100000
01111000
