00000000000000000000111111111111
00000000000000000000111111111111
00000000000000000000111111111111
00000000000000000000111111111111
00000000000000000001111111111111
00000000100000000000111111111111
00000000000000000000111111111111
00000000000000000000111111111111
00010000000000001000111111111111
00100000000000000000111111111111
01000100000000000100111111111111
00000000000000000000111111111111
00000000000000010000111111111111
00000000000000000000111111111111
00000000000000101000111111111111
00000000100000000000111111111111
00000000000000000000111111111111
00000000000000000000111111111111
00000000000000000000111111111111
00000000000000000000111111111111
00000000010000000000111111111111
00000000000000000000111111111111
11111111111111111111111111111111
11111111111111111111111111111111
11111111111111111111111111111111
11111111111111111111111111111111
11111111111111111111111111111111
11111111111111111111111111111111
11111111111111111111111111111111
11111111111111111111111111111111
11111111111111111111111111111111
11111111111111111111111111111111

139
01110000
01100000
01110000
11000000
00000000
00000000
00000000
00000000

00000000
11000000
11000000
11100000
11100000
11000000
00000000
00000000

00000000
10000000
11111000
11110000
10010000
11100000
01000000
00000000

00000000
00000000
00000000
00100000
01110000
01111000
00010000
00010000

00000000
00000000
00000000
00000000
00001101
00001101
00011111
00011111

00000000
00000000
00000000
00000001
00000001
00000111
00000010
00000000

00000000
00000000
00000001
00000011
00000011
00000000
00000000
00000000

00000000
00011000
01111000
00001100
00011000
00000000
00000000
00000000

00000000
00000000
00000010
00000011
00000000
00000000
00000000
00000000

00110000
01110000
00110000
00010000
00000000
00000000
00000000
00000000

00000000
00000000
00000000
00000000
00000000
00000000
00000100
00000110

00000000
00000000
00000100
00000111
00011110
00000100
00000100
00000000

00000000
00000000
00000000
00000000
00000000
00000000
00000000
01100000

00000000
00000000
00000100
00011110
00110110
00010000
00000000
00000000

00000000
00000000
00001100
00001110
00000010
00000000
00000000
00000000

00000000
00000000
00000000
00000000
00000100
00000100
00000000
00000000

00000000
00010000
01010000
01110000
01010000
00000000
00000000
00000000

00000000
00000000
00000000
00000000
00110000
00000000
00000000
00000000

10000000
11110000
11000000
01000000
01000000
00000000
00000000
00000000

00000000
00001100
00001100
00011100
01111110
00011000
00001000
00000000

00000000
00000000
00001010
01111111
00010110
00000000
00000000
00000000

00100000
11100000
10000000
10000000
00000000
00000000
00000000
00000000

00000000
00000000
00000000
00000000
00000000
00000000
00001000
00000000

01111111
00110111
00100001
00000001
00000000
00000000
00000000
00000000

00011000
00011100
00011000
00011100
00000000
00000000
00000000
00000000

00000000
00000000
00000000
00000000
00000000
00000000
00000000
00000011

00000000
00000000
00000000
00000000
11100000
11100000
11000000
11000000

00000000
00000000
00000000
00000000
00000000
00000100
00000100
00000000

00000000
00000000
00000000
00000100
00001110
00000100
00000100
00000000

00000100
00011100
00001100
00001000
00001000
00000000
00000000
00000000

00000000
00000000
00000000
00000000
00010000
00111011
00011110
00011110

00001110
00001100
00000000
00000000
00000000
00000000
00000000
00000000

00000000
00000000
00000000
00100000
01100000
01100000
01000000
00000000

00000000
00000000
00000000
00000000
00000000
00000000
00000000
00011100

00000000
00000000
10000000
10000000
10000000
10000000
00000000
00000000

00000000
00000000
00000010
00000110
00000111
00011111
00000000
00000000

00000000
00000000
00000000
01000000
01100000
11110000
11110000
11110000

00000000
00000000
00000000
00111100
00011000
00110000
00011000
01110000

00000000
00000000
00100000
00100000
10111100
11111000
01011000
00010000

00000000
00000000
00000000
00000000
00010000
11110000
00011000
00010000

11111100
10100000
00000000
00000000
00000000
00000000
00000000
00000000

00000000
00000000
00000000
00000000
00000100
00001100
00001100
00000000

00001100
00001110
00001011
00000000
00000000
00000000
00000000
00000000

00000000
00000000
01111011
01001110
00011110
00001100
00000000
00000000

00000000
00000000
00000000
00010000
00000000
00000000
00000000
00000000

00000000
00000000
00000000
00100000
01100000
01110000
00111000
01111100

00111100
00011111
00001101
00001000
00000000
00000000
00000000
00000000

00000000
00001100
00001000
00011000
00000000
00000000
00000000
00000000

00001110
00001000
11111000
01011000
00010000
00000000
00000000
00000000

00000000
00000000
00000000
00000001
00000011
00000111
00000011
00000011

00111000
01111100
00110000
00110000
00000000
00000000
00000000
00000000

00000000
00000000
00000010
00000011
00000010
00000000
00000000
00000000

00000000
00000000
11000000
11000000
11000000
10000000
00000000
00000000

00000000
00111000
00110000
00000000
00000000
00000000
00000000
00000000

00000000
00000000
00000000
00000000
00000000
00110000
00010000
00000000

00000000
00000000
00000011
00000111
00001110
00000100
00000100
00000000

00000000
00000000
00000000
00000000
10100000
11100000
11100000
11000000

11100000
11110000
10100000
10000000
00000000
00000000
00000000
00000000

00000000
00000000
00000000
00000000
10000000
10000000
11000000
11100000

00000000
00000000
00000000
00000000
00010000
00111000
00010000
00000000

00000000
11110000
11010000
00000000
00000000
00000000
00000000
00000000

00000000
00000000
00001000
00111100
00001100
00000000
00000000
00000000

11111000
10000000
10000000
00000000
00000000
00000000
00000000
00000000

00000000
00000000
00000011
00000010
00000000
00000000
00000000
00000000

00100000
11100000
11000000
11100000
11000000
11000000
01100000
00100000

00000000
00000000
00000000
00000000
00000000
00000000
00000000
10000000

00000000
00000000
00000000
00000000
00000000
00000001
00000001
00000111

00000000
00000000
00000000
00000000
00000000
00011110
00000100
00000000

00000000
01000000
11010000
11110000
01110000
00010000
00000000
00000000

00000000
00000000
00000000
00000000
00000000
10000000
10000000
11000000

00000000
00000000
00000000
00000000
10000000
11000000
01000000
00000000

11111100
11101000
01000000
01000000
11000000
10000000
00000000
00000000

00111100
00111100
00001100
00111000
00001000
00000000
00000000
00000000

00000000
00000000
00000000
00000000
01100000
01100000
01100000
01100000

11000000
10000000
00000000
00000000
00000000
00000000
00000000
00000000

00000000
00000000
00010000
00110000
00011110
00011110
00011110
00001000

11100000
11110000
11100000
11100000
10100000
10000000
00000000
00000000

00000000
00000000
00000000
00000000
00111000
00110000
00000000
00000000

00000011
00000011
00000001
00000001
00000000
00000000
00000000
00000000

00011000
00011100
00001111
00000111
00000001
00000000
00000000
00000000

00011111
00001111
00000111
00000000
00000000
00000000
00000000
00000000

00000000
00000000
00000000
00000000
00000000
01100000
11100000
00000000

00000011
00000001
00000001
00000011
00000001
00000000
00000000
00000000

00000000
00000000
00000000
00000000
00000000
01100000
11000100
11111100

00000000
00010000
00011000
00111000
00111100
00011100
00000110
00000000

00000000
00000000
00010000
00110000
00100000
00110000
00110000
00100000

00000000
00000000
00000000
01110000
11000000
01110000
00100000
00000000

00000000
00000000
00111000
00001000
00011110
00001111
00000001
00000000

00000000
00000000
00000000
00000000
00000000
00000000
00010000
00000000

00010000
00110000
00000000
00000000
00000000
00000000
00000000
00000000

00000000
00000000
00000000
00000000
00100000
11110000
11100000
11100000

00111100
00101000
00001100
00000000
00000000
00000000
00000000
00000000

00000000
00000000
00000000
00000000
00000000
00000000
00000000
00000100

00000000
00000000
00000000
11000000
10100000
10100000
11111000
11111000

00000000
00000000
00000000
00001100
00001100
00000111
00111101
00011100

00000000
00000000
00000000
00000000
00000000
00000000
00001000
00011000

00000000
00000000
00000000
01100000
10100000
10100000
11110000
11110000

11000000
10000000
10000000
11100000
11000000
01000000
00000000
00000000

00000000
00000000
00000000
00000001
00000001
00000001
00000000
00000000

00000000
00000000
00000000
00110000
00110000
00111000
00111000
00110000

00000000
01000000
11100000
01100000
00000000
00000000
00000000
00000000

00001100
00111111
01110100
00000100
00000000
00000000
00000000
00000000

00000000
00000111
00000010
00000110
00000100
00000000
00000000
00000000

00000000
00000000
00000000
00000000
00010000
00011101
00000111
00011111

00000000
00000000
00000000
00000001
00000001
00000101
00000111
00000011

00000000
00000111
00011111
00000101
00000001
00000000
00000000
00000000

00000000
00000000
01000000
11000000
11000000
01100100
00111100
00111000

00001000
00001000
00101000
00111001
00001111
00001110
00000000
00000000

00000000
00000000
00110000
00100000
01110010
01011110
00010000
00000000

00000001
00000001
00000000
00000000
00000000
00000000
00000000
00000000

00000000
00001000
00001000
00000000
00000000
00000000
00000000
00000000

00000000
00000000
00000110
00001100
00011110
00000111
00000111
00000011

00000000
00000000
00000000
00010000
01111000
01100000
00100000
00000000

00000000
00001000
00011101
00001111
00001100
00000000
00000000
00000000

00000000
00000011
00000011
00000011
00000010
00000000
00000000
00000000

00000000
00000000
00000000
00001011
00001111
00001011
00001011
00001000

00000000
00000000
00000000
00000000
00000000
00001111
00011111
00111111

00000011
00000010
00000000
00000000
00000000
00000000
00000000
00000000

00010000
00110000
00110000
11111000
00100000
00000000
00000000
00000000

00000000
00000000
00000000
00000100
00000110
00001111
00000111
00011111

00000000
00010000
00011000
00011000
01010000
11110000
00111000
00010000

00000000
00000000
00000000
00000100
00011100
00000100
00000110
00000000

00001000
00101000
00111100
00011100
00000100
00000100
00000100
00001110

00010000
00110000
00010000
00000000
00000000
00000000
00000000
00000000

01100000
00000000
00000000
00000000
00000000
00000000
00000000
00000000

10000000
11000000
00000000
00000000
00000000
00000000
00000000
00000000

00000000
00000000
00000101
00001111
00000110
00000100
00000000
00000000

00000000
01000000
11110000
10110000
10110000
00000000
00000000
00000000

00000000
00000000
00001000
00011000
00000000
00000000
00000000
00000000

00000000
00000000
00000000
00000000
00000100
00000000
00000000
00000000

00111110
00001100
00011000
00000000
00000000
00000000
00000000
00000000

00000000
00001100
00000000
00000000
00000000
00000000
00000000
00000000

00000000
00000000
00000000
00000000
00010000
00010101
00011101
00001111

00000000
00000000
00000010
00000000
00000000
00000000
00000000
00000000

00000000
00011000
00010000
00000000
00000000
00000000
00000000
00000000

11110000
10011000
00111000
00010000
00111000
00000000
00000000
00000000

00000110
00000100
00000000
00000000
00000000
00000000
00000000
00000000

00000000
00000000
00000000
00100000
00100100
11111100
00011100
00011000

00000000
00000000
00000000
00000001
00000001
00000011
00001111
00011111
