00000000000010000000000001001111
00000000000000001000100001001111
00000001000000000001010000001111
00100011000100000000000000001111
00000000000000000000000000001111
00000100000000000000010000001111
00000010000010000000000000001111
00000000001000000000000000001111
00000000000010000001000000001111
00000000000000000000000000001111
10000000000000000000000000001111
00000000000001000000000010001111
00000000000000000100000000011111
00010010000000000000000000001111
00000000000000000001000000001111
00000000000000100000000000001111
00000000000000000000000000001111
01000000000001000000000000001111
00000000000100100000000100001111
00000000011100000000000000001111
00001001010100000000000000001111
00000000011000000100000000001111
11111111111111111111111111111111
11111111111111111111111111111111
11111111111111111111111111111111
11111111111111111111111111111111
11111111111111111111111111111111
11111111111111111111111111111111
11111111111111111111111111111111
11111111111111111111111111111111
11111111111111111111111111111111
11111111111111111111111111111111

68
00000000
00000000
00000000
00000000
00000000
00000000
00000001
00000001

00000001
00000001
00000000
00000000
00000000
00000000
00000000
00000000

00100000
01111100
00001110
00000100
00001100
00000110
00001100
00000000

00000000
00000000
00000000
01000000
01000000
11111000
00111100
11110000

00000000
00000000
00000000
11000000
11000000
11000000
10000000
00000000

00000000
00000000
00000000
00000000
00000011
00000011
00001111
00011111

00000000
00000000
00000000
00000000
00000000
00000000
00000010
00000010

00000000
00000000
00000000
00000111
00000010
00000000
00000000
00000000

00000000
00000000
00000000
00000000
00000000
00001000
00000000
00000000

00000000
10000000
10000000
11000000
11110000
01100000
01000000
00000000

00000000
00000000
00000000
00000000
00000011
00000111
00000111
00000111

00000000
00000000
00000000
00000000
00000000
10000000
11100000
11000000

00000000
00000000
10000000
00000000
00000000
00000000
00000000
00000000

00000000
00000010
00000010
00000000
00000000
00000000
00000000
00000000

00100000
01100000
00111000
01110000
00100000
00000000
00000000
00000000

00000000
00000000
00000000
00000000
00100000
01100000
01110000
11110000

00000000
00000000
00000000
00000000
00110000
00000000
00000000
00000000

00000000
00000000
00000000
00000010
00001110
00011110
00011100
00011111

00000000
00000000
00000000
00000000
01000000
01111101
00011101
00001111

00000000
00000000
00000000
00000000
00000000
00110000
00100000
01100000

00000000
00000000
00000000
00000000
00101000
11111100
00000000
00000000

00000000
00000000
00000000
00000001
00000111
00000111
00010011
00011111

00000000
00000000
00000000
00010000
00111110
00010000
00111110
00001110

00000000
00000001
00000011
00000111
00001110
00000110
00000000
00000000

00000000
00000000
00000000
00000000
00011000
00010000
00110000
00010000

00000000
00000000
00000000
01011000
11110000
11100000
11000000
11000000

00000000
00000000
00000000
00000000
00000011
00010111
00011111
00011111

00000000
00000001
00000111
00000111
00000011
00000011
00000011
00000011

00000000
10000000
11100000
11110000
10110000
00010000
00000000
00000000

00000000
00000000
00000000
00000000
00000000
00000011
00000011
00000011

00000000
00000000
00000000
00000000
00000000
10000000
10000000
10000000

00000000
00000000
00000000
00000000
00000000
10110000
10111100
11111110

00000100
00001110
00011110
00011110
00011100
00001000
00000000
00000000

01100000
01111000
01111000
01010000
00011000
00010000
00000000
00000000

00000100
00000110
00000110
00000000
00000000
00000000
00000000
00000000

00111111
01100010
00000000
00000000
00000000
00000000
00000000
00000000

00000000
00000000
00000000
00000000
00001100
00111111
00001000
00000000

00000000
01000000
01100000
11110000
11100000
11000000
01100000
01100000

00000000
00000000
00000000
00000000
11110000
00100000
00110000
00110000

00000000
00000000
00000100
00000110
00000100
00000000
00000000
00000000

00000000
00000000
00000000
00001000
00001000
00001100
00000000
00000000

00000000
00000000
00000000
00000000
00001100
00011111
00000101
00000001

11000000
01000000
00000000
00000000
00000000
00000000
00000000
00000000

00000000
00000000
00000000
00000000
00001100
00000000
00000000
00000000

00111111
00000110
00000000
00000000
00000000
00000000
00000000
00000000

00000100
00001110
00000110
00000110
00000100
00000000
00000000
00000000

00000000
00000000
00000000
00000000
00000000
00000110
00010110
00111110

00000000
00000000
00000000
00010000
01110000
00010000
00000000
00000000

00000000
00000000
00000011
00000111
00000111
00000011
00000110
00000000

00000000
00000000
00000000
00000000
00000000
00000000
00000000
01000000

00000000
00000000
00000000
00000000
00000000
00000000
00010000
00011111

00000000
00000000
00000000
00000100
00001110
00001100
00000100
00000000

00000000
00000000
00000000
00000000
00000000
00110000
00111000
00111000

00001000
00001100
00000000
00000000
00000000
00000000
00000000
00000000

00000000
00000010
00000011
00000011
00000000
00000000
00000000
00000000

00000000
00000100
00010100
00011110
00001100
00001100
00000000
00000000

00000000
00000000
00000000
00000000
00000000
11110000
00100000
00000000

11100000
11100000
10100000
10100000
10000000
00000000
00000000
00000000

00100000
01111000
11101000
00100000
00100000
00000000
00000000
00000000

00000000
00000000
00000000
00000000
00000000
00000000
00000011
00000111

00000000
01110000
00011000
00000000
00000000
00000000
00000000
00000000

00000001
00000111
00000000
00000000
00000000
00000000
00000000
00000000

00000000
00000000
00000000
00000000
00010000
00110000
00111100
00100000

00000100
00001110
00000011
00000000
00000000
00000000
00000000
00000000

01100000
01111000
11111000
11011000
01000000
00000000
00000000
00000000

00000000
00000000
00000000
00000000
00001000
00001000
00111000
01111100

00000000
00000000
00100000
11110000
11111100
01110000
00010000
00000000

00000000
00100000
00110000
00111000
01111000
00110000
00110000
00000000
