00000000000000000000000111111111
00000000010000110000000111111111
01100000000000000000000111111111
10000001000000000010000111111111
00000001000001000000100111111111
01000000000000000000000111111111
00000001000000000000000111111111
00000000000000000001000111111111
00000000000000001000000111111111
00100000000100000000001111111111
00000000000001000000000111111111
00000000010000100000000111111111
00000000000010000000000111111111
00000100000001100100000111111111
00000010000000000000000111111111
00000000000000000000000111111111
00000000000000000000000111111111
10000000010000000000000111111111
00000000000010001000000111111111
00000000000000000000000111111111
11111111111111111111111111111111
11111111111111111111111111111111
11111111111111111111111111111111
11111111111111111111111111111111
11111111111111111111111111111111
11111111111111111111111111111111
11111111111111111111111111111111
11111111111111111111111111111111
11111111111111111111111111111111
11111111111111111111111111111111
11111111111111111111111111111111
11111111111111111111111111111111

136
11111100
11011000
01001000
00000000
00000000
00000000
00000000
00000000

00000000
00000000
00000000
11000000
00000000
00000000
00000000
00000000

00000000
00000000
00000011
00000010
00000000
00000000
00000000
00000000

00001100
00001110
00001111
00000000
00000000
00000000
00000000
00000000

00000011
00000001
00000000
00000000
00000000
00000000
00000000
00000000

11000000
11100000
11000000
11100000
11000000
10000000
00000000
00000000

11100000
11000000
00000000
00000000
00000000
00000000
00000000
00000000

11000000
11000000
11000000
11000000
11000000
11000000
11000000
00000000

00000000
00000000
00000000
00000000
00000011
00001111
00000011
00000001

00000000
00000000
00000000
00000000
01001000
01011100
11110000
10010000

11000000
11000000
11000000
11000000
00000000
00000000
00000000
00000000

00000000
00000000
01000000
01000000
01111100
01100000
00100000
00000000

00000000
00000000
00000010
00111111
00000111
00000000
00000000
00000000

00000000
00000000
10000000
10010000
10111000
11111100
11000000
00000000

00010000
00111000
01111000
01010000
00000000
00000000
00000000
00000000

00000000
00000000
00000000
00000000
11100000
11110000
11100000
10000000

00000000
00000000
00000000
00000000
00000000
00000000
01000000
00000000

00000000
00000000
00000000
00001000
00011100
01111100
00011000
00000000

10000000
11000000
11000000
11100000
11000000
11100000
11100000
00000000

00000000
00000000
00000000
00010000
00011110
00111100
00010110
00000000

00011110
00001110
00001000
00011000
00001000
00000000
00000000
00000000

11100000
00111000
01111000
01110000
00100000
00000000
00000000
00000000

00000000
00000000
00000000
00000000
00000000
00001000
00111000
00000000

11111000
10101000
00000000
00000000
00000000
00000000
00000000
00000000

11111000
11110000
11011000
00000000
00000000
00000000
00000000
00000000

00000000
00000000
00000000
00000000
00000010
00000011
00000000
00000000

00000000
00000000
00000000
00000000
00000000
00000000
00000000
00001000

00000000
00000000
00000000
00000000
00000000
00010000
00011000
11111100

00000000
00000000
00000000
10000000
10100000
11100000
10000000
10000000

00000000
00000000
00000000
00000011
00000011
00000010
00000000
00000000

00000000
00000000
00000000
00000000
00000000
00000100
00001111
00011111

00000000
00000000
00000000
00000000
00111100
00000000
00000000
00000000

11110000
11100000
11110000
11100000
10100000
00000000
00000000
00000000

00000000
00000000
00000000
00000000
00000000
11000000
10000000
11100000

00000000
00000000
00000000
00000000
00000000
00000000
00000000
00000011

00000000
00000000
10000000
11110000
00100000
00000000
00000000
00000000

00000000
00000010
00000111
00000010
00000000
00000000
00000000
00000000

00011000
00011110
00001110
00000110
00000100
00000000
00000000
00000000

01000000
01000000
01000000
00000000
00000000
00000000
00000000
00000000

00000000
00000000
00010000
01110000
00111000
00111000
00001000
00001000

00011111
00001111
00001111
00000111
00000000
00000000
00000000
00000000

00000000
00000000
00000000
00000000
00000000
00100000
00100000
00000000

00010000
00010000
00000000
00000000
00000000
00000000
00000000
00000000

00000000
00000000
00000000
00000000
00001000
10001100
11111100
11111100

00000000
00000000
00011000
00001100
00001100
00111110
01101000
00000000

00000000
00000000
00000001
00000001
00000011
00011111
00000000
00000000

00000000
00000000
00000000
10000000
11000000
10000000
11110000
11110000

00000000
00000000
00000000
00000000
00000000
00000001
00000000
00000000

00000000
00000000
00000000
00000000
00000000
00000000
00111000
11111100

00000000
00000000
11010000
11010000
11111000
11000000
00000000
00000000

00000000
00000000
00000000
00000000
00000000
00110000
00100000
00000000

00000000
00000000
00110000
11100000
11110000
11110000
10000000
11000000

00000011
00000011
00000111
00000011
00000111
00000101
00000001
00000001

00000011
00000001
00000000
00000000
00000000
00000000
00000000
00000000

00000000
00000000
00000000
00000000
00000000
00000000
01111000
01110000

00000000
00000000
00000000
00000000
00000000
00011000
00111000
00111000

00000000
00000000
00000000
00000000
00000000
00001100
00011100
00111100

00000000
00110000
01100000
00000000
00000000
00000000
00000000
00000000

00011111
00000111
00001100
00000000
00000000
00000000
00000000
00000000

00000000
00000000
00000000
00000000
00011000
00010000
00000000
00000000

10000000
10000000
10000000
00000000
00000000
00000000
00000000
00000000

00000000
00000000
00000000
00000000
00000001
00000011
00000001
00000011

00100000
00110000
00011000
00000000
00000000
00000000
00000000
00000000

00000000
00000000
00000000
11100000
11100000
11000000
10000000
10000000

11000000
11000000
11000000
11000000
11100000
11100000
00000000
00000000

00000000
00000100
00000110
00001100
00000100
00001100
00111110
00000100

00000000
00000000
00000000
00001000
00001100
00011000
00001100
00111100

00000000
00000000
00000000
00000000
01100000
11101000
11111000
11110000

00000000
00000000
00000000
00000000
00000000
00000010
00000000
00000000

00000000
00000000
00000111
00001111
00000111
00001110
00000110
00000000

00000000
00000000
00000000
00010000
00010100
00111110
00011000
00110000

00000000
00000000
00000000
00000000
01000000
01111000
01111100
01110000

00000000
00111000
11111000
10100000
10000000
00000000
00000000
00000000

00000000
00000000
00000000
00000000
00011000
00010000
00000000
00000000

00000000
00000000
00000000
10000000
00000000
00000000
00000000
00000000

00100000
01100000
00000000
00000000
00000000
00000000
00000000
00000000

00000000
11000000
01100000
00111000
01111100
01000000
00000000
00000000

00000000
00000000
11100000
11000000
11100000
11000000
10000000
10000000

00000000
00000000
00000000
11101000
11111100
00111000
00000000
00000000

00000000
00000000
00000000
00000000
00000100
00000110
00000111
00000100

11100000
11000000
00000000
00000000
00000000
00000000
00000000
00000000

00000000
00000000
00000000
10000000
00000000
00000000
00000000
00000000

01000000
01000000
00000000
00000000
00000000
00000000
00000000
00000000

00000000
00000000
00000000
00000000
00000000
00000000
00100000
01100000

11111110
11110000
11000000
11100000
00000000
00000000
00000000
00000000

00000000
00000000
00000000
00010000
01011000
01111000
11110000
00100000

00111111
00111110
00000000
00000000
00000000
00000000
00000000
00000000

00000000
00000000
01000000
11110000
00000000
00000000
00000000
00000000

00000000
01000000
11000000
01100000
00000000
00000000
00000000
00000000

00000011
00000011
00000011
00000001
00000000
00000000
00000000
00000000

00000000
00000000
00000000
00000010
00000010
00000000
00000000
00000000

00000000
00000000
00000000
00000000
00000000
11000000
11100000
00000000

00000000
00000000
00000000
00000110
00000110
00001100
00000100
00000000

00000000
00000000
00001000
00011100
00011100
00000100
00000000
00000000

00000000
00010100
00011100
00000111
00000111
00000001
00000011
00000000

00111111
01101011
00000001
00000001
00000001
00000000
00000000
00000000

00000000
00000000
00000000
00000000
00000000
00000010
00000000
00000000

00000010
00000010
00011110
00011000
00110000
00000000
00000000
00000000

00000000
00100000
00110000
01110000
00000000
00000000
00000000
00000000

00111000
01100000
01000000
00000000
00000000
00000000
00000000
00000000

00000000
11110000
11111000
10111000
00100000
00000000
00000000
00000000

10000000
11000000
11110000
01111100
00100000
00000000
00000000
00000000

00000000
00000000
00000110
00001110
00000110
00000111
00000000
00000000

00000000
00000000
00000000
00000000
00011000
00011100
01111100
01111000

00000000
00000100
00000111
00001111
00001011
00001010
00000000
00000000

00000000
00000000
00011100
00011100
00001110
00001000
00000000
00000000

11100000
11110000
11100000
10100000
10000000
00000000
00000000
00000000

00000000
00000000
00000000
00001000
00111000
00111000
00010000
00000000

00001111
00000111
00000010
00000010
00000010
00000000
00000000
00000000

11000000
11000000
01000000
00000000
00000000
00000000
00000000
00000000

00111111
00000011
00000111
00000111
00000100
00000000
00000000
00000000

00000000
00000010
00001111
00001101
00000001
00000001
00000000
00000000

00000000
00000000
00000000
00000000
00000000
00010100
00011100
00001111

00000000
00000000
00000000
00000000
10000000
11000000
00000000
00000000

00000000
00001000
00001100
00011110
00011100
00011110
00000100
00000000

00000000
00000000
00000000
00000000
00000000
00000011
00001111
00011111

00000000
00000000
00000000
00000100
00000000
00000000
00000000
00000000

00000000
00000000
00000000
00000000
00000000
00100000
11100000
00100000

00000000
00000000
00000000
00000000
00001000
00011101
00011111
00011111

00000000
00000001
00000011
00000111
00000111
00000111
00000010
00000000

00000000
00000000
00000000
00000001
00011101
00111111
00011100
00011000

00000000
00000000
01000000
11000000
01000000
01110000
01110000
01000000

00000000
00000000
00000110
00000110
00000110
00000111
00001110
00011100

00000000
00000000
01010000
01111100
00101000
00001000
00000000
00000000

00000000
00000000
00000000
00000000
00000000
00000000
00001110
00000010

00000000
00001000
00001100
00111000
00011000
00111000
00100000
00000000

00000000
00000000
00010000
00110000
00110000
00110000
01110000
00000000

00000000
00000000
00000100
00001110
00001110
00001100
00000000
00000000

00000000
00000000
00000000
00000000
00000000
10100000
11110000
11000000

00000000
00000000
00000000
00000000
00000000
00001100
00000110
00001110

00000000
00000000
00000000
00000001
00000000
00000000
00000000
00000000

00011100
00001000
00000000
00000000
00000000
00000000
00000000
00000000

00000000
00000000
00000000
00100000
00110100
00111100
00110000
00000000

00000000
00000000
00000000
01000000
01111000
11111100
00011100
00000100

00000000
00000000
00000000
00000000
10100000
11110000
00111000
01111110

00000000
00000000
00000000
00000000
01100000
00000000
00000000
00000000
