00000000000000000000010000011111
10000000000000000000000011011111
00000000000000000000000000111111
00000000000000000000000001011111
00000001000000100010000000111111
00100000000000000000100000011111
00000000100001000000000000011111
00000000000000000000000000011111
00000000000100000000000000011111
01000000010100000010000010011111
00010000000000000000000000011111
00000000000110000000000000011111
10000000000000100001000000011111
00000001000000000000000000011111
00000000000000000010010000011111
00001010000000010000000000011111
00000000000000000000000000011111
00000000000100000010000000011111
00000000000000000001000000011111
00000000000000000000000000011111
00000100100000000000000000011111
00000000001000000100000010011111
01000000000000000000000000011111
00100000001000000000000100011111
11111111111111111111111111111111
11111111111111111111111111111111
11111111111111111111111111111111
11111111111111111111111111111111
11111111111111111111111111111111
11111111111111111111111111111111
11111111111111111111111111111111
11111111111111111111111111111111

6
00000000
00000000
00000000
00000000
01101010
01111111
00100101
00100000

01000000
01000000
00000000
00000000
00000000
00000000
00000000
00000000

00001110
00011010
00001000
00000000
00000000
00000000
00000000
00000000

00000000
00000000
11000000
11000000
11100000
11110000
00011100
00000000

00000100
00000100
00001111
00000111
00000111
00000011
00000001
00000000

00000000
00000000
00000000
00100000
00000000
00000000
00000000
00000000
