00000000000000000000000000000001
00000000000000000000000000000001
00000000000000000000000000010001
00100001000000000000000000000001
00000000000000000000000000001001
01000000000000000000000000000001
00000000000000000000000000000001
00000000000000000000000000000001
00000000000000000000000000000001
00000000000000000000000000000001
00010000000000000000000000000001
00000000000000000100000000000001
00000000000000000000000000000001
00100001000000000010000000000101
00000000000000000000000000000001
00000000000000000000000000000001
00001000000000000000000000000001
00000000000000000000000000000001
00001000000000000000000000000001
00000000000000000000000000000001
00000000000000000000000000000001
00000000000000000000000000100001
00000000000000000000000000000001
00000000000000000000000000000001
00000000000000000000000000000001
00101000000000000000000001000011
00000000000000000000000000000001
00000000000000000000000000000001
11111111111111111111111111111111
11111111111111111111111111111111
11111111111111111111111111111111
11111111111111111111111111111111

34
00000000
01110000
01000000
01000000
00000000
00000000
00000000
00000000

00000000
01100000
01000000
00000000
00000000
00000000
00000000
00000000

00000000
00000000
00000000
11000000
00000000
00000000
00000000
00000000

00000000
00000000
00011000
00001111
00001100
00000100
00000000
00000000

00000100
01001100
01111111
00011010
00000000
00000000
00000000
00000000

00000000
00000000
00000000
00000000
00000011
00000011
00000001
00000000

00000000
00000110
00000111
00000010
00000000
00000000
00000000
00000000

00000000
00000000
00000000
10000000
10000000
10000000
00000000
00000000

10000000
11000000
01000000
00000000
00000000
00000000
00000000
00000000

00000000
00000000
00000000
00000000
00000000
00000000
00011110
00111000

11111110
11111100
10011000
00000000
00000000
00000000
00000000
00000000

11000000
11100000
01000000
00000000
00000000
00000000
00000000
00000000

00000000
00000000
00000000
00000000
00000000
00000001
00000000
00000000

00000000
00000001
00000101
00000111
00001111
00000111
00000100
00000000

00000000
00000000
00001101
00001101
00011111
00001001
00000000
00000000

11100110
01111100
01100100
01100100
00000000
00000000
00000000
00000000

00000000
00000000
00000000
00000000
00010000
00111000
00000000
00000000

00000000
00000000
00000000
01100000
11100000
00000000
00000000
00000000

00000100
00000100
00001100
00000100
00000000
00000000
00000000
00000000

00000000
00000000
00000000
00000000
00000000
00000000
00000000
00001110

00000000
00000000
00000000
01000000
01110000
01100000
00000000
00000000

00000000
00000000
00000000
00000000
00000000
00000000
11000000
10000000

00000000
00000000
00000000
01000000
11100000
01000000
00000000
00000000

00000000
00000000
00000000
00000000
00000000
00000011
00001110
00001100

00000000
00000000
00000000
00000000
10100000
11111000
00000000
00000000

00000000
00000000
00000000
01010000
01011000
01111110
01110000
00000000

00000000
00000000
00000011
00000011
00000001
00000001
00000000
00000000

00000000
00000000
00000100
00001100
00011100
01010000
01110000
00000000

00000001
00000001
00001011
00011111
00000111
00000011
00000000
00000000

01111111
00010110
00000000
00000000
00000000
00000000
00000000
00000000

00000000
00000000
00000001
00000011
00000001
00000001
00000000
00000000

00000000
00000000
00000000
00000000
00000000
00000000
00010000
00111000

00111000
00111110
01111100
00001000
00001000
00000000
00000000
00000000

00100000
00111111
00001011
00000000
00000000
00000000
00000000
00000000
