00000000000000000000001111111111
00000000000000000000001111111111
00000000000000000000001111111111
00000000000000000000001111111111
00000000000000000000001111111111
00000000000000000000001111111111
00000000000000000000001111111111
00000000000000000000001111111111
00000000000000000000001111111111
00000000000000000000001111111111
00000000000000000000001111111111
00000000000000000000001111111111
00000000000000000000001111111111
00000000000000000000001111111111
00000000000000000000001111111111
00000000000000000000001111111111
00000000000000000000001111111111
00000000000000000000001111111111
00000000000000000000001111111111
00000000000000000001001111111111
00000000000000000000001111111111
00000000000000000000001111111111
00000000000000000000001111111111
00000000000000000000001111111111
00000000000000000000001111111111
00000000000000000000001111111111
00000000000000000000001111111111
00000000000000000000001111111111
00000000000000000000001111111111
00000000000000000000001111111111
00000000000000000000001111111111
00000000000000000000001111111111

240
00000000
00011000
00011000
00011100
00111110
00010000
00000000
00000000

00000000
00000000
00000000
00000000
00000010
00000010
00001111
00001111

00000000
00000000
00000000
00000000
00000000
00110000
01110000
11110000

00000000
00000000
00000000
00000000
00000000
00000000
00000001
00000001

00000000
00000000
00000001
00011111
00010100
00000100
00000000
00000000

00000000
00000000
00000000
00000000
00000000
00000000
00000000
00001000

00000000
00000000
00010000
00110000
00000000
00000000
00000000
00000000

00000000
00000000
01000000
11100000
11101000
00111000
00011000
00000000

00000000
00000000
00000000
00000000
00000001
00000011
00000010
00000010

00000000
00000000
00000000
00000000
00010000
00111100
00111110
01111110

00000000
00000000
00000000
00000000
11100000
11110000
11000000
00000000

11111000
10000000
11110000
01110000
00100000
00100000
00100000
00000000

00000000
00000000
00000000
00000000
10010000
11110000
01000000
00000000

00000000
00001110
00011110
01110000
01100000
00110000
00000000
00000000

00000000
00000000
00000000
00000000
00000110
00000010
00000000
00000000

00000000
00000000
00000000
00000000
00000100
01011100
01111100
00111110

00000000
00000000
10000000
10100000
10100000
10110000
11111000
11000000

00000000
00000000
10000000
11000000
11100000
11110000
11100000
11100000

00110000
00011100
00001000
00111000
00011100
00010100
00000000
00000000

00000000
00000000
00000000
10000000
10000000
10000000
00000000
00000000

00011000
11111110
00000000
00000000
00000000
00000000
00000000
00000000

10000000
11000000
10000000
11100000
11111000
01100000
00000000
00000000

00000000
10000000
10000000
11110000
11110000
11011000
00000000
00000000

11111100
10111110
00011010
00001000
00000000
00000000
00000000
00000000

11000000
11100000
01110000
01100000
00100000
00000000
00000000
00000000

00000000
00100000
01100000
00110000
01111000
00000000
00000000
00000000

00000000
00000100
00001100
00111100
01111000
01010000
00010000
00000000

00000000
00000000
00000000
00000000
00010000
00010000
00111000
00011100

00111110
00111110
00101000
00100000
00100000
00000000
00000000
00000000

00000001
00000011
00001111
00001010
00001010
00000000
00000000
00000000

00000000
00000000
00000000
00100000
00100000
00111100
11111100
00001000

10000000
11000000
11100000
11110000
00000000
00000000
00000000
00000000

00000011
00000001
00000111
00000111
00000010
00000000
00000000
00000000

00000011
00000011
00000011
00000001
00000000
00000000
00000000
00000000

00000000
00100000
01100000
00111000
00000000
00000000
00000000
00000000

00000000
00000000
00000000
00000000
00000000
00000110
00000010
00000110

00000000
00000000
00000000
11000000
01110000
00000000
00000000
00000000

00000000
00000000
00010000
00011000
00011100
00111100
00111100
00010000

00000000
00000000
00000000
00100000
00110000
00011100
01111000
01110000

00000000
00000000
00000000
00000000
10100000
11110000
10000000
11000000

00000111
00001111
00000111
00000000
00000000
00000000
00000000
00000000

00000000
00011000
01111000
00111100
01110100
00000000
00000000
00000000

00000111
00000001
00000011
00000001
00011111
00001011
00000001
00000000

00000000
00000000
00000000
00100000
00101000
01111000
11110000
11111000

00000000
00000000
00000000
00000000
00000000
00000100
00010101
00011111

00000000
00000000
10000000
11000000
10000000
00000000
00000000
00000000

00000000
00000000
00010000
11111000
01010000
00000000
00000000
00000000

00000000
00001000
00111100
00110000
00100000
00000000
00000000
00000000

00000000
00000000
00000000
00001111
00111110
00011000
00110000
00110000

00000000
00000000
00000000
01110000
00000000
00000000
00000000
00000000

00111000
00110000
11111000
11110000
00100000
00100000
00000000
00000000

00000000
00000000
00000000
00000011
00000011
00000111
00000111
00011111

00000000
00000100
00001100
00111100
00011000
00000000
00000000
00000000

00000000
00000000
00000000
00000000
00001000
00000000
00000000
00000000

00000000
00000000
00110000
00100000
01100000
00000000
00000000
00000000

00011100
00000110
00000110
00000100
00000100
00000000
00000000
00000000

00011110
00001110
00011110
00000000
00000000
00000000
00000000
00000000

00000000
00000000
00000000
00000010
00000111
00000111
00000011
00000111

00000000
00000000
01000000
01000000
11000000
00000000
00000000
00000000

00001110
00001010
00000000
00000000
00000000
00000000
00000000
00000000

00000000
00000000
00000000
00000000
00000000
00000000
01100000
11000000

11000000
11100000
11100000
01000000
00000000
00000000
00000000
00000000

00000000
00000000
00000110
00000100
00000110
00000110
00000000
00000000

00000000
00000000
00000000
01100000
00110000
11111000
00110000
00000000

10000000
11110000
10100000
00000000
00000000
00000000
00000000
00000000

00000000
00000000
00010101
00011111
00001000
00000000
00000000
00000000

00000000
00000000
00000000
00000000
00000000
00000000
01000000
11100000

00000000
00000000
00000000
00000000
00110000
00100000
01110000
01111000

00000000
00000000
00001100
00001111
00001000
00001000
00000000
00000000

00000000
00000000
00000000
00000000
00000000
00000110
00000011
00000011

00000000
00000000
00000000
00000000
00110000
00000000
00000000
00000000

00000000
00000000
00000010
00000010
00001011
00001111
00000111
00000111

00001000
00111000
00011000
00011110
00001100
00000110
00000000
00000000

00000000
00011000
00001000
00111000
00110000
00000000
00000000
00000000

00000000
00100000
00100000
00110000
01110000
00000000
00000000
00000000

00000000
00000000
00000000
00000000
00000000
00000000
00011100
00001000

00000000
00000000
00000000
00000000
00100010
00111110
11111000
00110000

00000000
01000000
11110000
11110000
10110000
00000000
00000000
00000000

00000000
00000000
00000000
00010000
00110000
00100000
10110000
11110000

00000000
00000001
00000011
00000011
00000011
00001111
00000001
00000011

00011111
00000111
00000000
00000000
00000000
00000000
00000000
00000000

00000000
00011000
00011100
00011110
00001111
00001000
00000000
00000000

00000000
00000000
00000000
00000000
00010000
00000000
00000000
00000000

00000000
00000000
00000000
00000000
00000000
00000000
00100000
00000000

00000000
00000000
01100000
00110000
00011000
00010000
00010000
00010000

00000000
00000000
00000000
00000000
00001000
00011000
00001000
00001110

00000000
00001111
00011111
00001010
00001000
00000000
00000000
00000000

00000000
00000000
00000000
00000000
00000000
00011111
00011111
01111100

00000000
00000000
00000000
00000000
00111000
00000000
00000000
00000000

00000000
00000000
00000000
00000000
00000001
00001111
00011111
00000001

00110000
00111000
00010000
00000000
00000000
00000000
00000000
00000000

00000000
00000000
00000000
01000000
11100000
00000000
00000000
00000000

00001111
00001110
00001110
00011111
00001000
00000000
00000000
00000000

00000000
00000000
01111000
11100000
11110000
11110000
10000000
00000000

00000000
00110000
00011100
00011110
00010110
00010000
00010000
00000000

00000000
00000000
00000000
00000011
00000011
00001110
00011100
00001000

00000000
00000000
00000000
00001000
00011000
00001100
11111000
00010000

11110000
01110000
01010000
00010000
00000000
00000000
00000000
00000000

00000000
00000000
00110000
01100000
01000000
01000000
00000000
00000000

00000111
00000001
00000000
00000000
00000000
00000000
00000000
00000000

00000000
00000000
00001100
00111100
00001000
00000000
00000000
00000000

00000000
00000000
00000000
00001000
00111110
00000111
00000011
00000111

00000000
00000000
00000000
00100000
00110000
01100000
00000000
00000000

00000000
00000000
00000000
00000000
00000000
01100000
11111000
11111100

10000000
11000000
00000000
00000000
00000000
00000000
00000000
00000000

11110000
11000000
01100000
01100000
01100000
11000000
00000000
00000000

00000000
00000000
00000000
00000000
00000000
00000000
00110000
00110000

00000000
00000000
00000000
00000000
01110000
11100000
00100000
00000000

00010001
00011111
00000011
00000111
00000010
00000000
00000000
00000000

00000000
00110000
00111100
00111000
01110000
01000000
00000000
00000000

01111100
00111111
00011110
00000000
00000000
00000000
00000000
00000000

00000000
00000000
00000000
10100000
11100000
11100000
11000000
11100000

00000000
00000000
00000000
00000000
00001000
00011000
01111110
00100100

00000000
00000000
00000000
00000110
00001111
00000111
00000000
00000000

11100000
10000000
10000000
10000000
10000000
00000000
00000000
00000000

00000000
00010000
00111000
01111100
00100100
00000000
00000000
00000000

00000000
01000000
11100000
11100000
10000000
10000000
11110000
11100000

00000000
00000000
00000000
01000000
01000000
01000000
01000000
00000000

00011100
00111100
00001000
00000000
00000000
00000000
00000000
00000000

00111111
00011110
00011000
00000000
00000000
00000000
00000000
00000000

00000000
00000000
00000000
00000000
00000100
10001100
11111100
11111100

00000000
00110000
10100000
11111000
10100000
00110000
00000000
00000000

00000000
00000010
00000111
00000111
00001111
00001001
00000000
00000000

11000000
11111000
11110000
11000000
00000000
00000000
00000000
00000000

00011100
00001100
00011000
00001000
00111100
00010000
00000000
00000000

00000000
00000000
00000000
00001110
00001010
00001010
00001100
00001000

00000000
00000000
00000000
00100000
00100000
00000000
00000000
00000000

00000000
00000000
00010000
00010000
01111000
01111000
00010000
00011000

00000000
00000000
00000000
00000000
00001000
00001100
00111000
00000000

00000000
00000000
00000000
01000000
01110000
11000000
11110000
11100000

00000000
00000000
00000000
00000000
00000000
00111000
01111000
01100000

00000000
00000000
00000000
00000000
00000000
10000000
11100000
00000000

00000000
00000000
00000000
01000000
11110000
11111000
01100000
01100000

00000000
00000000
00000000
00000101
00000111
00000001
00000011
00111111

00000000
00000000
00000000
00001111
00000010
00000000
00000000
00000000

00000000
00000000
00000000
00000100
00001110
00001100
00000100
00000000

00000000
00000000
00000000
00000000
00000011
00110001
00110111
00111111

00000000
00000000
00000000
00000000
00000000
00000100
00001100
00011111

00000000
00000000
00000000
00000000
00000000
00000000
00011000
00111000

00000000
00000000
00000000
00000110
00000100
00011111
00001111
00001111

00000000
00000000
00000000
00000000
00011000
00011100
00001110
00001100

00000001
00001111
00000111
00001111
00001000
00000000
00000000
00000000

00000000
00000000
01000000
11000000
11000000
11000000
01100000
00000000

00000000
00000000
00000100
00011100
00001100
00000000
00000000
00000000

00000001
00000011
00000001
00011111
00000111
00000000
00000000
00000000

00000000
00000000
01000000
11010000
01111000
00110000
00111000
00100000

00010010
00011110
00010011
00000001
00000001
00000000
00000000
00000000

00000000
00000000
00000000
00001000
00001111
00000001
00000011
00000001

01110000
00010000
00011000
00010000
00010000
00010000
00010000
00000000

00000000
00000000
00000000
00000000
00000001
00000111
00000111
00000001

00000000
00000000
00000000
00000000
00000000
00001100
00011000
00110000

00000000
00000000
00000000
00000000
00000000
00000001
00000001
00000001

11111100
10111000
00001000
00001000
00000000
00000000
00000000
00000000

00000000
00000000
00000000
00000010
00011110
00010000
00000000
00000000

00100000
11110000
01110000
01100000
01100000
00110000
00100000
00000000

01111110
01111100
00011100
00001000
00000000
00000000
00000000
00000000

00000000
00000000
00000000
00000000
00010000
00110000
00100000
01110000

00000000
00001000
00111100
00111100
00110000
11100000
10000000
00000000

00000000
00000000
00000000
00000000
00100000
00100000
00000000
00000000

00000000
00000000
00011100
01110000
01110000
00111000
01101000
00000000

00000000
00000000
00000000
00010001
00110111
00011111
00000101
00000101

11111000
01110000
01110000
11110000
01000000
00000000
00000000
00000000

00000000
00000000
00000000
00000000
00000000
00000001
00000111
00000111

00000000
00000000
00000000
00001000
00001110
00001111
00001111
00000011

00000000
00000000
00000000
00000000
00000000
00000001
00000000
00000000

00011111
00000011
00001111
00000011
00000001
00000000
00000000
00000000

00000000
00000000
00000000
00000000
01000000
11110000
01100000
00000000

00100000
00100000
01110000
00111000
00010000
00000000
00000000
00000000

00000000
00000000
10000000
10000000
11000000
01100000
00000000
00000000

00011000
00111000
00100000
00000000
00000000
00000000
00000000
00000000

00000000
00000110
00000110
00000000
00000000
00000000
00000000
00000000

00000111
00000110
00001110
00000111
00000101
00000000
00000000
00000000

00000000
00001100
00001100
00001110
00000010
00000000
00000000
00000000

00000000
00000000
00000000
01000000
11100000
10100000
10110000
00110000

00000000
00000000
00001000
01111000
00010000
00011000
00110000
00000000

00000000
00000000
00000000
00000000
00000000
00000001
00000011
00000001

00000000
00000000
01100000
11100000
00100000
00000000
00000000
00000000

00000000
00000000
00000000
00000000
00001100
00011100
00111000
00011100

00000000
00000000
00000100
00000111
00000111
00011100
00001110
00000111

00100000
00000000
00000000
00000000
00000000
00000000
00000000
00000000

00000010
00000010
00000111
00000011
00000011
00000001
00000001
00000000

00000000
00000000
00000000
00000000
00110000
00010000
00000000
00000000

00000000
00000000
00000000
00000000
00000000
00000000
00110000
11111000

00110000
00111100
00111000
00000000
00000000
00000000
00000000
00000000

00000000
00000000
00001000
00111000
01111000
00111000
00001000
00001000

00000000
00000000
00000000
00000010
00000010
00000111
00011111
00001111

01100000
01110000
00100000
00000000
00000000
00000000
00000000
00000000

00000000
00000000
00000000
00000000
00000000
00000000
00000000
00100000

01000000
00000000
00000000
00000000
00000000
00000000
00000000
00000000

00000000
00000000
00001000
00001100
00001111
00000111
00000011
00000111

00000000
00100000
01100000
11000000
11000000
11000000
00000000
00000000

00111000
00000000
00000000
00000000
00000000
00000000
00000000
00000000

00100000
00111100
00111100
00010100
00000000
00000000
00000000
00000000

00000011
00000011
00000001
00000000
00000000
00000000
00000000
00000000

00000001
00000001
00000111
00000111
00000001
00001111
00000100
00000000

00000001
00000011
00000111
00000110
00000000
00000000
00000000
00000000

00000000
01100000
01000000
01100000
11000000
11000000
11000000
11110000

00000000
00000000
00000000
00000000
00000000
00000000
00001000
00001000

11110000
00110100
00111100
00111000
00000000
00000000
00000000
00000000

00000000
00000000
00000000
00000000
00000000
00000000
00010000
11110000

00000000
00000000
00000000
00000000
00000000
11100000
11001000
11111100

00000000
00000000
00010000
00000000
00000000
00000000
00000000
00000000

00000000
00000000
00011100
00011000
00110000
11111000
00100000
00000000

00000000
00000000
00000000
00000000
00000000
00000000
00000100
00000000

00000000
00000000
00001000
00001000
00001000
00011000
00001100
00001100

00000000
00000000
00000001
00000001
00000001
00111111
00000101
00000001

00000001
00000001
00000011
00000011
00000011
00000110
00000000
00000000

11000000
00000000
00000000
00000000
00000000
00000000
00000000
00000000

00000000
01010000
01110000
01111000
00111100
00011000
00001000
00000000

00000000
00000000
00000000
00000000
00000000
00000000
00000011
00000000

00000000
00000000
00000000
00000000
00000000
00001000
00111000
00001000

00000000
00000000
00000000
00100000
11111100
01001100
00111000
00000000

00000000
00000000
00000000
00000000
00010110
00111111
00011110
00000110

00000000
00000000
01100000
01100000
11110000
11100000
11100000
10000000

00111100
00101111
00001110
00001000
00011000
00001000
00000000
00000000

00000000
00000000
00000100
00000110
00000100
00001100
00001111
00001001

11100000
11110000
11111000
10101000
00000000
00000000
00000000
00000000

01111111
00101111
00000111
00000001
00000000
00000000
00000000
00000000

00000000
00010000
00010000
00011000
01110000
01111100
00110000
01100000

00000000
00000000
00000000
00000000
00000000
00000001
00000000
00000000

00000000
00000000
00000000
00000000
00000000
00000010
00001110
00000000

00000000
00010000
00010000
00010000
01111000
00000000
00000000
00000000

00000000
00000000
00000000
00000010
00000111
00000100
00000000
00000000

00000000
00000000
00000000
00000011
00001111
00001111
00000111
00000100

00000000
00000011
00000111
00000001
00000001
00000001
00000001
00000000

00000100
00011100
00000000
00000000
00000000
00000000
00000000
00000000

00000000
00000000
00000000
00000000
10000000
10000000
11000000
10000000

00000000
00000000
00000000
00000000
00000000
10000000
11111000
11001000

00000000
00000000
00000000
00000000
00000000
01000000
01000000
00000000

00110000
00110000
01100000
00110000
00000000
00000000
00000000
00000000

00000000
01000000
11010000
11110000
10100000
00000000
00000000
00000000

00000000
00000000
00010000
00011000
01110000
00110000
00000000
00000000

00000000
00000000
00000000
00000000
00000000
00000000
00000001
00000011

00000000
00000000
00000000
00000000
00000010
00001111
00001111
00000111

00000000
00000000
10000000
10000000
10010000
11010000
11110000
11100000

00010000
00111100
00111000
00111000
00000000
00000000
00000000
00000000

00000000
00000000
00000000
00000000
00000000
00000110
00000111
00000100

11111000
11110000
01100000
00100000
00110000
00000000
00000000
00000000

00000000
00001000
00011110
00011000
00001000
00011000
00001000
00001000

00000000
00000000
00000001
00000001
00000001
00000111
00000001
00000000
