10100000000000000000011000111111
00000000000000000000000000011111
00000010000001000000000000011111
00000000000000000000010000011111
00000000000000000000000000011111
00000001000000000000000000011111
00000010000000100000000000011111
00000000000010000000000000011111
00010000000000000000000000011111
00000000000000000000001000011111
00100000000000000000010000011111
00000000000000000000000010011111
00000000000000000000000000011111
00000000000000000000000000011111
00000001000000000000000000011111
00000100000000000000000000011111
00000110000000000001000000011111
00010000000000000000000000011111
00000000000000000000000001011111
00000000001100000000000000111111
00000000000000000000010000011111
00000000000000001000000000011111
11111111111111111111111111111111
11111111111111111111111111111111
11111111111111111111111111111111
11111111111111111111111111111111
11111111111111111111111111111111
11111111111111111111111111111111
11111111111111111111111111111111
11111111111111111111111111111111
11111111111111111111111111111111
11111111111111111111111111111111

85
00000000
00000000
00000000
00000000
01000000
01010000
11011000
11110000

00000000
00101000
00101000
00111000
00010000
00010000
00000000
00000000

00000000
00000000
00101011
00111111
00110101
00000000
00000000
00000000

10000000
11100000
01000000
00000000
00000000
00000000
00000000
00000000

00001111
00001111
00000101
00000100
00000100
00000100
00000000
00000000

01110000
00100000
00100000
00110000
00010000
00000000
00000000
00000000

00001100
00001000
00001000
00000000
00000000
00000000
00000000
00000000

00000000
00000000
00000100
00000110
00111110
00100111
00000001
00000000

00001000
00001000
00000000
00000000
00000000
00000000
00000000
00000000

11111000
11110000
11100000
11100000
00000000
00000000
00000000
00000000

00000000
01000000
11000000
11000000
10000000
00000000
00000000
00000000

00000100
00000100
00000000
00000000
00000000
00000000
00000000
00000000

00000111
00000000
00000000
00000000
00000000
00000000
00000000
00000000

00000000
00000000
00000000
00000000
00000100
00100100
01111111
00111111

00000001
00000111
00010100
00011111
00001110
00000100
00000000
00000000

01111000
00111100
00011110
00001010
00001010
00000000
00000000
00000000

00000000
00000000
00000000
00000000
00000000
00000000
00001100
00000110

00000000
00100000
01100000
01000000
11110000
11100000
00000000
00000000

00000000
00000110
00000110
00000000
00000000
00000000
00000000
00000000

00000000
00000000
00000000
00000000
00010000
00011100
00000000
00000000

00000000
00000000
11000000
11000000
01000000
00000000
00000000
00000000

00000000
00000000
00110000
00100000
00000000
00000000
00000000
00000000

00000010
00001110
00001110
00000111
00000101
00000000
00000000
00000000

01000000
01100000
11000000
11100000
11000000
00000000
00000000
00000000

11100000
01000000
01000000
00000000
00000000
00000000
00000000
00000000

00000000
00000000
00000000
00000000
00010000
00010000
00000000
00000000

00000000
00000000
00000000
00000000
00000100
00000100
00000100
00111110

00001111
00011110
00111110
00000000
00000000
00000000
00000000
00000000

00000000
00000000
00000000
00000000
00011000
00001110
00111111
00001000

00000000
00000000
00000000
00000000
00000000
01010000
01110000
11111111

11110000
11100000
11000000
10000000
10000000
00000000
00000000
00000000

11000000
00000000
00000000
00000000
00000000
00000000
00000000
00000000

00000000
00000000
00000000
00001100
01111000
00111000
00010000
00000000

00000000
01111000
11101100
00100000
00000000
00000000
00000000
00000000

00000010
00111110
00111111
00000100
00000000
00000000
00000000
00000000

00111111
01110110
00100000
11100000
00000000
00000000
00000000
00000000

00000000
00000000
00000000
00000000
01000000
11111000
11010000
00000000

00000000
00000000
00000010
00000111
00000011
00000000
00000000
00000000

00000011
00000011
00000011
00000001
00000011
00000000
00000000
00000000

00011000
00010000
00010000
00010000
00010000
00000000
00000000
00000000

11110000
11111000
10100000
10100000
11000000
00000000
00000000
00000000

00000000
00000000
00000000
00000000
00000000
00011110
00011110
00001100

01100000
00100000
00110000
00100000
00000000
00000000
00000000
00000000

00000000
00000000
01000000
11100000
11000000
11110000
11100000
11100000

00000000
00100000
00000000
00000000
00000000
00000000
00000000
00000000

00000000
00000000
00000011
00001111
00000011
00000011
00000001
00000000

00000000
01010000
11010000
11110000
11100000
01000000
00000000
00000000

00000000
00000000
11100000
00110000
00011000
00000000
00000000
00000000

00000000
00110000
00110000
00111100
00011100
00000000
00000000
00000000

00001111
00001110
00000010
00000010
00000000
00000000
00000000
00000000

00000000
00001000
00001111
00000000
00000000
00000000
00000000
00000000

00000000
00000000
00000000
11000000
11110000
11110000
11000000
10000000

00000001
00000001
00000011
00000000
00000000
00000000
00000000
00000000

00000000
00000000
00000000
00000000
00000000
10000000
10000000
00000000

00000000
00000000
00000000
01000000
01100000
01100000
00100000
01111000

00000000
00000000
00000000
00000000
00100000
00100000
01110000
00100000

00000000
00000000
00000000
10000000
11100000
10110000
00100000
00000000

11100000
11000000
10000000
11000000
01000000
00000000
00000000
00000000

00000000
00000000
00000000
10000000
10100000
11110000
11100000
00000000

00000000
00000000
00000000
00000000
10000000
10000000
11000000
11100000

00000000
00001000
00001000
00000000
00000000
00000000
00000000
00000000

00000000
00000000
00000000
00000000
11100000
10000000
00000000
00000000

00000000
00000000
00000000
00000000
00000000
00000000
01111000
01111000

00000011
00000011
00000011
00000000
00000000
00000000
00000000
00000000

00000000
00000000
00000000
00001000
01111010
00011110
00011000
00001000

00000000
00000000
00000000
00000000
10000000
00000000
00000000
00000000

10000000
11100000
11100000
10000000
10000000
00000000
00000000
00000000

10000000
11000000
11100000
10000000
10000000
00000000
00000000
00000000

00000000
00000000
00000000
00000000
00001100
01111111
00010000
00000000

00000000
11000000
10000000
10110000
11100000
11000000
00000000
00000000

00000000
00000000
00000000
00000100
00000100
00001111
00001100
00000000

00000000
00000000
01100000
11100000
01100000
01000000
11000000
00000000

00000000
00000000
00010000
00010000
00011000
00001000
00011100
00011000

10000000
00000000
00000000
00000000
00000000
00000000
00000000
00000000

00000000
00000000
00011111
00011110
00000100
00000000
00000000
00000000

00000000
00000000
01000000
11000000
01000000
00000000
00000000
00000000

00010000
00010000
00011000
01110000
11100000
10000000
00000000
00000000

00000000
00000000
10000000
10000000
10000000
10000000
10000000
00000000

00000011
00000010
00011110
00111000
00000000
00000000
00000000
00000000

01111000
01111000
00111000
00110000
00011100
00000000
00000000
00000000

00000000
00000000
00000000
00000000
00000000
00100000
01100000
01110000

00000000
00000000
00000000
00000000
00000000
00000000
00000010
00001111

00000000
00000000
00111000
00010000
00000000
00000000
00000000
00000000

00000000
00000001
00000001
00000111
00000011
00000110
00000010
00000010

00000000
00000000
00000000
00000000
01000000
01101000
01111000
01110000
