00000000000000000000100000000111
00000000101000000000100000000111
00000000010000000000000000001111
00110100000000000000000000000111
00000000000000000000000001000111
00000000000000000000000000000111
00000000001000000010000001000111
00001100000001000100001000000111
00000000000010000000000000000111
00000000000000000000000100010111
10000100000100001000000000010111
00100000000000000000000000000111
10000000000000000000000000000111
01000000000000000001000010000111
00000000000010000000000100000111
00000000000000000000000000000111
00000000000010000000000000000111
00000000000000000000000010000111
00100000000000000011100000000111
00000000000000000000000000000111
00000000000000000000000000000111
00000000000000000000000001000111
00000001000000100000000000000111
11111111111111111111111111111111
11111111111111111111111111111111
11111111111111111111111111111111
11111111111111111111111111111111
11111111111111111111111111111111
11111111111111111111111111111111
11111111111111111111111111111111
11111111111111111111111111111111
11111111111111111111111111111111

114
00000000
00000000
00000000
00000011
00000000
00000000
00000000
00000000

00000000
00000000
00000000
00000000
00000000
00000001
00000101
00011111

00111100
00001100
00011000
00000000
00000000
00000000
00000000
00000000

00000100
00011111
01110110
01100010
00100000
00000000
00000000
00000000

00001000
00001000
00000000
00000000
00000000
00000000
00000000
00000000

00110000
01100000
00000000
00000000
00000000
00000000
00000000
00000000

00000000
00110000
00111100
01101110
11100000
00110000
00000000
00000000

11100000
01110000
01100000
01110000
00000000
00000000
00000000
00000000

00000000
00000000
00110000
01111000
00111111
00100010
00100000
00000000

00000000
00000000
00000011
00000011
00000011
00000011
00000000
00000000

00000000
00000000
00110000
00111000
00011110
00000000
00000000
00000000

00001100
00111100
00011110
00011010
00000000
00000000
00000000
00000000

00011100
01111000
00011000
00000000
00000000
00000000
00000000
00000000

00000000
00100000
01110000
11100000
10110000
10000000
00000000
00000000

00000000
00000000
00000000
11100000
01000000
01000000
00000000
00000000

00000000
00000000
00000000
00000000
00000000
00000000
00000000
00011000

00001111
00000111
00000011
00000011
00000000
00000000
00000000
00000000

00000011
00011111
00011110
00000000
00000000
00000000
00000000
00000000

00000000
00000000
00000000
00000000
00000000
00000000
00000101
00001111

00000000
11000000
11000000
11000000
10000000
00000000
00000000
00000000

00000000
00000000
00000000
11100000
01110000
00010000
00010000
00000000

00000000
00000000
00000000
10000000
11000000
11100000
11100000
11000000

00000000
00000001
00000000
00000000
00000000
00000000
00000000
00000000

00000000
00000000
00000000
00000000
00000000
00111000
01111100
01111100

01100000
01110000
01111000
01000000
00000000
00000000
00000000
00000000

00001111
00011011
00000011
00000000
00000000
00000000
00000000
00000000

00000000
00000000
00000000
00000000
00000000
00000000
00000011
00000001

00000000
00000000
00000000
00010100
00111110
00111100
00011110
00010000

00111100
00010000
00111000
00000000
00000000
00000000
00000000
00000000

00000000
01100000
01100000
00000000
00000000
00000000
00000000
00000000

00000000
00000000
00000000
10100000
11100000
10000000
11100000
11100000

00000001
00000011
00001111
00000011
00000010
00000000
00000000
00000000

00000000
00000010
00000010
00000011
00000111
00000111
00000101
00000100

00000000
00000000
00000000
00000000
00000111
00000001
00000000
00000000

00111100
01111000
01111000
00001100
00011000
00000000
00000000
00000000

00000000
00000000
00000000
00000100
00000110
00000000
00000000
00000000

11111110
10011100
00011000
00000000
00000000
00000000
00000000
00000000

00000000
00000000
00000000
00000000
01000000
00000000
00000000
00000000

00000000
00000000
00000000
00111100
00001000
00001000
00000000
00000000

00000111
00000111
00011111
00001101
00000001
00000000
00000000
00000000

00000000
00000000
00000000
00000000
00000000
00100000
00000000
00000000

11100000
11100000
11100000
10111000
10000000
00000000
00000000
00000000

00111000
01111111
00111100
00100000
00000000
00000000
00000000
00000000

00000000
00001100
00000100
00000000
00000000
00000000
00000000
00000000

00000000
00000000
00000000
00000000
00000000
00011111
00111100
00011110

00110000
00111000
00111000
00011000
00010000
00000000
00000000
00000000

01111000
01110000
11100000
00100000
01100000
00000000
00000000
00000000

00011111
00001111
00011100
00011100
00000100
00000000
00000000
00000000

00000000
00000000
01000000
01000000
11110000
00100000
00101000
00111000

00000000
00000000
00000000
00000000
00000011
00000011
00001111
00000011

00000000
00000000
01110000
11100000
11100000
11100000
01110000
00000000

00000000
00000000
00000100
00001100
00001000
00001100
00111110
00011111

00000000
00000000
00000000
00000010
00000011
00000000
00000000
00000000

00000000
00011000
00011100
00111110
00001100
00001100
00000000
00000000

00000000
00000110
00000010
00000010
00000110
00000011
00000010
00000010

00000000
00000000
00000000
00000000
11100000
01000000
01100000
00110000

00000000
00100000
01100000
01100000
01100000
11100000
00110000
00010000

00000000
00000000
00000000
00000011
00001111
00000100
00000000
00000000

10000000
10000000
11000000
10000000
00000000
00000000
00000000
00000000

00000000
00000000
00001000
00001000
00000000
00000000
00000000
00000000

00000000
00000000
00000000
10100000
11100000
11000000
01000000
00000000

00000000
01100000
01000000
00000000
00000000
00000000
00000000
00000000

00000000
00000000
00000000
00000000
00000000
00000000
11100000
00000000

00000000
00000000
00000101
00000111
00001111
00000001
00000000
00000000

00000010
00000010
00000111
00000111
00001110
00000000
00000000
00000000

11000000
11100000
11000000
10000000
00000000
00000000
00000000
00000000

00000000
00000010
00000010
00000000
00000000
00000000
00000000
00000000

00000000
00000000
00000000
00000000
00000011
00000001
00001111
00001111

00000011
00000111
00000011
00000111
00000110
00001100
00000000
00000000

00000000
00000000
00000000
00000000
01000000
01100100
01111100
01111111

00001111
00000110
00001100
00001100
00000000
00000000
00000000
00000000

00000000
00000000
00000000
01000000
01000000
01000000
11000000
11100000

00000000
00000000
00000000
10000000
11100000
11100000
11000000
10000000

00110000
01100000
01100000
00111000
00101000
00100000
00000000
00000000

00000000
00000000
00000000
00000000
00000000
00000000
00010000
00000000

00000000
00000000
00000100
00111110
00001111
00001100
00000000
00000000

00000000
00000000
00000100
00001100
00001100
00011100
00011100
00010000

11100000
11110000
11100000
11110000
10000000
00000000
00000000
00000000

00000000
00010000
00000000
00000000
00000000
00000000
00000000
00000000

00000000
00000000
00000000
00000000
00000000
00010000
00110000
00000000

00000100
00001100
01111100
00101000
00100000
00000000
00000000
00000000

00000000
00000000
00100000
01100000
01000000
11100000
01100000
00000000

01111110
01010010
00000000
00000000
00000000
00000000
00000000
00000000

11111000
11011100
00001000
00000000
00000000
00000000
00000000
00000000

00000000
00000000
00010000
00111000
00111000
11100000
01100000
00000000

00001001
00011111
00011000
00110000
00010000
00000000
00000000
00000000

00100000
11111100
00110100
00000100
00000000
00000000
00000000
00000000

00000000
00100000
01100000
01000000
00000000
00000000
00000000
00000000

10000000
11110000
01000000
01000000
01000000
00000000
00000000
00000000

00001100
00001100
00111000
00000000
00000000
00000000
00000000
00000000

00000000
11100000
11000000
11110000
00010000
00000000
00000000
00000000

10000000
10000000
11000000
10000000
10000000
11100000
11100000
10000000

00000000
00000000
00000000
00000000
00001000
00111100
00000100
00011100

00000000
00000000
00100000
00000000
00000000
00000000
00000000
00000000

00000000
00000000
00011000
00111110
00100100
00000000
00000000
00000000

00000100
00000111
00011111
00011000
00001000
00000000
00000000
00000000

00100000
00100000
00110000
11100000
00000000
00000000
00000000
00000000

00000000
00000000
01100000
00000000
00000000
00000000
00000000
00000000

00000111
00000111
00000111
00000001
00000011
00000001
00000001
00000001

00000000
00000000
00000000
00000000
00000000
00000000
00000100
00001100

00000100
01111100
01101111
00000000
00000000
00000000
00000000
00000000

00000000
00000000
00000000
00000000
00000000
00001000
00001100
00000000

00000000
00000000
00000000
01100000
00111100
01100000
01100000
01110000

00000000
00000000
00000000
00000000
00000100
01111100
00001100
00000000

00000000
00000000
00000010
00000110
00000110
00001100
00001100
00000000

11100000
10000000
11000000
00000000
00000000
00000000
00000000
00000000

00000000
00000000
00001000
00011100
01110000
00110010
00011110
00001100

00000000
00000110
00000111
00011110
00001110
00000100
00000000
00000000

00011100
00010110
00000000
00000000
00000000
00000000
00000000
00000000

00000000
00000000
00000000
00000000
00000000
00000000
00000100
00011111

00000010
00000000
00000000
00000000
00000000
00000000
00000000
00000000

00000000
00000000
00000000
00000000
00100000
00111111
00001110
00001000

00000000
00000000
01100000
11100000
10000000
10000000
00000000
00000000

00000000
00000000
00000000
00000000
00000000
00000001
00000000
00000000
