00000001000000000000000111111111
10000000000000000000000111111111
10000000000000000000000111111111
00100000000000100000000111111111
00000000000000000000000111111111
00000010110000000000000111111111
01000000000000110000110111111111
00100000000000000010000111111111
00100000000000000000000111111111
00000000000011000000000111111111
00000100000000000000000111111111
10000000000000000001000111111111
00000000000000000010000111111111
00000000000000000000000111111111
00001000000000000000000111111111
00000000000010000000000111111111
00000000000100000000000111111111
00000000000000000000000111111111
00000000000000000000000111111111
00000000100100000000000111111111
00001100100100000000000111111111
00000000000000000000000111111111
00000000000000000000001111111111
00000010010000100000000111111111
00000000000000000000000111111111
00000000000000000100000111111111
00000001000100000000000111111111
11111111111111111111111111111111
11111111111111111111111111111111
11111111111111111111111111111111
11111111111111111111111111111111
11111111111111111111111111111111

202
00000000
00000000
00000000
00000000
00000000
11010000
11111000
11110000

00000000
00000001
00000000
00000000
00000000
00000000
00000000
00000000

00011111
00010111
01110100
01000000
01000000
01000000
00000000
00000000

01111100
00111100
00100000
00000000
00000000
00000000
00000000
00000000

00011000
00111000
00001110
00000000
00000000
00000000
00000000
00000000

00000000
01111000
01101000
01100000
00100000
00000000
00000000
00000000

11111110
01101000
00001100
00000000
00000000
00000000
00000000
00000000

00000000
00000000
00000000
00000000
00000000
01110000
11111100
11111000

00000000
00000000
00000000
00000000
00000000
00000001
00000000
00000000

00000000
00000000
00100000
00100000
01100000
00000000
00000000
00000000

00000000
00000000
00000011
00000001
00000000
00000000
00000000
00000000

00000000
00000000
00000000
00000000
00000000
00000000
00000000
11000000

00000000
00000000
00000000
00000000
00000000
00000100
00000101
00000111

00000000
00000000
00000000
00001110
00111100
00001100
00000110
00000000

00000000
00000000
00000000
00000000
00000000
00000110
00011111
00011111

11100000
00100000
00000000
00000000
00000000
00000000
00000000
00000000

00000000
00000000
00000000
00000011
00000111
00000011
00000001
00000011

00000000
00000000
00110000
00111000
00001000
00000000
00000000
00000000

00000000
00000000
10000000
11100000
11100000
00110000
00000000
00000000

00000000
00000000
00000110
00000010
00000000
00000000
00000000
00000000

00000000
00000000
10000000
10000000
00000000
00000000
00000000
00000000

00110000
00000000
00000000
00000000
00000000
00000000
00000000
00000000

00000000
00000000
00000000
00000000
00000000
00000000
00011100
00000000

00000000
00000000
00000000
00000000
00000000
00011100
00001110
00111110

00000000
00000000
00000000
00000000
00000000
01100000
11100000
00100000

00000000
00000000
00000000
00000000
00000000
00000000
00001110
00001100

00000000
00000000
00000000
00000000
00000000
00000000
00001000
00000000

00011111
00111111
00101001
00000000
00000000
00000000
00000000
00000000

00000000
00000000
00000000
00110000
00110000
00110000
00110000
00100000

10000000
10000000
10000000
00000000
00000000
00000000
00000000
00000000

00000000
00000000
00000000
00000011
00000011
00000110
00000000
00000000

00000000
00000000
00000000
00000011
00000001
00000011
00000111
00000011

00110000
01110000
11110000
11110000
01000000
00000000
00000000
00000000

00000000
00000010
00000111
00000101
00000000
00000000
00000000
00000000

00011111
00011100
00011100
00000000
00000000
00000000
00000000
00000000

00000000
10000000
10000000
11000000
11000000
11000000
10000000
11000000

00000000
00000000
11100000
10000000
10000000
00000000
00000000
00000000

00000011
00000011
00000011
00000000
00000000
00000000
00000000
00000000

00000000
00001100
00011000
00001000
00001100
00000000
00000000
00000000

00000000
00000000
11000000
00000000
00000000
00000000
00000000
00000000

00000100
00000110
00010100
00011100
00001100
00001000
00000000
00000000

00000000
00000000
00000000
00000100
00011110
00001111
00001110
00000000

00000011
00000011
00000001
00001111
00000001
00000011
00000001
00000000

00000000
00000000
00000000
00000010
00000110
00000111
00001101
00000001

00000000
00000000
00000000
10000000
10000000
11000000
10000000
11100000

00000000
00000000
00000000
00000000
00000010
00000111
00000010
00000000

00011110
00001110
00011110
00000100
00001100
00000000
00000000
00000000

00000000
00000011
00000011
00000010
00000000
00000000
00000000
00000000

00000000
00000000
00000000
00000000
00000000
00000100
00001100
00011110

00000000
01000000
11100000
00000000
00000000
00000000
00000000
00000000

00000000
00000000
00011100
00000111
00001110
00000110
00000010
00000000

00000000
00000000
00000000
01000000
01100000
00100000
00000000
00000000

00000000
00100000
01111110
00010000
00011000
00001000
00000000
00000000

00000000
00001010
00001111
00001110
00000100
00001110
00001011
00000000

00011111
00011100
01110000
00000000
00000000
00000000
00000000
00000000

00000000
01000000
01100000
01000000
01110000
11100000
11000000
00000000

11100000
00000000
00000000
00000000
00000000
00000000
00000000
00000000

00000000
00000000
00000001
00001011
00011111
00111001
00001100
00001000

00000111
01111110
00010100
00000110
00000000
00000000
00000000
00000000

00000000
00000000
00000000
00000000
00000100
00001110
00000011
00001111

00000000
00000000
00000000
00000000
00010000
00110000
00110000
00111000

00000000
00000000
00000000
00000100
00000110
00000110
00000100
00000000

00000010
00001110
00001100
00001000
00001000
00000000
00000000
00000000

11111000
11111110
10100100
00100000
00000000
00000000
00000000
00000000

00000000
01000000
01000000
11000000
11000000
01000000
01000000
00000000

00000000
00000000
00000000
00000000
00000000
00000000
01000000
00000000

00000000
00000000
00000000
01000000
00000000
00000000
00000000
00000000

00000000
00000000
00000000
00000000
00000000
00000000
00000000
00001100

00001100
00001000
00011110
00001111
00000100
00000000
00000000
00000000

00000000
00010100
00110100
00011110
00010000
00000000
00000000
00000000

00000000
00000000
00000000
00100000
11111000
11110000
01000000
00000000

00010000
00010000
00011000
00111100
00111100
00011000
00001000
00000000

00000000
11110000
01000000
01000000
11000000
00000000
00000000
00000000

00000000
00000000
00000000
00000111
00001100
00000000
00000000
00000000

00000000
00000000
00000000
00010000
00011000
00011100
00111110
00111110

00000000
00000000
00000000
00000000
00000000
00000000
00000000
00001000

00000000
00000000
10000000
11010000
11110000
11000000
11100000
11000000

00000000
00010000
00000000
00000000
00000000
00000000
00000000
00000000

00000000
00011100
00010000
00000000
00000000
00000000
00000000
00000000

00000000
00000000
00001000
00001111
00000010
00000000
00000000
00000000

00000000
00000000
00000000
00000000
00000000
00000000
00011000
00011000

11111100
10111000
00011100
00000000
00000000
00000000
00000000
00000000

00000101
00000101
00000111
00000111
00000111
00000000
00000000
00000000

00000000
00000000
00000000
00000000
00000000
00011000
00001111
00001000

00000000
00000000
00000000
00000100
00011110
00111100
00101000
00000000

00000000
00000000
00000000
00001100
00001100
00001000
00000000
00000000

00000000
00000000
00000000
00111000
11110000
01111100
00001100
00000000

11110000
11111100
11010000
11000000
01000000
00000000
00000000
00000000

00000000
00000000
00000000
00000000
00100000
01111000
11111000
11111100

00000000
10000000
11000000
11100000
11000000
11111100
11000000
00000000

00000000
00000000
00000000
00000000
00000010
00000111
00000111
00001111

01111100
00111100
01101110
00001100
00000000
00000000
00000000
00000000

00000000
11000000
00000000
00000000
00000000
00000000
00000000
00000000

00000011
00000011
00000011
00000110
00000000
00000000
00000000
00000000

00000000
00000000
00011000
00001100
00001000
00001100
00000000
00000000

00000000
00000000
00000100
00000110
00000100
00001110
00000100
00000000

11100000
10000000
11110000
00000000
00000000
00000000
00000000
00000000

00000000
00000000
00000000
00000000
00001000
00001000
00000000
00000000

00000000
00000000
00000000
00000100
00000100
00000111
00000111
00001100

00000010
00000000
00000000
00000000
00000000
00000000
00000000
00000000

00000000
00100000
01100000
01100000
01000000
11000000
00000000
00000000

00000100
00000100
00001100
00001000
00000000
00000000
00000000
00000000

00000000
00000000
00000000
00000000
00000000
00010000
00010000
00010000

00000000
00000000
00000000
00000100
00010111
00011111
00001101
00000000

00000000
00100000
00000000
00000000
00000000
00000000
00000000
00000000

00000000
00000000
00000000
01100000
11110000
11000000
00000000
00000000

00001000
00001110
00000011
00000000
00000000
00000000
00000000
00000000

00111000
00000000
00000000
00000000
00000000
00000000
00000000
00000000

00000000
00000000
00000000
00000000
00000000
00000010
00000000
00000000

00000000
00000000
00000000
00000000
00000001
00000000
00000000
00000000

00000000
00000000
00000001
00000001
00000011
00000111
00001100
00011000

00000100
00001111
00000011
00000111
00000011
00000011
00000001
00000000

00000000
00000000
00000000
11000000
11000000
00000000
00000000
00000000

00000000
00000000
00000000
00010000
00010000
00110000
00111000
00011000

00000000
00000000
00010000
00010000
01110000
00000000
00000000
00000000

00000111
00001111
00011111
00000011
00000011
00000000
00000000
00000000

00000000
00000000
00000000
00000000
00000000
00010000
00010000
01111000

00000111
00000101
00000001
00000000
00000000
00000000
00000000
00000000

00000000
01100000
11110000
00111000
00011000
00010000
00011000
00001000

00000000
00010000
00110000
01110000
00010000
00000000
00000000
00000000

00000000
00000000
00000000
00001000
00001100
00001000
00011000
00000000

00000000
00000000
00000000
10000000
10000000
11011100
01111000
01111000

00000000
11100000
11100000
11000000
11000000
11100000
00000000
00000000

00000000
00000000
10000000
11101000
10111100
10000000
00000000
00000000

00000000
00000000
00000000
00000000
00000000
01100000
00000000
00000000

00000000
00000000
00000000
00110000
00111000
00001100
00001000
00000000

00010000
00000000
00000000
00000000
00000000
00000000
00000000
00000000

00000000
00000000
00000000
00000000
00000100
00000000
00000000
00000000

00000000
00000000
00000000
00111000
01111000
11110000
11100000
00100000

00000000
00000000
00000000
00000000
00000001
00001111
00001111
00000111

00000000
00000000
10000000
00000000
00000000
00000000
00000000
00000000

00000000
00000000
00000000
01100000
11000000
11000000
00000000
00000000

00000000
00000000
00000000
11000000
11000000
10000000
00000000
00000000

00000000
00000000
00000000
00000000
01000000
01100000
11100000
11000000

00001111
00000111
00000010
00000000
00000000
00000000
00000000
00000000

10000000
11000000
01000000
00000000
00000000
00000000
00000000
00000000

00001110
00001100
00111100
00000110
00000010
00000000
00000000
00000000

00000000
00000000
00000000
00111000
11111000
01011000
00011000
00000000

00000000
11000000
01100000
01000000
11111000
11000000
10000000
10000000

00000000
00000000
00001100
00000000
00000000
00000000
00000000
00000000

00110011
01111110
00000010
00000000
00000000
00000000
00000000
00000000

00000000
00000000
00000000
00000000
00000000
00011000
01111000
01111111

01111110
01101100
00000000
00000000
00000000
00000000
00000000
00000000

00000000
00000000
00000010
00000010
00000110
00000110
00000110
00000111

00000000
00000000
00000000
00001000
00001010
00001110
00001111
00111111

00000011
00000011
00000111
00000101
00000101
00000110
00000000
00000000

00001110
00000100
00000100
00000000
00000000
00000000
00000000
00000000

00000000
00000000
00000000
00000000
00000000
01000000
01000000
11100000

00000000
00000000
00000000
00000000
00011111
00001101
00001100
00000000

11000000
11111000
10000000
00000000
00000000
00000000
00000000
00000000

00000000
11100000
11100000
11100000
01000000
00000000
00000000
00000000

00000000
00000000
00000000
00000000
00000000
01000000
01000000
00000000

00000011
00000001
00000000
00000000
00000000
00000000
00000000
00000000

00000000
00000000
00000001
00000000
00000000
00000000
00000000
00000000

00000001
00000011
00000111
00001111
00000011
00000011
00000010
00000000

00000000
00000000
00000000
00000001
00000001
00000111
00000000
00000000

00110000
01111111
01011100
01000000
01000000
01000000
00000000
00000000

00000000
00000000
00100000
11100000
11110000
11100000
11100000
00000000

00000000
10011000
11110000
00100000
00100000
00000000
00000000
00000000

00000000
10000000
10000000
10000000
10000000
10000000
00000000
00000000

00000000
00000000
00000100
00000100
00000000
00000000
00000000
00000000

00000000
00000000
00000000
00000000
00000000
00000000
00000100
00001110

00000000
00000000
00000010
00000111
00000001
00000011
00000001
00000000

00000010
00000010
00000011
00000001
00011001
00001111
00001110
00000010

00000000
00000000
00000000
00000000
00000000
01000000
11100000
11110000

00001111
00000111
00000011
00000011
00000011
00000000
00000000
00000000

01100000
01000000
00000000
00000000
00000000
00000000
00000000
00000000

11000000
00000000
00000000
00000000
00000000
00000000
00000000
00000000

00000000
00000000
00000000
00000000
00010000
00110000
00011101
00011111

00000000
00000000
00000011
00001111
00000011
00000000
00000000
00000000

00000001
00000001
00000011
00000111
00000111
00001110
00001000
00000000

00000000
00000000
00000000
01100000
00110000
00110000
00000000
00000000

00000000
01110000
01000000
11100000
11000000
11000000
11000000
10000000

00110000
01110000
00110000
00111000
00110000
00000000
00000000
00000000

00000111
00000111
00000011
00000001
00000011
00000110
00000110
00000000

00000000
00000000
01100000
01000000
00000000
00000000
00000000
00000000

00010000
00000000
00000000
00000000
00000000
00000000
00000000
00000000

00000000
00000000
00000000
00000000
00011100
00000000
00000000
00000000

00000000
00000000
00000000
00000000
00000001
00000001
00000111
00000011

00001100
00111110
00011100
00011100
00001000
00000000
00000000
00000000

00000000
00000000
00000000
00000000
00000000
00000000
00010000
00110000

00000000
00000000
00000000
00000000
00000000
00000000
00000010
00000000

00000000
00000000
00000000
01000000
11110000
00110000
00111000
00010000

00000000
00000000
00000000
01100000
01000000
00000000
00000000
00000000

00000000
00000000
00000000
00000000
00100000
11100000
11100000
11100000

00000000
00000000
00000010
00000010
00000010
00000010
00000000
00000000

00000000
00000000
00000000
00000001
00000001
00000011
00000111
00000111

00000000
00000000
00000000
00000000
00000000
10000000
10000000
10000000

00000000
00000000
00000000
01110000
00000000
00000000
00000000
00000000

00000000
00000000
10000000
11100000
10000000
11000000
11000000
11100000

01111110
00111010
00101000
00001000
00000000
00000000
00000000
00000000

00011111
00001100
00111110
00010100
00000110
00000000
00000000
00000000

11000000
11110000
01100000
01100000
00000000
00000000
00000000
00000000

00000000
00000000
00000000
00000000
00000000
00000000
00000000
01000000

00000000
00000000
00000000
00000000
00000000
00000100
00000110
00001110

00000000
00000000
00010000
00010010
00111110
00001010
00000010
00000000

00010000
00011110
00010000
00000000
00000000
00000000
00000000
00000000

00000000
00000000
00000000
00000000
00000000
00000000
00000000
00010000

01110000
01100000
00000000
00000000
00000000
00000000
00000000
00000000

00010000
11111000
00110000
00111000
00100000
00100000
00000000
00000000

00000000
00000000
00000000
00000000
00000000
00000000
01100000
11000000

00000000
00000000
00000000
00000010
00011111
00001000
00000000
00000000
