00000000000000000000000100111111
00001000100000000000000100111111
00000000000001010000000000111111
00000000000000000000000000111111
00000001000000000000000000111111
11000000000100000000000001111111
00000000000000000000100000111111
00000000100010000000000000111111
01000010000000100000000000111111
00000101001000000000000000111111
00001000000000000000100001111111
10000000000000000000000000111111
01000000100000000000000000111111
00000000000000000000100001111111
00000100001000100000100000111111
00001000000000100000000000111111
00000000000000100000100000111111
00000011010000000000000000111111
10000000000000100000000000111111
00010000000000000000000000111111
00100100010001000000000000111111
10000000100000010000000000111111
11111111111111111111111111111111
11111111111111111111111111111111
11111111111111111111111111111111
11111111111111111111111111111111
11111111111111111111111111111111
11111111111111111111111111111111
11111111111111111111111111111111
11111111111111111111111111111111
11111111111111111111111111111111
11111111111111111111111111111111

90
00110000
00100000
00110000
11100000
11111000
10000000
10000000
00000000

00000001
00000001
00000011
00000001
00000001
00000111
00000000
00000000

00000100
00000100
00000000
00000000
00000000
00000000
00000000
00000000

00000000
00000000
00000000
01111000
11111000
11111000
00110000
00000000

00000000
00000001
00000001
00000001
00000111
00000111
00000010
00000000

00000000
00000000
00000000
00000000
00000000
00000110
00000110
00011110

00000000
00000000
00001010
00001111
00000101
00001100
00000000
00000000

00000111
00000011
00000111
00000101
00000000
00000000
00000000
00000000

00000000
00000000
00001100
00001100
00000000
00000000
00000000
00000000

00100000
00110000
00100000
00000000
00000000
00000000
00000000
00000000

00000011
00000011
00000010
00000010
00000000
00000000
00000000
00000000

00000110
00000110
00000000
00000000
00000000
00000000
00000000
00000000

00000000
00000000
00000000
00000000
00000000
00000000
01110000
11000000

00000000
00000000
00000000
00000000
00000011
00000010
00000000
00000000

00000000
00000000
00000000
00000000
00000000
00000000
00000001
00000111

00000000
00000000
00000000
00000000
00100000
00111000
00011100
00000000

00000000
00000000
00000000
00000100
00000000
00000000
00000000
00000000

00000001
00001111
00001001
00001101
00000001
00000001
00000000
00000000

00001111
00001111
00000110
00001110
00000000
00000000
00000000
00000000

00000111
00000000
00000000
00000000
00000000
00000000
00000000
00000000

00001111
00000100
00000110
00000000
00000000
00000000
00000000
00000000

00000000
00000000
00000010
00000011
00000001
00000001
00000000
00000000

00000000
00000000
00000111
00000101
00000101
00000111
00000110
00000000

00000000
00100000
00000000
00000000
00000000
00000000
00000000
00000000

00110000
00000000
00000000
00000000
00000000
00000000
00000000
00000000

00111110
01111110
00111000
00110000
00000000
00000000
00000000
00000000

00000000
00000011
00000111
00000011
00000111
00000010
00000010
00000000

00000000
00000000
00000000
00000000
00000000
00001000
00011110
00011100

00000000
00000000
00000000
00000000
00000000
00000000
00010000
00010000

00000000
00000000
00000000
00000000
11001000
01101000
00111100
00100000

00000000
00000000
00000000
00000000
00000000
01110000
00110000
00111000

01100000
00110000
00100000
00000000
00000000
00000000
00000000
00000000

00000110
00000010
00000010
00000011
00000001
00000000
00000000
00000000

00000000
00000000
00000000
00000000
00001000
00011100
00011000
00000000

01111000
00010000
00000000
00000000
00000000
00000000
00000000
00000000

00010000
00011000
00001100
00000111
00000010
00000000
00000000
00000000

00000000
00000100
00000100
00000110
00000010
00001111
00000100
00000000

00000111
00011111
00000011
00000001
00000111
00000000
00000000
00000000

00000000
00000000
00000110
00000111
00000100
00000111
00000111
00001111

00000000
00000000
00001110
00000100
00000000
00000000
00000000
00000000

00000000
00010000
00111100
01111000
00001000
00000000
00000000
00000000

00000000
00000000
00000000
00000000
00001010
00001111
00001110
00000000

00000000
00000000
00000111
00001110
00011100
00001110
00000100
00000000

01110000
00011000
00010000
01111000
00011000
00001000
00000000
00000000

00000000
00000000
00000000
00000000
00000000
00000000
00100000
00000000

00000000
00000000
00000000
00000000
00000000
00000000
00100000
11110000

00000001
00000001
00000111
00011110
01111010
00000010
00000000
00000000

00000000
00000001
00000101
00001111
00000111
00000000
00000000
00000000

00000000
00000000
00001000
00011000
00111000
00010000
01110000
00111100

00000000
00000000
00000000
00000100
00000100
00011110
00000100
00000100

00000000
00000000
00000000
00111000
01111000
00101000
00000000
00000000

00000000
00000111
00000001
00000000
00000000
00000000
00000000
00000000

00000000
00000000
00000000
00000000
00000000
10000000
10000000
10000000

00001100
00111100
00001111
00011100
00000000
00000000
00000000
00000000

00000000
00000000
00000000
00000000
00000000
00000000
00010000
00010000

00000000
00100000
00110000
11111000
11100000
10100000
10000000
10000000

00000000
00001000
00001110
00000000
00000000
00000000
00000000
00000000

00111110
00110100
00000000
00000000
00000000
00000000
00000000
00000000

00000000
00000000
00110000
00010000
00000000
00000000
00000000
00000000

00000000
00000000
00000000
00111000
00001011
01111110
00001010
00000000

00000010
00000110
00000000
00000000
00000000
00000000
00000000
00000000

00000000
00000000
00000000
00000000
00000000
00000001
00000000
00000000

00000000
00000000
00000000
00000000
00000000
00000011
00000000
00000000

00000000
00000000
00000000
00000000
01000000
01000000
11100000
11000000

00000000
00000000
00000000
00000000
00000000
10000000
10000000
00000000

00000000
00000000
00000000
00010000
00010001
00111111
00000011
00000011

00000000
00000000
00000000
00000000
00000000
00001000
00011100
00000000

00000000
00000000
00000000
00000100
00000111
00010111
00011111
00000011

00000000
00000000
00000000
00100000
00111000
11111111
00011010
00000000

00000000
00000000
00000000
00000000
00000000
00000100
00001101
00111111

00000001
00000001
00000000
00000000
00000000
00000000
00000000
00000000

00001110
00011000
00000000
00000000
00000000
00000000
00000000
00000000

00011000
01011000
01110000
00110000
01110000
01100000
00000000
00000000

00000000
00001000
00011000
00000000
00000000
00000000
00000000
00000000

11111000
01110000
00000000
00000000
00000000
00000000
00000000
00000000

00000000
00000000
00000000
11000000
00000000
00000000
00000000
00000000

00000000
00000000
00000000
00000000
00000010
00000000
00000000
00000000

00000010
00000110
00001111
00001110
00001110
00000000
00000000
00000000

00000000
00000000
00000000
01000000
01000000
01100000
00100000
00000000

00000000
00000000
00000000
00100000
00100000
01100000
00110000
00000000

00000000
00000000
00000000
00010000
11110000
11000000
11000000
11000000

00000000
00000000
00000000
00000000
10000000
00000000
00000000
00000000

00000000
00000000
00000000
00000000
00000000
00011000
00010000
00010000

00000000
00000000
00000000
00000000
10110000
10100000
11110000
11000000

00000000
00000000
00000000
00001000
00000000
00000000
00000000
00000000

00011111
00000100
00000110
00011110
00000000
00000000
00000000
00000000

00000000
00000000
00011100
00010100
01110000
00010000
00000000
00000000

00011110
00010110
00010100
00000000
00000000
00000000
00000000
00000000

11000000
11100000
11000000
01000000
01000000
00000000
00000000
00000000

00000000
00000000
00000000
00000000
00000000
00001000
01111100
00111100
