00000000000000000000000111111111
00001000000000000000000111111111
00000000000100000000000111111111
00000000001000000000000111111111
00000000000000000000010111111111
00000000000000000000000111111111
10000000000000010000000111111111
00000000000000000000000111111111
00000000000000000000000111111111
00000010000000000000000111111111
00000000000000000000000111111111
00100001000000000000000111111111
00001000000000000000000111111111
00001000000000000000000111111111
00000000000000000000000111111111
00001000000000000000000111111111
00000000000000000001000111111111
00010000000000000000000111111111
00000000100000000100000111111111
00000000000100000000010111111111
00000000000000010000001111111111
00000000010000000000000111111111
00000000000000000000000111111111
00000001000000000000000111111111
00010000000010000000001111111111
00010000000000000001100111111111
00000000000000000000000111111111
11111111111111111111111111111111
11111111111111111111111111111111
11111111111111111111111111111111
11111111111111111111111111111111
11111111111111111111111111111111

22
00000000
00000000
00000000
00000000
10100000
11100000
01000000
00000000

00001000
00011110
00111110
00011111
00000100
00000000
00000000
00000000

00000000
00000000
00000000
00000000
00000000
00000000
01100000
11110000

00000100
00000111
00001100
00000000
00000000
00000000
00000000
00000000

00000000
10000000
10000000
00000000
00000000
00000000
00000000
00000000

00000000
10000000
10110000
11100000
11000000
01000000
00000000
00000000

00000000
00000000
00000000
00010000
00111110
00111000
00110000
00000000

00011111
00111111
00001011
00000010
00000000
00000000
00000000
00000000

11100000
11111100
01000000
01100000
00000000
00000000
00000000
00000000

00000000
00000000
00000000
10000000
00000000
00000000
00000000
00000000

00000000
00000000
00001000
00001000
00111000
00100000
00000000
00000000

00000000
00000110
00001111
00000111
00000011
00000111
00000011
00000000

00011100
00001110
00011100
00001110
00000000
00000000
00000000
00000000

00000000
00000000
01000000
01000000
01100000
11100000
11110000
11111000

00000000
00000000
00000000
00000110
00000111
00001110
00000000
00000000

00110000
00011000
00110000
00011000
00010000
00010000
00000000
00000000

00000000
00000010
00000010
00000011
00000001
00000011
00000000
00000000

00100000
11110000
11110000
11100000
00100000
00100000
00000000
00000000

00000000
00000000
00000000
00000000
00001000
00000000
00000000
00000000

00000000
00000000
00000000
00000000
00000000
00000011
00000000
00000000

00000000
00000000
00000000
00000000
00000000
00100000
00111000
00100000

00000000
00000000
00000000
00000000
00000000
11000000
10000000
00000000
