00000000000000000000111111111111
00000000000000000000111111111111
00000000000000000000111111111111
00000000000000000000111111111111
00000000000000000100111111111111
00000000000000000000111111111111
00000000000000000000111111111111
00000000000000000000111111111111
00000000000010000000111111111111
00000000000000000000111111111111
00000000000000000000111111111111
00000000000000000000111111111111
00000000000000000000111111111111
00000000000000000000111111111111
00000000000000000000111111111111
00000000000000000000111111111111
00000000000000000000111111111111
00000000000000000000111111111111
00000000000000000000111111111111
00000000000000000000111111111111
00000000000000000000111111111111
00000000000000000000111111111111
00000000000000000000111111111111
00000000000000000000111111111111
00000000000000000000111111111111
00000000000000000000111111111111
00000000000000000000111111111111
00000000000000000000111111111111
00000000000000000000111111111111
00000000000000000000111111111111
11111111111111111111111111111111
11111111111111111111111111111111

25
00000000
00000000
00000000
00000000
00110000
00000000
00000000
00000000

00000000
00000000
00000000
00000001
00011111
00011111
00000001
00000011

00000000
00000000
00000000
00000010
00000110
00111111
00001011
00000000

00001111
00000101
00000000
00000000
00000000
00000000
00000000
00000000

00001111
00000101
00000001
00000000
00000000
00000000
00000000
00000000

00000000
00000000
00001000
00001100
00011100
00011100
00011100
00001100

00000000
00000000
00000000
00010000
00010000
01111000
00010000
00000000

00000000
00010000
00110000
00110000
00000000
00000000
00000000
00000000

00000000
00000000
00000000
00000000
00000011
00011111
00001110
00011000

00000000
00000000
11100000
11110000
01100000
00000000
00000000
00000000

00000001
00000011
00000011
00000011
00000001
00000001
00000000
00000000

00000000
10110000
10111000
11111100
10011000
00000000
00000000
00000000

00000000
00000000
00000000
00000000
00000000
00000000
01101000
01111100

00000000
00000000
00000000
00000111
00111100
00001000
00011100
00000111

00000000
00111000
00000000
00000000
00000000
00000000
00000000
00000000

00000000
00011100
00111100
00000000
00000000
00000000
00000000
00000000

00000000
00000000
00000000
00000000
00000000
11100000
10000000
11000000

00000000
00000000
00000000
00000000
00010000
00010100
00011100
00011100

00000000
00000000
00000000
00000110
00011100
00001110
00000100
00000000

00000000
00000000
00011100
00001000
00011000
00000000
00000000
00000000

00000000
00000000
00000000
00000000
00000000
00000000
00010000
00111000

00001000
00011000
00001110
00001100
00000000
00000000
00000000
00000000

00000000
00000000
11100000
11000000
11100000
11000000
10000000
11100000

00000000
00000000
00100000
00100000
11101000
00101000
00111000
00111100

00000000
00000000
00000000
00000000
00011000
00010000
11110100
11111100
