00000000000100000000000001111111
00001000000000000000000001111111
10000000000000000001000001111111
00000000100000000000000001111111
00000010000000000000000001111111
00000000000000000000000011111111
00000000000010000000000001111111
00010000010000000000000001111111
00000000100000000000000001111111
00000000000000000000000001111111
00010000010000000000000001111111
00000000000000000000100001111111
10000000000000000010000001111111
00101000000000001000000011111111
00000000001100010000100001111111
00000010000010000000000001111111
00000000100000000010000101111111
00000000000000000000000001111111
00000010000010000000100001111111
00000000000000000000000001111111
00100000000001000000010001111111
00000000010000100000000001111111
00000000000100000100100001111111
00000000000001100000000001111111
00000000101000000000000001111111
00000000100001000000010001111111
00000000000000000000000001111111
01000000000000000000000001111111
11111111111111111111111111111111
11111111111111111111111111111111
11111111111111111111111111111111
11111111111111111111111111111111

203
00001000
00111100
00001000
00001000
00000000
00000000
00000000
00000000

00000000
00000000
00000000
00000000
10100000
11100000
10000000
11000000

00000000
01000000
01000000
00000000
00000000
00000000
00000000
00000000

00000000
01000000
01000000
11000000
10000000
11000000
00000000
00000000

00011110
00001010
00000010
00000000
00000000
00000000
00000000
00000000

00000000
10000000
11000000
10000000
11000000
11000000
00000000
00000000

00000000
00001000
01111000
01111100
00100000
00000000
00000000
00000000

00000000
00000100
00001100
00000000
00000000
00000000
00000000
00000000

00000000
01000000
01000000
11010000
01111000
00111000
00000000
00000000

00000000
00000000
00000000
00001100
00000000
00000000
00000000
00000000

00000000
00000000
00000000
00001000
00011000
00110000
00000000
00000000

00000000
01100000
00000000
00000000
00000000
00000000
00000000
00000000

00000001
00000111
00010011
00011111
00001110
00000000
00000000
00000000

00000000
00001000
00011110
00010110
00000010
00000000
00000000
00000000

00000000
00000000
01000000
01000000
01000000
01100000
11000000
11000000

11100000
11000000
11000000
11000000
00000000
00000000
00000000
00000000

00000000
00000000
00000000
00000001
00000011
00000011
00000000
00000000

00000000
00000000
00000000
00000100
00000110
00000110
00010111
01111111

00000000
00000000
01000000
11000000
11111000
01100000
01100000
11110000

00000000
00000000
00000100
00000100
00000100
00000111
00000000
00000000

10000000
10000000
11000000
01100000
01110000
00010000
01111000
00001000

00000000
00000000
00000000
00100000
11110000
00111110
11100100
00000000

00000000
00000000
00010000
11111110
01111100
00010100
00000000
00000000

11100000
11000000
00000000
00000000
00000000
00000000
00000000
00000000

00000000
00000000
00000000
00000000
00100000
00100000
01100000
00110000

00000000
00000000
00000000
00000000
00000000
00100000
00000000
00000000

11100000
11100000
11100000
00100000
00000000
00000000
00000000
00000000

00000000
00000000
11100000
01000000
00000000
00000000
00000000
00000000

00000000
00000000
00001110
00001100
00111000
00011100
00001000
00000000

00111111
00010111
00010111
00000101
00000000
00000000
00000000
00000000

00000000
00000000
00000000
00000000
00000000
00110000
00110000
00110000

00000000
00000000
00001100
00000111
00000011
00000111
00000011
00001111

00000011
00000110
00000110
00011111
00000001
00000000
00000000
00000000

00000000
00000000
00000000
00000100
00011110
00000010
00000110
00000110

00000000
00000000
00000000
00000000
00000000
00000000
00000000
01100000

00000000
00000000
11100000
11111000
01110000
00100000
00000000
00000000

00000000
00000000
00000000
00000000
00000000
00000000
00000010
00000000

00000000
00000000
00100000
11110000
11110000
11000000
10000000
11100000

00001100
00011100
00000111
00000000
00000000
00000000
00000000
00000000

00111000
00011000
00010000
00111100
00000000
00000000
00000000
00000000

00000000
00000000
11000000
11000000
11100000
11110000
01110000
00010000

00100000
11111000
10011000
00011000
00000000
00000000
00000000
00000000

00010000
00010000
00011100
00001000
00000000
00000000
00000000
00000000

00000011
00000000
00000000
00000000
00000000
00000000
00000000
00000000

00000011
00000011
00000111
00000111
00000111
00000111
00000000
00000000

00000000
00000000
00000000
10000000
10000000
10000000
00000000
00000000

00000000
00000000
00000000
01000000
11000000
00000000
00000000
00000000

11110000
11100000
11100000
10000000
10000000
10000000
00000000
00000000

00000110
00001100
00001000
00111000
00111000
00000000
00000000
00000000

00000000
00001000
00111001
00111111
00000111
00000100
00000000
00000000

00000000
10000000
10000000
10000000
10010000
11111000
01011000
00011000

10000000
10000000
11110000
11100000
01110000
01000000
00000000
00000000

00000000
00000000
00000000
00000000
00000000
00001000
00001000
00000000

01111110
00011110
00111110
00010000
00000000
00000000
00000000
00000000

00000000
00000000
00000000
00000000
00000000
00000000
01000000
11100000

00000000
00000000
00000000
00000000
01000000
01110000
00100000
00100000

00000000
00000100
00000100
00001110
00000000
00000000
00000000
00000000

00000000
00000000
00000000
00000000
00110000
11110000
11110000
00111000

00000000
00000000
00000000
00000000
00001000
00000000
00000000
00000000

00000000
00000000
00000010
00000010
00000010
00000000
00000000
00000000

11000000
00000000
00000000
00000000
00000000
00000000
00000000
00000000

00000000
00000000
00000000
00010000
00111100
00011111
00001100
00001000

00011000
00111000
00100000
00100000
00000000
00000000
00000000
00000000

00000000
00000000
00000000
00110000
01111000
00010000
01110000
00111100

00000000
00000000
00000000
00000000
00000000
00000000
00000000
00011100

00000000
00010000
00111000
11100000
11000000
00000000
00000000
00000000

00000000
00000000
00000000
00000000
00000000
00000111
00001110
01111110

00000000
00000000
00001000
00011000
00011100
00000000
00000000
00000000

00000000
00000000
01100000
00110000
00000000
00000000
00000000
00000000

00000000
00110000
00110000
00111000
00010000
00000000
00000000
00000000

00000000
10000000
11110000
11000000
11100000
11000000
01000000
00000000

00000000
00000000
00000000
00000000
00000110
00000100
00000000
00000000

00000000
00000000
00000000
00000000
00000000
00010000
00111110
00011000

11111000
10110000
00111000
00001000
00000000
00000000
00000000
00000000

00101000
01101000
01111100
00110000
00000000
00000000
00000000
00000000

00000000
00000000
00000000
00000000
00000000
00010000
00010000
00111000

00000000
00000000
00000000
00000000
00000000
00000000
00011000
00011000

00000000
00000000
00000000
00100000
00000000
00000000
00000000
00000000

00000000
00000000
00000000
00000000
00000000
00000000
00000000
01110000

00000000
00000000
00000100
00000110
00001111
00000011
00000011
00000000

00000000
00000000
00000000
00000000
00000000
00000000
00010000
00110000

00111110
00011110
00111011
00011000
00000000
00000000
00000000
00000000

00011000
01111000
00000000
00000000
00000000
00000000
00000000
00000000

00000000
00000000
00000000
01110000
11100000
11111000
11100000
11000000

00110000
00000000
00000000
00000000
00000000
00000000
00000000
00000000

00000000
00111100
00011100
01110000
00111100
00100000
00000000
00000000

00000000
00000000
01110000
00010000
01110000
00111000
01100000
01000000

00000011
00000001
00000001
00000011
00000111
00000001
00000000
00000000

00011000
00000000
00000000
00000000
00000000
00000000
00000000
00000000

00011000
00001100
00001000
00000000
00000000
00000000
00000000
00000000

00100000
00110000
01100000
00100000
11110000
00100000
00000000
00000000

00000000
00000000
00000000
00000000
00000000
00000110
00000000
00000000

00000000
00000000
00000000
10000000
11100000
11110000
10111000
00100000

11000000
11110000
11010000
01000000
00000000
00000000
00000000
00000000

00001111
00000111
00000110
00000010
00000011
00000011
00000000
00000000

00000000
00000000
00000000
10000000
11000000
11110000
11110000
11100000

00000000
00000000
00000000
00000110
00001110
00000011
00000111
00000111

00000000
01100000
00100000
00000000
00000000
00000000
00000000
00000000

00000000
00000000
00000000
01000000
11100000
10000000
00000000
00000000

00000000
00001111
00000111
00000101
00001100
00000000
00000000
00000000

11111000
00111000
00001100
00000000
00000000
00000000
00000000
00000000

00000000
00000000
00000100
00001110
00001000
00011000
00000000
00000000

00000000
00000000
00000000
00000000
01111000
00100000
11110000
11100000

00000000
00000000
00000000
00000000
01000000
00000000
00000000
00000000

00000000
00000010
00011010
00011110
00001111
00000000
00000000
00000000

00000000
00000000
01010000
01110000
01111000
00100000
00000000
00000000

00000000
00000000
00000000
00000000
00000000
11100000
11100000
00000000

00000000
11000000
10000000
10000000
11100000
01100000
01100000
00000000

11000100
11111100
01110000
01000000
01000000
00000000
00000000
00000000

00000000
00000000
00000000
00000000
00000000
00111100
00001110
00001111

00000000
00000000
00000000
00000000
00000000
00000010
00000110
00000111

00000000
00000000
00000000
00000000
00000110
00001110
00001111
00011111

00000000
00000000
00000000
00111000
00011110
00011010
00000010
00000000

00000000
00000001
00000000
00000000
00000000
00000000
00000000
00000000

00000000
00000000
00010000
00000000
00000000
00000000
00000000
00000000

00000000
00000000
00000000
00000000
00000000
00010000
01110000
11110000

00000000
00000000
00000000
00000001
00000011
00000011
00000011
00000001

00000000
00100110
11111100
11101110
00001000
00000000
00000000
00000000

00000000
00000000
00000000
00000000
10000000
10000000
11000000
10000000

00000000
00000000
00000000
00000000
00000000
00000000
00010000
00111000

00000000
01100000
01110000
01100000
11100000
01110000
01000000
00000000

00000000
00000000
00010000
11111000
00111000
01100000
00000000
00000000

00000000
00000000
00001000
00011100
00111000
00001100
00000000
00000000

00000000
00000000
00000000
10000000
11111100
11101000
00101000
00000000

00000000
00000000
00000000
00000011
00000000
00000000
00000000
00000000

00000100
00000111
00000000
00000000
00000000
00000000
00000000
00000000

00000000
00000000
00000000
00011000
00001000
00001110
00011100
00111100

00000000
01011100
01010000
01110000
11100000
11100000
00100000
00000000

00000000
00000000
00000000
00000000
00001000
00001110
00000010
00000000

00100000
00100000
00100000
00111000
01111000
00001000
00001000
00001000

00000000
00001000
00000000
00000000
00000000
00000000
00000000
00000000

00000000
00000000
00000000
00010000
00011000
00001000
00011000
00000000

00000000
00000000
00000001
00000001
00001011
00001110
00000100
00000100

11100000
11000000
11100000
11100000
10000000
00000000
00000000
00000000

00000000
00000010
00000011
00000001
00000011
00000011
00000001
00000001

00000000
00000000
00000000
00000010
00000010
00001010
00111111
00111111

01110000
01110000
00100000
01100000
00000000
00000000
00000000
00000000

00000000
00000000
00000000
00000000
00001000
00011000
00111110
11111000

00000000
10100000
11111000
10110000
00110000
00000000
00000000
00000000

00000000
00111110
00001000
00000000
00000000
00000000
00000000
00000000

00000000
00000000
00000100
00000110
00001110
00000100
00000000
00000000

00001100
00001110
00011100
00011100
00001100
00000000
00000000
00000000

00000000
00000000
00000000
00001000
00011110
00111111
00111000
00000000

00000000
00000000
00000000
01110000
00010100
00111100
00000110
00001100

00000000
00000000
00000000
00000000
00000000
00000000
00000000
11000000

00000000
00011100
00110000
00011110
00011000
00000000
00000000
00000000

00001100
00001000
00001100
00000000
00000000
00000000
00000000
00000000

00000000
00000000
00000000
11000000
10000000
00000000
00000000
00000000

01110000
00110000
00000000
00000000
00000000
00000000
00000000
00000000

00000000
00000000
00000000
00000010
00010010
00010110
00111110
00111110

00000000
00010000
00111000
00110000
10100000
11100000
00100000
00000000

00000000
00000011
00011110
00000110
00000011
00000000
00000000
00000000

00010000
00011100
11111000
00110000
00100000
00000000
00000000
00000000

00000000
00000000
01000000
11111000
11000000
11100000
11000000
00000000

00000000
00000000
00000000
00000011
00000000
00000000
00000000
00000000

11111100
01011100
00001100
00000000
00000000
00000000
00000000
00000000

11100000
11110000
11011000
11000000
01100000
00000000
00000000
00000000

00000000
00100000
00100000
00111000
00001100
00000000
00000000
00000000

00000000
00000011
00000001
00000111
00000011
00011111
00000011
00000001

00000000
00000000
00000000
00000000
00000000
00110000
11110000
11110000

00000000
00000000
00001000
00111111
01111100
00010000
00000000
00000000

00000000
01000000
01100000
01000000
11100000
11100000
10000000
11110000

00000000
00010000
01110000
00000000
00000000
00000000
00000000
00000000

00000000
00000000
00000111
00000111
00000000
00000000
00000000
00000000

00000000
00001000
00011000
00011000
00010000
00110000
00010000
00000000

00000000
00001100
11111000
00011000
00111110
00100000
00000000
00000000

00000000
00000000
00000000
00000000
00000000
00000000
00000000
00001100

00000000
00000000
00000000
00000000
01000000
11010000
11110000
11000000

00000010
00000010
00000111
00000011
00000011
00000000
00000000
00000000

00000000
00000000
00000000
00000000
00000000
00000000
01000000
00000000

00000000
00001000
00101100
00111100
00011100
00111110
00000000
00000000

00000000
00000000
00000110
00000111
00000100
01111110
00001000
00000000

00000000
00000000
00000000
00000000
00000011
00011111
00000100
00000000

00011100
00011100
00010000
00000000
00000000
00000000
00000000
00000000

00000000
00000000
00000000
00000000
00000100
00000100
00000000
00000000

00011000
01110000
00111000
00011110
00011100
00010000
00000000
00000000

00011100
00011100
00001100
00000000
00000000
00000000
00000000
00000000

00000000
00000000
00000000
00001000
00001110
00001100
00001110
00001111

00000000
00000000
00000000
00000000
10000000
00000000
00000000
00000000

00000000
00000000
00000000
01100000
01000000
01000000
11101000
00111000

00000000
00001000
00001000
00000000
00000000
00000000
00000000
00000000

00000000
00000000
00000000
00000000
00000010
00000110
00000110
00000000

00000000
00000000
00000000
00000000
00000000
01100000
11110000
11111000

00000000
00110000
00000000
00000000
00000000
00000000
00000000
00000000

00000000
00000000
00000000
00000001
00000011
00011111
00000111
00001100

00000000
00000000
00000000
00001111
00011101
00001100
00000000
00000000

00000000
00000000
00000000
00000000
00000110
00000110
00000100
00000000

00000000
00000000
00000000
00000000
01000000
11100000
11100000
11100000

00000000
00000000
00000000
00000000
00000000
00000000
00000110
00000000

00001111
00000011
00000001
00000000
00000000
00000000
00000000
00000000

00001100
00011100
00000000
00000000
00000000
00000000
00000000
00000000

00000000
01000000
01000000
01000000
01100000
11110000
11100000
00000000

00000000
00000000
00000000
00010100
00011110
00111011
00010000
00000000

00000000
00000000
00000000
00000000
00000000
00000000
00000000
00000011

00000000
00000000
00000000
00000000
00000000
00000111
00000011
00001111

00000000
00010000
00010000
00011000
00111000
00111100
00110000
00010000

00000000
00000000
00000111
00000011
00000111
00001110
00000100
00000000

00000000
00000000
00000100
00000110
00000100
00000101
00011111
00011111

00000000
00000000
10000000
10100000
11110000
11010000
00010000
00000000

00000000
00000000
00000000
00000000
01110000
11111000
11100000
11100000

00011110
00110000
01100000
00000000
00000000
00000000
00000000
00000000

00110000
11100000
10000000
11000000
00000000
00000000
00000000
00000000

00000000
00000000
00000000
00000000
00000000
00000011
00001111
00000011
