00000000000000000000000111111111
00000000000000000000000111111111
00000000000100000000000111111111
01000000000000000000000111111111
00000000000000000100000111111111
00000000000000000000000111111111
00000000000100000000000111111111
00000000000000100000000111111111
00000000000000000000000111111111
00000001000000000000000111111111
00000011000000000000000111111111
01000000000000000000000111111111
00000000010100000000101111111111
00000000010000000100000111111111
00000000000000000010000111111111
00000000000010000000000111111111
00000000000000001100000111111111
00000000000000000000000111111111
00000000000000000010000111111111
00000000000000000000000111111111
00000001100000000000000111111111
00000000000000000010000111111111
00000000100000000000000111111111
00000000000000100000000111111111
00000000000000000000000111111111
00000000000000000000000111111111
00000000000000000000000111111111
00000000000000000000000111111111
00000000000000000000000111111111
00000000000000000000000111111111
10000000000010000000000111111111
00000000000000000000000111111111

65
00000000
00000000
00000000
00000000
00000011
00000011
00000000
00000000

00000000
00000000
00000000
00000000
00000000
00000100
00000100
00000000

00010000
00110000
00110000
11111000
01110000
00010000
00000000
00000000

00000000
00000000
00000000
00000000
00000000
00000001
00000011
00001111

00110000
11111000
01100000
00000000
00000000
00000000
00000000
00000000

00011111
00000111
00000111
00000100
00000000
00000000
00000000
00000000

00011100
00011100
00001100
00000100
00000000
00000000
00000000
00000000

00110000
00110000
00100000
00000000
00000000
00000000
00000000
00000000

00000000
00000000
00000000
00000000
01100000
01110000
11000000
11000000

00000000
00000000
00000000
00000000
00000001
00000001
00000001
00000000

00000000
00000000
00000000
00000000
00000000
00101000
00111100
00011100

00000000
00000000
01000000
01101000
11111000
00011000
00000000
00000000

00000000
00000000
00000000
00000000
00000000
00000000
00001000
00011000

00000000
00000000
00000000
00000000
00011000
00011000
00011100
00001000

00000000
00000000
00000010
00001010
00111110
00111100
00101000
00100000

00000000
00000000
00100000
00100000
01100000
11110000
11000000
11100000

00000000
00000000
00000000
00000000
00000000
01000000
00000000
00000000

00000000
10000000
11000000
11000000
10000000
11100000
10000000
10000000

00000000
00000000
00000000
00000000
00000000
00000000
00000000
00000010

00000000
00001000
00011100
00111000
00011000
00001100
00000000
00000000

00000000
00000000
10000000
00000000
00000000
00000000
00000000
00000000

00000000
00000000
00000010
00000010
00000110
00111111
00010100
00000000

00000000
00000000
00000000
00000010
00001011
00001111
00001110
00000110

11110000
10110000
10000000
10000000
00000000
00000000
00000000
00000000

00000000
00000000
00000000
01100000
11110000
11100000
11100000
11100000

00000000
00000000
10000000
10000000
11100000
11000000
11100000
11110000

00000000
00000000
00000000
00000000
00000000
00000000
11000000
10000000

00000000
00000000
00000000
00000000
00000011
00000111
00000111
00000111

00000000
00000000
00000000
00000000
00000110
00000011
00000011
00000111

00001111
00000010
00000010
00000000
00000000
00000000
00000000
00000000

00000000
11100000
01100000
00000000
00000000
00000000
00000000
00000000

00000000
00000000
01000000
01000000
11100000
11000000
11000000
00000000

00010000
11111000
00111000
00000000
00000000
00000000
00000000
00000000

00000000
00100000
01111000
01011000
01000000
00000000
00000000
00000000

00011100
00011100
00011111
00000001
00000000
00000000
00000000
00000000

00001100
00101110
01111111
00001100
00000100
00000000
00000000
00000000

00000000
00000000
00000000
00000000
00000000
00000000
00000000
00100000

00001111
00011100
11110000
00100000
00000000
00000000
00000000
00000000

00000000
00000000
00000110
00000011
00000011
00000011
00000111
00000001

00000000
00000000
00000000
00000000
01010000
01110010
00110111
00011111

01100000
01000000
11000000
01000000
00000000
00000000
00000000
00000000

00000000
00010000
11010000
11111000
10100000
00000000
00000000
00000000

00000000
00000000
00000000
00000001
00000011
00001011
00111111
00000011

00000000
00000000
00000000
10000000
10000000
11000000
01000000
00000000

00000000
00000000
00000000
00000000
00000000
00000000
00000000
10000000

00000000
00000000
00100000
00000000
00000000
00000000
00000000
00000000

00000000
00000000
00000000
00000000
00000010
00000010
00000000
00000000

00000000
00000000
00000000
00000000
00000010
00000011
00000001
00000111

00000000
00000000
00000000
10000000
00000000
00000000
00000000
00000000

00000000
00000000
00000000
00000000
00000000
00000000
00001110
00001100

00011000
00111000
01110000
00100000
00000000
00000000
00000000
00000000

00001111
00001111
00000110
00011100
00001000
00000000
00000000
00000000

10000000
11100000
11110000
10010000
10000000
10000000
00000000
00000000

00000000
00000000
00000000
00000100
00000110
00001110
00011000
00110000

00000000
00000000
01111000
01011111
01011100
00000100
00000000
00000000

00000000
00000000
00000010
00000011
00000000
00000000
00000000
00000000

11110000
11111000
10001000
10000000
11000000
00000000
00000000
00000000

00000000
00000000
00000000
00000110
00000010
00001111
00001110
00000010

00000000
00000000
00000000
00000000
00001111
01111000
00011100
00111000

00000000
00000000
01000000
11100000
00000000
00000000
00000000
00000000

00000000
00000000
00000000
00000000
00111000
01111000
00000000
00000000

00000000
00000000
00000000
00000000
00000000
00000000
10000000
00000000

00000000
00010000
00110000
00100000
00000000
00000000
00000000
00000000

00000111
00000000
00000000
00000000
00000000
00000000
00000000
00000000

00000000
00000000
00111100
00011100
00111000
00000000
00000000
00000000
