10100000100000000000000111111111
00000000000000000000000111111111
00000000000000000000000111111111
00000000001000000000000111111111
00000000000001000000000111111111
00000001000000000000000111111111
00000000000000000001000111111111
00000000000000000100000111111111
00000000000000010000000111111111
00000000000000000000000111111111
00000000000000000000000111111111
00000000000010110000000111111111
00000000000000001000000111111111
01000000000000000000000111111111
00000000100000000000000111111111
00000000000000000000000111111111
00000000000000000000000111111111
00000000000000000000000111111111
01000000000000000000000111111111
00000000000000000000000111111111
00000100000000000001000111111111
00000000000000001000000111111111
00000000000000000001000111111111
00000000000000000000000111111111
00000000000000000000000111111111
00000000000000000000000111111111
00000000100000000000000111111111
00000010000000000000000111111111
00000000000000000000000111111111
11111111111111111111111111111111
11111111111111111111111111111111
11111111111111111111111111111111

94
00000000
00000000
00000000
00000000
10000000
00000000
00000000
00000000

00000000
00000000
00000000
00000000
01000000
01011100
01111000
00011111

00000000
00000000
00001000
00011000
00010000
00000000
00000000
00000000

00000000
00000000
00000000
00000000
00000100
00111111
00000000
00000000

00000000
00000000
00000000
00000000
00000100
00001100
00000000
00000000

00000000
00000000
00010000
00111000
00011000
00001000
00000000
00000000

00000000
00000000
00000000
00000000
00000000
00001000
00011000
00001000

00000000
00000000
00000000
00000110
00000000
00000000
00000000
00000000

00000000
00000000
00000111
00011111
00001111
00000110
00000110
00000000

00000000
00000011
00000001
00000001
00000000
00000000
00000000
00000000

00000100
00001100
00000000
00000000
00000000
00000000
00000000
00000000

00000001
00000001
00000011
00000001
00000011
00000001
00000000
00000000

00000000
00000000
01000000
11000000
00000000
00000000
00000000
00000000

00000000
00000000
00100000
00100000
00110000
01111000
00110000
00110000

00111100
00110100
00010100
00010100
00000100
00000000
00000000
00000000

00000000
00001000
00001000
00000000
00000000
00000000
00000000
00000000

11100000
11100000
11110000
11100000
00000000
00000000
00000000
00000000

00000000
00000000
11110000
10100000
00000000
00000000
00000000
00000000

00000000
00001000
00011000
00011000
00111000
11100000
00100000
00000000

00000000
00000010
00111110
00011100
00001100
00001000
00001000
00000000

00000000
00000000
00000000
00000000
11000000
11010000
11111000
11111100

00000000
11000000
01100000
00000000
00000000
00000000
00000000
00000000

00000000
00000000
00000000
00000000
00000000
00000100
00000101
00000111

00000011
00111111
00000011
00000111
00000111
00000000
00000000
00000000

00000000
00011000
00000000
00000000
00000000
00000000
00000000
00000000

00000000
00000000
00000000
00000000
00010000
00110000
00111100
01111000

00000000
00000000
00000000
00000000
01100000
00100000
00111000
00000000

00000000
00000000
00000000
00000000
00000001
00000000
00000000
00000000

00000000
00000000
00000000
00000000
00000011
00000011
00000111
00001111

00000000
00000000
00000000
00000000
00110000
00111000
00101000
11100000

00000000
00000000
00000001
00000001
00000000
00000000
00000000
00000000

00000000
00000000
01000000
01100000
11000000
01000000
00000000
00000000

00000000
00000000
00000000
00000010
00000110
00101100
01111000
00011110

00000000
11000000
10000000
11100000
11110000
11000000
10000000
11000000

00000000
00000000
10000000
11000000
11100000
10000000
00000000
00000000

00000010
00010110
00011110
00011100
00011100
00000100
00000000
00000000

00000000
00010000
01110000
01111000
00010000
00011000
00011000
00000000

00000000
00000000
00000000
00000110
00000111
00000111
00000011
00000011

00011111
00011111
00011001
00000000
00000000
00000000
00000000
00000000

00010000
00010000
00000000
00000000
00000000
00000000
00000000
00000000

00000000
00000000
00000000
00000000
00000001
00000001
00000011
00000011

00000000
00000000
00000000
11010000
11110000
11111000
10000000
10000000

00100000
01110000
01110000
00011000
00001000
00001000
00000000
00000000

00000000
00000000
00000000
00001000
00001000
00011100
00000110
00001111

00000000
00000000
00000001
00000001
00000001
00011111
00000001
00000000

00000110
00011100
00001100
00011000
00010000
00000000
00000000
00000000

00000000
00000000
00000000
00000000
00000000
00000000
11100000
00000000

11111000
11110000
00110000
00000000
00000000
00000000
00000000
00000000

00000000
00000000
00111000
01100000
01000000
01000000
00000000
00000000

00000000
00000000
00000000
00000101
00000111
00000111
00000001
00000000

00000000
00000000
00000000
01000000
11011000
11110000
11110000
11000000

00000000
00000000
00000000
00010000
00010000
00010000
00010000
00000000

00000000
00000000
00000000
00000000
00000000
00000000
00100000
00000000

00000000
10000000
11000000
11100000
11111000
01100000
01000000
01000000

00000000
00000000
00000000
01010000
01111000
01110000
01000000
01100000

00000000
00000000
00000000
00000000
00000000
00000000
00000000
00100000

00000000
11100000
11000000
10000000
00000000
00000000
00000000
00000000

00000000
00000000
00000000
00000000
00010000
00111100
00110000
00011000

00000000
00000000
00001000
00111100
00110100
00000000
00000000
00000000

00000000
00001000
00000000
00000000
00000000
00000000
00000000
00000000

00000000
00000000
00000000
00000000
00100000
00110000
00000000
00000000

00000000
00000000
00000000
10100000
11110000
00010000
00000000
00000000

00000000
00000000
00000100
00001110
00000011
00000110
00000110
00000100

00100000
00111100
00001100
00011110
00000000
00000000
00000000
00000000

00011000
00011000
00000000
00000000
00000000
00000000
00000000
00000000

00000000
00000000
00000000
00000000
00000000
01110000
00110000
00000000

00000000
00000000
00000000
00000000
00000000
00000000
00000010
00000000

00000000
00000000
00000000
00000000
00000000
00000100
00101111
01111111

11000000
11000000
00000000
00000000
00000000
00000000
00000000
00000000

11100000
11100000
11000000
01000000
01000000
00000000
00000000
00000000

00111100
01110000
01100000
00100000
00000000
00000000
00000000
00000000

00001000
00001110
00000110
00000100
00000000
00000000
00000000
00000000

00000000
00000000
00001000
00001000
00001100
01111000
11111000
00010000

00000000
00010000
00110000
00111000
00110000
00110000
00111000
00000000

00000000
00000000
00000000
00000000
11000000
10000000
11000000
10000000

00000000
00000000
00000000
00000000
00000000
00000100
00000000
00000000

00000000
00000000
00000000
00000000
00000000
00000000
11000000
11100000

00000000
00000000
00000000
00000000
00000000
00101101
00111111
00001111

00000000
00000000
00000000
00000000
00000000
00000011
00000001
00000000

00000000
00000000
00000000
00000001
00000111
00000111
00000011
00000011

00000000
00001000
00001000
00011100
00011111
00000010
00000000
00000000

00000000
00000000
00000000
00000000
00000000
00000000
00000011
00000111

00000000
00000000
00000000
00000000
00001111
00001111
00001000
00000000

00000000
10000000
11000000
10000000
10000000
00000000
00000000
00000000

00001111
00000011
00000011
00000000
00000000
00000000
00000000
00000000

00000000
00000000
00000000
00000000
00001010
00001110
00111110
01111110

00000000
00000000
00000000
00000000
00000000
00010000
01110000
00100000

00000000
01000000
01000000
00000000
00000000
00000000
00000000
00000000

00000000
00000000
00000000
00000000
00000000
00001110
00001100
00000111

00000000
00000000
00000000
00000000
01100000
01100100
01111100
00111000

00000000
00000001
00000001
00000000
00000000
00000000
00000000
00000000

00000000
00000000
01111000
01111000
00000000
00000000
00000000
00000000

00011111
00001101
00011100
00000100
00000000
00000000
00000000
00000000

00000000
10000000
10000000
10000000
10100000
11100000
11000000
11000000
