00000000000100010000000111111111
00100000000010000000000111111111
00000000000000000000000111111111
00000000000000000000000111111111
00000000000000000000000111111111
00000000000000000000000111111111
00000000000000000000000111111111
00000000000000000000000111111111
00000000000000000000000111111111
00000000000000000000000111111111
00000001000000000000000111111111
00000001000000000000000111111111
00000000000000000000000111111111
00100000100000000000000111111111
00000000000000000001000111111111
00100000000000000100000111111111
00000000000000000000000111111111
00000000000000000000000111111111
00000000000000000000000111111111
00000000000000000000000111111111
00000000000000000000010111111111
00000000000000000000000111111111
00000000100000000000000111111111
11111111111111111111111111111111
11111111111111111111111111111111
11111111111111111111111111111111
11111111111111111111111111111111
11111111111111111111111111111111
11111111111111111111111111111111
11111111111111111111111111111111
11111111111111111111111111111111
11111111111111111111111111111111

100
00000000
00000000
00000000
00000000
00100000
11101000
11111000
00100000

00000000
00000000
00000000
00000000
00000000
00000010
00000000
00000000

00000000
00000011
00001111
00001110
00000000
00000000
00000000
00000000

00000000
00000000
00000000
00000000
00001000
00011100
00010000
00011110

00000000
00000000
00000000
01101000
01111100
00010110
00010000
00000000

00000000
00000000
00000000
00000000
00000000
00000000
00000000
00011100

00001000
00001000
00001000
00011000
00000000
00000000
00000000
00000000

00010000
00010000
00111000
00000000
00000000
00000000
00000000
00000000

00000000
00000000
00000010
00000110
00000010
00000000
00000000
00000000

11000000
11000000
10000000
10000000
00000000
00000000
00000000
00000000

00000000
00000000
00000000
00000000
00000000
00110000
10100000
11110000

00000000
00000000
00011110
00001111
00000111
00000001
00000000
00000000

00000000
00000000
00000000
00000000
00000000
00000001
00000111
00000001

00000011
00000111
00000111
00000001
00000000
00000000
00000000
00000000

00011111
00011110
00001110
00001100
00000000
00000000
00000000
00000000

00001111
00111111
00100101
00000100
00000100
00000000
00000000
00000000

00000000
00000000
00000000
00100000
00110010
00111111
00011100
00110000

00000000
00000000
00000000
00000000
11110000
00110000
00110000
00100000

11000000
10000000
00000000
00000000
00000000
00000000
00000000
00000000

00000000
00000000
00000000
00000000
00000000
01110000
00110000
00100000

00000000
00000000
00000000
00000000
00000000
00000000
00100000
00000000

00000000
00000000
00000000
00000000
00000000
00000000
00000010
00000000

00000000
01000000
01000000
11000000
11000000
10000000
11100000
11100000

00000000
00000000
00001100
00001000
00011100
00011000
00010000
00000000

00000000
00000000
00000000
00000000
00010000
00011000
00010000
00000000

11100000
11110000
11110000
01110000
01000000
00000000
00000000
00000000

00001000
10001100
11111000
10010000
10110000
00000000
00000000
00000000

00000000
00000000
00000000
00000000
00000000
00000100
00000110
00001100

00000000
00001100
00000111
00000011
00000001
00000000
00000000
00000000

00000000
00000000
00000000
00000100
00000000
00000000
00000000
00000000

00000000
00000000
00000000
00100000
00100000
01100000
01000000
00000000

00000000
00000000
00000000
00000000
00000000
00000000
00000000
00000001

01110000
00110000
00110000
00100000
00110000
00000000
00000000
00000000

00000000
00000000
00000001
00000000
00000000
00000000
00000000
00000000

00000000
00000000
00000010
00000000
00000000
00000000
00000000
00000000

10000000
10000000
11110000
10000000
00000000
00000000
00000000
00000000

00011000
00111110
00101110
00000100
00000000
00000000
00000000
00000000

00000000
00000000
00000000
00110000
00110000
00010000
00000000
00000000

00000000
00000000
00000000
00100000
01100000
01111000
00111111
00011000

00000011
00000011
00000001
00000011
00001111
00000011
00000000
00000000

01110000
01100000
01100000
11000000
00000000
00000000
00000000
00000000

00000100
00001110
00000010
00000010
00000011
00000000
00000000
00000000

00000000
00000000
00000000
00000000
00000000
00000000
01111111
01111111

00000000
00000000
00000000
00000000
00000000
01000000
01100000
01100000

10000000
11100000
00110000
01110000
11100000
10100000
10000000
00000000

00000000
01100000
01100000
11000000
00000000
00000000
00000000
00000000

00000000
00000000
00000000
00000000
00000000
00000001
00000001
00000111

00000000
00000000
00000000
00000100
00000000
00000000
00000000
00000000

00000000
00000000
00000000
00000000
00000100
00001100
00001000
00000000

00000000
00000000
00000110
00000000
00000000
00000000
00000000
00000000

00000000
00000000
00000000
00000000
00000000
00000000
00000000
10000000

00001000
00001110
00011100
00010000
00000000
00000000
00000000
00000000

00000000
00000000
00100000
11100000
00000000
00000000
00000000
00000000

00000000
00000000
00000000
00000000
00000000
00000000
00010000
00111100

00001100
00101100
01111000
00011000
00000000
00000000
00000000
00000000

00100000
00111100
11110000
00100000
00110000
00100000
00000000
00000000

00000000
00001111
00001111
00000111
00000011
00000011
00000000
00000000

10000000
00000000
00000000
00000000
00000000
00000000
00000000
00000000

00000000
00001100
00111000
00011000
00010000
00000000
00000000
00000000

00000000
00000000
00000000
00000000
10110000
11111000
11110000
00100000

00001000
00011000
01111000
00011000
00000000
00000000
00000000
00000000

00000000
00000000
00000001
00000001
00000011
00001011
00001111
00000011

00000000
00000000
00000000
00110000
00000000
00000000
00000000
00000000

00000000
00000000
00000000
00100000
00110000
00111000
11110000
00110000

00000000
00000000
00000100
00001111
00000111
00000101
00011100
00000110

00000000
00000000
00000000
00001100
00001100
00000000
00000000
00000000

00000000
00000000
00011100
00111000
00111000
00101000
00000000
00000000

00000000
00000000
00000000
00000000
00000000
00000000
00000100
00000100

00000000
00000000
00000100
00000000
00000000
00000000
00000000
00000000

00000111
00000000
00000000
00000000
00000000
00000000
00000000
00000000

00000000
00000000
00001000
00001100
00000100
00000000
00000000
00000000

00000000
01000000
01100000
11100000
01100000
01100000
01000000
00000000

00001100
00000000
00000000
00000000
00000000
00000000
00000000
00000000

00000000
00000010
00011010
00011110
00011100
00111100
00000000
00000000

00000000
00000000
00000000
00000000
00000000
00000110
00001111
00000011

00000000
00000000
00010000
00110000
01111000
11111000
10110000
10000000

00000001
00000111
00000001
00000000
00000000
00000000
00000000
00000000

00000000
01100000
01000000
01000000
00000000
00000000
00000000
00000000

00000000
11110000
01000000
01000000
00000000
00000000
00000000
00000000

00000000
00110000
00110000
01111000
01000000
11000000
01000000
01000000

00000000
00000000
00000100
00101100
00111100
00101000
00000000
00000000

00000000
00000000
00000000
00000010
00000111
00011100
00000111
00000011

00000000
00000000
00000000
00000000
00000000
00000000
00101100
00111000

00000000
00000000
00000000
00000000
00000000
01010000
11110000
11110000

00000000
00000000
00000000
00000000
00100010
01100011
00110011
00011111

00000000
00001100
00011110
00000000
00000000
00000000
00000000
00000000

00000000
00000000
00000000
00000000
10000000
10000000
10000000
10000000

00000000
00000000
01100000
11100000
11100000
11100000
01000000
00000000

00001000
00011000
00001000
00111000
00001000
00000000
00000000
00000000

00011000
00011000
00000000
00000000
00000000
00000000
00000000
00000000

00000000
00000000
00000000
10000000
11000000
11000000
11000000
11110000

00000000
00000000
00000000
01001000
11111000
11100000
11000000
11110000

00000000
00000000
00000000
00000000
00000000
00000000
00000001
00000001

00000000
00000000
00000000
00000000
00000000
00111000
00111110
00011110

00000111
00000001
00001111
00000000
00000000
00000000
00000000
00000000

00000000
00000000
00000000
00000000
00000000
01100000
01110000
00000000

00000000
00000000
00000000
00000000
00100000
00110000
00000000
00000000

00000000
00000000
00001100
00001100
00001100
00011000
00001000
00011000

00000000
00000000
00110000
10110000
11100000
01000000
00000000
00000000

00000000
00000000
10010000
11111100
11110000
01000000
00000000
00000000
