00000000000000000000000011111111
00000000000000000000000011111111
00000000000000000000000011111111
00000000000000100000000011111111
00000000000000000000000011111111
00000000000000000000000011111111
00000000000000000000000011111111
00000000000000000000000011111111
00000000000000000000000011111111
00000000000000000000000011111111
00000000000001000010000011111111
00000000000000000000000011111111
00000000000000000000000011111111
00000000000000000000000011111111
00000000000000000000000011111111
00000000001000000000000011111111
00000000000000000000000011111111
00000000000000000000000011111111
00000000010000000000000011111111
00000000000000000000000011111111
00000000000000000000000011111111
00000000000000000000000011111111
00000000000000000000000011111111
00000000000000000000000011111111
00000000000000000000000011111111
00000000000000010000000011111111
00000000000000010000000011111111
00000000000000000000000011111111
00000000000000000000000011111111
00000000000000000000000011111111
00000000100000000000000011111111
00001000000000000000000011111111

11
00000000
00000000
00000000
00000000
00000010
00000011
00000111
00000000

00011111
00011111
00000111
00000111
00000000
00000000
00000000
00000000

00000000
00000000
00000000
01100000
01000000
00000000
00000000
00000000

00000000
00100000
00100000
01100000
01100000
01101000
01111000
00111000

01111000
00110000
01110000
11000000
01000000
00000000
00000000
00000000

00000001
00000001
00000011
00000000
00000000
00000000
00000000
00000000

00001100
00001100
00000100
00000100
00000000
00000000
00000000
00000000

00000000
00000000
00000000
10000000
10011000
11110000
11100000
11100000

00100000
00100000
01110000
00010000
00010000
00000000
00000000
00000000

00000000
00000000
00000000
00000000
00001110
00001111
00000111
00000100

00000000
00000000
00000000
00000000
00000000
00000000
00110000
00100000
