00000000000000000000000000011111
00000000000000000000000000011111
00000000000010000000000000011111
00000000000000000000000000111111
00000000000001000001000000011111
00000000000000000000000000011111
00000000000000000000000000011111
00000000000000000000010000011111
00000000000000000000000000011111
00000000000000000000000000011111
00000001000000000000000000011111
00000000000000000000000000011111
00000000000000100000000000011111
00000000000100000000000000011111
01000000000000000000000000011111
00000000000000000000000000011111
00100000000000000000000000011111
00001000000000000000000000011111
00000000000000000000000000011111
00000000000000000000000000011111
00000000000000000000000000011111
00000000000010000000000000011111
00000000000000001000100000011111
00000000000000000000000000011111
00000000000000000000000000011111
11111111111111111111111111111111
11111111111111111111111111111111
11111111111111111111111111111111
11111111111111111111111111111111
11111111111111111111111111111111
11111111111111111111111111111111
11111111111111111111111111111111

121
00000000
00000000
01000000
11000000
11110000
11000000
10000000
11000000

00011100
00011111
00001111
00011000
00010000
00000000
00000000
00000000

00000000
00000000
00011110
00011010
00000000
00000000
00000000
00000000

00011111
00001100
00000100
00000000
00000000
00000000
00000000
00000000

00000000
00000000
01100000
11100000
11100000
00100000
00110000
00100000

00000000
00000000
00000000
00000000
00100000
11110000
11111100
11100000

00000000
00000000
00000000
00000000
01100000
00000000
00000000
00000000

00011111
00001111
00011100
00000100
00000000
00000000
00000000
00000000

00000000
00000000
00000000
00000000
00000000
00001100
00001110
00011100

00000000
00000000
00000000
00001000
00001000
00101100
00111000
00001110

11000000
11000000
11100000
10100000
00000000
00000000
00000000
00000000

00011000
00001111
00000011
00000001
00000000
00000000
00000000
00000000

00000110
00001100
00011100
00011110
00001100
00001000
00000000
00000000

00011000
00001100
00000100
00000000
00000000
00000000
00000000
00000000

00000000
00000000
00000000
00000000
00000000
11000000
10000000
11000000

00000000
00000000
11000000
10000000
11100000
11100000
11000000
11000000

00110000
00000000
00000000
00000000
00000000
00000000
00000000
00000000

00000000
00000000
00000000
00000000
00000000
00000000
00000001
00000000

00000000
00000000
00000000
00111000
01110000
00011000
00001000
00000000

00000000
00000000
00000000
00000000
00000000
00000110
00000000
00000000

00000000
00000010
00000111
00000010
00000000
00000000
00000000
00000000

00001100
00000100
00000100
00001100
00000000
00000000
00000000
00000000

00000011
00000000
00000000
00000000
00000000
00000000
00000000
00000000

00000000
10100000
11100000
11110000
01110000
01100000
01000000
00000000

00000000
00000000
00000000
00000010
00000111
00001111
00000011
00000111

00010000
00110000
00111000
00011100
00000000
00000000
00000000
00000000

00000000
00000000
00000000
00000100
00001110
00011100
00001100
00011100

00000000
00000100
00010100
00111100
00111000
00110000
00110000
00000000

00000000
00000000
00000001
00000001
00000001
00000011
00000000
00000000

00000000
00001000
00011000
00010000
00111000
00110000
00000000
00000000

00000111
00000011
00000001
00000011
00000010
00000000
00000000
00000000

00010000
00011000
00110000
00010000
00000000
00000000
00000000
00000000

00000000
00000000
00000000
00001010
00001111
00000011
00000001
00000000

00001110
00000000
00000000
00000000
00000000
00000000
00000000
00000000

00000000
00000000
00000000
01100000
00110000
00110000
00110000
00000000

01110000
00110000
00110000
00000000
00000000
00000000
00000000
00000000

00000011
00000111
00000011
00000110
00000000
00000000
00000000
00000000

00000000
01000000
11100000
11110000
10111000
10010000
10000000
00000000

00000100
00000110
00000110
00000100
00001100
00000000
00000000
00000000

11100000
11100000
11000000
00000000
00000000
00000000
00000000
00000000

00000001
00000000
00000000
00000000
00000000
00000000
00000000
00000000

00000000
00000000
00000000
00000010
00001110
00000100
00000000
00000000

11110000
10100000
00110000
00100000
01100000
00000000
00000000
00000000

00000000
00000000
00000000
00000000
00010000
00110000
00011000
00000000

00000000
00000000
00000000
00000000
00001110
00001111
00001111
00001111

00000000
00000000
00000000
00001000
00000000
00000000
00000000
00000000

00000000
00000000
00000000
00000000
00100000
11100000
11000000
11000000

00001000
00111100
00011111
00000011
00000111
00000000
00000000
00000000

00000000
00000000
00000000
00000000
00000110
00000011
00000111
00001111

00000000
00000000
00000000
01000000
11100000
11111000
01111100
01100000

00000000
00000000
00000000
00010000
00000000
00000000
00000000
00000000

00000000
00000000
00000000
00000000
00000000
00000100
00001110
00000000

00000000
00000000
00000000
00000000
00110000
11100000
01000000
00000000

00000000
00000000
00000000
00000011
00001110
00011010
00001000
00000000

00000000
00000000
00000000
00000000
00000000
00010000
00111000
01100000

00000000
00011000
00111000
00010000
00111000
00010000
00000000
00000000

00000000
00000000
00000000
00000000
00000000
00000000
00011000
00000000

00000000
00000000
00000000
01100000
11000000
11110000
11100000
11000000

00000000
00000000
00000000
00000000
00000000
00000000
11000000
11000000

00000000
00000011
00000000
00000000
00000000
00000000
00000000
00000000

00000000
00000010
00000011
00000011
00000001
00000011
00000000
00000000

00000000
00000000
00000000
00000000
00000000
00001000
00001100
00001000

00000000
00000000
00000000
00001100
11111110
00011110
00000100
00000000

00000000
00000000
00000000
11000000
11110000
00100000
00100000
00100000

00000000
00000000
00000000
00000000
00000001
00000001
00000011
00000000

00001110
01111000
00000000
00000000
00000000
00000000
00000000
00000000

00000000
00000000
00000000
00001000
00001100
00001100
00111000
00000000

00000000
00000000
00000000
00001010
00001111
00001001
00000000
00000000

00000000
00000000
01100000
11110000
11110000
01111000
00100000
00000000

00001111
00011111
00000110
00001100
00000000
00000000
00000000
00000000

00000000
00000000
00000000
00000000
00000100
00001110
00000011
00000000

00000000
00000001
00000011
00000000
00000000
00000000
00000000
00000000

00001000
00011110
00010110
00000111
00000000
00000000
00000000
00000000

00000000
00000001
00000001
00000001
00000011
00001111
00000110
00000010

00000000
00000000
10000000
10000000
11100000
11000000
01000000
01000000

00000000
00000000
00000000
00000000
00000011
00000111
00000001
00000000

11100000
11000000
11100000
10000000
00000000
00000000
00000000
00000000

00000000
00000000
00000000
00000000
00000110
00000111
00000011
00000011

00000000
00000000
00000000
00000000
10000000
11011000
11011100
11111000

00000000
00000000
00000000
00000000
00100000
00110000
01100000
00000000

00000000
00000000
00000000
00000000
00000010
00000110
00000100
00000100

00000000
00000000
00000000
01000000
01110000
01100000
00000000
00000000

00000000
00000000
10000000
11000000
11000000
11000000
01000000
00000000

00000000
00000000
00000000
00000000
00000000
00100000
11111000
00100000

00000000
00000000
00011110
00001110
00001100
00001100
00000000
00000000

00000000
00000000
00000000
00100000
01111000
01000000
01000000
01000000

01111110
01100110
00000011
00000000
00000000
00000000
00000000
00000000

00000000
00000000
01000000
01000000
11000000
11111100
11000000
11100000

11000000
11100000
01110000
00000000
00000000
00000000
00000000
00000000

00000000
00000000
00000000
00000000
00000000
01000000
11010000
11110000

00000011
00001111
00000011
00000000
00000000
00000000
00000000
00000000

00000000
00110000
01111000
11110000
11100000
01110000
00000000
00000000

00000000
00000000
00000000
00000001
00000111
00001111
00001100
00001110

00000000
00000000
00000000
00000000
00000000
00000000
00111100
00001000

00000000
00000000
00000000
00000000
00000000
00000110
00000100
00000000

00111000
11111100
01011100
00000100
00000000
00000000
00000000
00000000

00000000
00000000
00000000
00010100
00111100
01101100
00101000
00000000

00000000
00000000
00000111
00011100
00001000
00000000
00000000
00000000

00000000
00000000
00000000
00000000
00000000
00000011
00000010
00000000

00000000
00000000
00000000
00000000
00000000
00011100
00000100
00001110

00000000
00000000
00000000
00000000
01100000
00100110
00111110
01111100

00000000
00000000
00000000
00000000
00000001
00000001
00000000
00000000

00000000
00000000
01100000
01000000
01100000
01100000
01000000
01000000

00000000
00000000
00000000
00000000
11000000
10011000
11111000
11110000

00000000
00000000
00000000
00000000
00001000
00011101
00000111
00000011

00000000
00000000
00001100
00011111
00000010
00000010
00000000
00000000

00000000
00000000
00000010
00000011
00000011
00000001
00000000
00000000

00000000
00010011
00011111
00010111
00000011
00000001
00000000
00000000

00111100
01111000
11111000
11000000
10000000
00000000
00000000
00000000

10000000
10000000
11000000
11110000
11100000
01100000
00000000
00000000

00000000
00000101
00001111
00001001
00000000
00000000
00000000
00000000

00000000
00000000
00000000
00000000
11100000
11000000
11110000
11111000

00000000
00000000
00011000
00001000
00000000
00000000
00000000
00000000

10000000
11100000
11000000
11100000
00100000
00000000
00000000
00000000

00000000
00000000
00000000
00100000
00000000
00000000
00000000
00000000

11111000
00110000
00010000
00000000
00000000
00000000
00000000
00000000

00000000
00000000
00000000
00000000
00000100
00000000
00000000
00000000

00111100
00010100
00000000
00000000
00000000
00000000
00000000
00000000

00000100
00000100
00000100
00000000
00000000
00000000
00000000
00000000

00000000
00000011
00001011
00001111
00000011
00000111
00000000
00000000

00000000
00000000
00000000
00011000
00001100
00001000
00000000
00000000
