00000000000000000000010000000000
00000000000000000000000000000000
00000000000000000000000000000000
00000010000000100000000000000000
00000000001000000000000000000000
00000000000000000000000000000000
00000000000000000000000000000000
00000000000000000000000000000000
00001000000000000000000000000000
00000000100000000000000000000000
00100000000010000000100000000100
00000100000000000000000100000000
00000000010000000000000000000000
00000000001000000000000000000000
00100001000000000100100000000000
00000000000000001000101000000000
00100000010000001000000001000000
00000000000000000000000000000010
00000000000000000000000000000000
00000000010000000000000000000000
11111111111111111111111111111111
11111111111111111111111111111111
11111111111111111111111111111111
11111111111111111111111111111111
11111111111111111111111111111111
11111111111111111111111111111111
11111111111111111111111111111111
11111111111111111111111111111111
11111111111111111111111111111111
11111111111111111111111111111111
11111111111111111111111111111111
11111111111111111111111111111111

85
00000000
00000000
01100000
00110000
01110000
00100000
00110000
00000000

00011111
00011110
00111000
00011000
00000000
00000000
00000000
00000000

00000000
00000000
00000000
00000110
00000010
00000000
00000000
00000000

00000000
00000000
00000000
00000000
00001000
00001100
00111110
00001000

00000000
00000000
00001000
00000000
00000000
00000000
00000000
00000000

00000000
00000000
00000000
00000000
00000000
00011000
01110000
00100000

00000000
00000000
00000000
00100000
01100100
00111100
00100000
00000000

00000100
00011110
00000110
00000000
00000000
00000000
00000000
00000000

00000100
00000110
00000111
00000111
00001111
00000011
00000001
00000000

00000100
00001111
00001111
00001111
00000000
00000000
00000000
00000000

00000000
00000000
00000000
00000000
00000000
00000000
00000011
00000000

00100000
00110000
01110000
01100000
00000000
00000000
00000000
00000000

00000000
00001111
00011000
00001110
00000000
00000000
00000000
00000000

00000100
00000100
00000100
00001100
00000000
00000000
00000000
00000000

00000000
00000000
00000000
00000000
00000000
11110000
10000000
00000000

00000000
00000000
00000000
00000100
00000100
00000100
00000100
00000111

00000000
00000000
00000000
00010000
00111100
01111100
01110000
00000000

00000000
00000000
10000000
10000000
10000000
11001000
11111000
11100000

00000000
00000000
00000100
00011100
00001100
00001000
00000000
00000000

00000000
00000000
00000000
00001000
00011000
00111111
11111000
00110000

00000000
00000000
00000000
00000000
00000000
00010000
00110100
00111100

00000000
00000000
00000000
00011000
01111100
11110000
01011100
00000100

10000000
10000000
00000000
00000000
00000000
00000000
00000000
00000000

00000000
01110000
00000000
00000000
00000000
00000000
00000000
00000000

00000000
01110000
01011000
00000000
00000000
00000000
00000000
00000000

00000000
00000000
00000001
00000111
00001111
00000111
00000011
00000001

11110000
11111000
11000000
11000000
11000000
01000000
00000000
00000000

00000000
00000000
00000000
00000000
00001011
00001111
00000011
00001111

00110000
00000000
00000000
00000000
00000000
00000000
00000000
00000000

00000011
00000001
00000001
00000000
00000000
00000000
00000000
00000000

00000000
00000000
00000000
10000000
10000000
11100000
11100000
11110000

00000000
00000000
00000000
00000000
11000000
11000000
11100000
11100000

00000000
00000000
00000000
00000000
01110000
00111000
00000000
00000000

10000000
10000000
10000000
10000000
00000000
00000000
00000000
00000000

00000000
00100000
00100000
11110000
00110000
00000000
00000000
00000000

00000000
00000000
00000000
00011000
00001000
00000000
00000000
00000000

00000000
00000000
00000000
00000000
00000001
00000001
00000001
00000011

11111000
11111000
11110000
01000000
00000000
00000000
00000000
00000000

00000000
00000000
00000000
00000000
00011000
00011000
11111000
11111110

00000000
00000000
00000000
00000000
00000000
00011110
00000110
00000010

00000000
00000000
00000000
10000000
11111100
11110000
11100000
00100000

11100000
01100000
00110000
00110000
01100000
11100000
00100000
00000000

00000000
00000000
11000000
10000000
10000000
11000000
11100000
11100000

00000000
00000000
00000000
00000000
00000010
00000110
00000000
00000000

00000000
00000000
00000000
00000000
00000000
00000011
00010011
00011111

00000000
00000000
00000000
00000000
00011100
01011000
11110000
11110000

00000000
00000000
00000000
00000000
00000000
11100000
11110000
11100000

00000000
00000000
00000000
01000000
01000000
11100000
11110000
00010000

00000000
00000000
00000000
00000000
00000000
00000000
11000000
00000000

00000000
00000000
00000000
00000000
00000010
00000000
00000000
00000000

01001100
01111000
11110000
00000000
00000000
00000000
00000000
00000000

00011000
00011110
00011110
00001000
00000000
00000000
00000000
00000000

00000000
00000000
11100000
11000000
11100000
11100000
01100000
00100000

11110000
11111000
01110000
00000000
00000000
00000000
00000000
00000000

00000000
00000000
00000000
00000000
00000100
01011110
01111100
00011100

00001000
00011000
00000000
00000000
00000000
00000000
00000000
00000000

11000000
11000000
11100000
11111000
00010000
00000000
00000000
00000000

00000000
00000000
00000000
00000010
00000000
00000000
00000000
00000000

00000000
00000000
00000000
00000000
00000100
00000100
00000110
00000000

00000000
00000000
00000100
00001110
00001110
00000110
00000100
00000000

00000000
00011000
00000000
00000000
00000000
00000000
00000000
00000000

00000000
00000000
00000000
00000000
01100000
11100000
11100000
00100000

00000000
01000000
01100000
11100000
11100000
10000000
00000000
00000000

11000000
00000000
00000000
00000000
00000000
00000000
00000000
00000000

00000000
00000000
00000001
00000001
00000011
00000111
00000011
00000001

00000000
00000000
00000000
00000000
00001000
00011100
00001100
00001000

00000000
00000000
00000000
00000100
00001100
00011100
00001000
00000000

11000000
00000000
00000000
00000000
00000000
00000000
00000000
00000000

00000000
00000000
00000000
00011100
00011000
00001000
00001000
00000000

00000000
00000000
00000000
00000001
00000011
00000011
00000111
00001111

00000000
00000000
00000000
00000000
00000000
01000000
11000000
11110000

00000000
00000110
00000111
00000011
00000001
00000000
00000000
00000000

00000000
01100000
11110000
11000000
11110000
01100000
00000000
00000000

00000000
00000000
00000000
00000000
00010000
01110000
01100000
11100000

00011100
00111100
00010000
00011100
00110000
00000000
00000000
00000000

11100000
11110000
10000000
10000000
00000000
00000000
00000000
00000000

00000000
00000000
00000000
00000000
00000100
00000000
00000000
00000000

00000000
00010000
00011000
00011110
00000000
00000000
00000000
00000000

11000000
10000000
10010000
11110000
11011000
00000000
00000000
00000000

00000000
00000001
00000111
00000100
00000100
00000000
00000000
00000000

00001111
00000111
00000010
00000010
00000010
00000000
00000000
00000000

11100000
11110000
01100000
01000000
11000000
11000000
01000000
01000000

00000001
00000001
00000111
00000001
00000011
00000011
00000010
00000110

00000000
00011011
00001111
00001111
00000100
00000100
00000100
00000000

00000000
00000000
01110000
00110000
00000000
00000000
00000000
00000000
