00000000000000000000000000000000
00000000000100000000000000000000
00000000000000000000100000000000
00000100000000000000000000000000
00000001000000000000000000010001
00000000000000100000000000000100
00010000000000000000000000000000
00000000000000010000000000010000
00001000000000100000000000000000
00000000000000000000000000000000
00100000000000000000000001000000
00000000000000000000000000000000
00000000000000100000000000000000
00000000000000000000000000000000
00000000000000000000000000000000
00000000000001010000000000000000
10000000000000000000000000000000
00000000000000000000000001000000
00000000000000000000001000000100
10000000000001000000000000000000
00001000000000000000000000000001
00000000000000000000000100000000
00000000000000000000001010000000
00000000100000000001000000000000
01000000010000010000000000000000
00000000000000000100000000000000
00000000000000000000000100000000
00000000000000000000000000000000
00000000000000001000000000000000
00000000000000000000000000000000
00000000000000001010000000000000
00000000000000000000000000000000

251
11111000
11100000
11110000
11010000
00000000
00000000
00000000
00000000

00000000
00000000
00000000
00000010
00011010
00001010
00001110
00001111

00000000
00000000
00100000
11100000
01110000
00110000
00100000
00110000

00000000
00000000
00000110
00000100
00001100
00100100
00111110
00100111

00000000
01000000
01000000
00000000
00000000
00000000
00000000
00000000

00001000
00001000
00011110
00110100
00110000
00000000
00000000
00000000

10000000
10000000
11110000
11110000
01110000
00010000
00000000
00000000

00000000
00000000
00000000
00000000
00000000
00000000
00001000
00000000

00000000
00000000
00000000
10000000
10000000
11000000
11100000
11100000

00000000
00000000
11100000
11110000
10100000
00000000
00000000
00000000

00000000
00000001
00000111
00000111
00011111
00001100
00000100
00000000

00000000
00000000
00011000
00001110
00000010
00000000
00000000
00000000

00000000
00000000
00000000
11000000
11110000
11100000
01000000
00000000

11111000
11100000
11000000
11000000
01100000
01000000
00000000
00000000

00000000
00000000
00000000
00000000
01101010
00111110
00010100
00010100

00000000
00000000
00000000
00000111
00000010
00000000
00000000
00000000

00000000
00000010
00000111
00000110
00000000
00000000
00000000
00000000

00000000
00000000
00000000
00000000
00010000
01111000
11110000
00100000

00000000
00000110
00000100
00000000
00000000
00000000
00000000
00000000

00000000
00000000
00011101
00001111
00111110
00001000
00001000
00000000

00000000
00000000
00000000
00000000
00000000
00101000
00111100
01111000

11100000
11110000
11100000
11100000
10000000
00000000
00000000
00000000

00000000
00000000
00000001
00000011
00000011
00000001
00000000
00000000

00000000
00000000
00000000
00000010
00000011
00000110
00000110
00000000

00000000
00000000
00000000
00000000
00000000
00000111
00000101
00000000

00000000
00000000
00000000
00000000
00000000
00000100
00011110
00111110

00100000
11100000
11110000
00110000
00110000
00000000
00000000
00000000

00000000
00000000
00000000
00000010
00011111
00011111
00001110
00000010

00000100
00000110
00000110
00000100
00000000
00000000
00000000
00000000

00011000
01111000
11001100
01000000
00000000
00000000
00000000
00000000

00000001
00000011
00000111
00000111
00000011
00000000
00000000
00000000

00000000
01000000
11000000
11110000
00000000
00000000
00000000
00000000

00000001
00000011
00000010
00000000
00000000
00000000
00000000
00000000

00000000
00010000
00000000
00000000
00000000
00000000
00000000
00000000

00010000
00011100
00111110
00011000
00001000
00000000
00000000
00000000

00000000
00000000
00000100
00001100
00111110
00001000
00000000
00000000

11111100
11110110
10100000
00000000
00000000
00000000
00000000
00000000

00000000
00000000
00000000
00000000
00000000
00100100
00111100
01110000

00000000
00000000
00000000
00000000
00000000
00000000
00000000
00000111

00001111
00001111
00001111
00000100
00000100
00000000
00000000
00000000

00000000
00000000
00000000
00001000
00001100
00011110
00000100
00000000

00000000
00000000
00000000
10000000
10000000
11100000
11100000
11110000

11111100
01111100
00001111
00000000
00000000
00000000
00000000
00000000

00000000
00000001
00000011
00000111
00000111
00011111
00001000
00000000

00000011
00000011
00000011
00000001
00000000
00000000
00000000
00000000

00000000
00000000
00000000
00000000
00000000
00000000
00000000
00001000

01000000
01110000
11110000
11110000
11100000
00000000
00000000
00000000

00000100
00011101
00111111
00000111
00000000
00000000
00000000
00000000

00000000
00000000
01000000
00000000
00000000
00000000
00000000
00000000

00000000
00000000
00000000
00000000
00000000
00011000
00000000
00000000

00000011
00000001
00000011
00000011
00000011
00000111
00001101
00000100

00000000
00000000
00000010
00000000
00000000
00000000
00000000
00000000

00001000
00001100
00000100
00000100
00000110
00001110
00000110
00000000

11000000
11100000
11000000
11000000
00000000
00000000
00000000
00000000

00000000
00000000
01100000
00000000
00000000
00000000
00000000
00000000

00000000
00000000
00000000
00111000
00110000
01110000
00110000
01111000

00000110
00000010
00000000
00000000
00000000
00000000
00000000
00000000

00110000
11100000
11111000
01100000
00000000
00000000
00000000
00000000

00000000
00000000
00000000
00000000
00000000
00100000
00100000
00100000

11110000
10000000
10000000
00000000
00000000
00000000
00000000
00000000

00000000
00000000
10000000
11110000
11010000
11000000
11100000
11100000

00111000
00101000
00100000
00000000
00000000
00000000
00000000
00000000

00000000
00000000
00000000
00000000
00000000
00000000
00100000
01100000

00000000
00000010
00000010
00001110
00000100
00001110
00001110
00001111

00001110
00000010
00000000
00000000
00000000
00000000
00000000
00000000

00000000
00000000
00000011
00000011
00000001
00000011
00000001
00000011

00000000
00000000
00100000
00100100
01101110
01111110
00010000
00010000

00000000
00000000
00000011
00000000
00000000
00000000
00000000
00000000

00100000
01111000
00000000
00000000
00000000
00000000
00000000
00000000

00000000
00000000
00000000
00000000
00001100
00000000
00000000
00000000

00000000
00000000
00000100
00000110
00000010
00000000
00000000
00000000

00000000
00000000
00110000
01110000
01110000
11000000
11000000
10000000

00000000
01011000
01111000
00011000
00010000
00000000
00000000
00000000

00000000
00000000
00001110
00111111
00111110
00010000
00010000
00000000

00000000
00000000
00000000
01100000
00000000
00000000
00000000
00000000

10000000
11000000
01000000
00000000
00000000
00000000
00000000
00000000

00000000
00000000
00000000
00000000
00000000
00001000
00001100
00001000

11111100
11111100
00110000
00000000
00000000
00000000
00000000
00000000

00000000
00000000
01100000
00100000
01111000
00101110
00001110
00001000

00000000
00000000
00000000
00000000
00000000
00011000
00111100
01100000

00000000
00000000
00000000
00000000
00110000
01100000
00111110
01111110

01000000
01000000
00000000
00000000
00000000
00000000
00000000
00000000

00000000
00000000
00001000
00000000
00000000
00000000
00000000
00000000

00000000
00000000
00000000
00000001
00000001
00001111
00111110
00010010

00000000
00000000
00000000
01000000
01100000
11100000
11110000
11110000

00000000
00000000
00000000
00000000
00000000
00000000
00010000
00111000

00000000
00000000
00000000
00000000
00000000
00000000
00001110
00000100

00000000
00000000
00000000
00000001
00000111
00000100
00000000
00000000

00000111
00000011
00001111
00000111
00000011
00000010
00000010
00000000

00000000
00000000
00000000
00000000
00000000
00011000
00001010
00011110

00000000
00001101
00000111
00000001
00000001
00000000
00000000
00000000

00000001
00111111
00011111
00001000
00000000
00000000
00000000
00000000

00000000
00000000
00000000
00000000
00000000
00000000
01100000
11111000

00000000
00010000
11110000
01100000
01110000
11100000
10100000
00000000

11100000
10000000
10000000
10000000
00000000
00000000
00000000
00000000

01100000
01000000
11100000
11111000
00110000
00110000
00000000
00000000

00000000
00000000
00000000
01100000
11110000
11111100
01100000
01000000

11111100
11110100
11000000
11000000
01000000
00000000
00000000
00000000

00000000
11000000
01110000
01110000
00100000
11110000
00010000
00000000

00000000
00000000
00000000
00000000
00000000
00000110
00000111
00000000

00000000
00000000
00000000
00000000
00000000
01000000
11000000
00000000

00000010
00000010
00000010
00000011
00000000
00000000
00000000
00000000

11111000
01110000
01111000
00000000
00000000
00000000
00000000
00000000

00000000
00000000
00000000
11000000
01000000
00000000
00000000
00000000

11100000
01100000
00000000
00000000
00000000
00000000
00000000
00000000

01000000
01110000
00010000
00011000
00011000
00000000
00000000
00000000

00000000
00000000
00000000
00000010
00000010
00001110
00000011
00000011

00000000
00110000
11100000
00000000
00000000
00000000
00000000
00000000

00000000
00000000
00000000
10000000
10100000
11100000
10000000
10000000

00000000
00000000
00000000
00000000
01110000
00011000
00111110
00011111

00000000
00000000
00000100
00000100
00000100
00000000
00000000
00000000

00000000
00000000
00000000
00100000
00110010
01111110
00000110
00000100

11000000
10000000
11100000
01000000
00000000
00000000
00000000
00000000

00000000
00000000
00000000
00000000
00000000
00011000
00011000
00000000

00000000
00000000
00000000
00001000
00000000
00000000
00000000
00000000

00000011
00000110
00000110
00011111
00001111
00000010
00000000
00000000

00000000
00000000
00000010
00011111
00001111
00000111
00000001
00000001

00000000
00000000
00000000
00100000
01110000
00100000
00100000
00000000

00000000
00000001
00000001
00000111
00000001
00000111
00000111
00000000

00000000
00000000
00000000
00000000
00000000
01000000
01000000
01000000

11111100
00111000
00111000
00011000
00001000
00000000
00000000
00000000

00000000
00000000
00000110
00000110
00011110
01110110
00010000
00000000

00000000
00000000
00000000
00111100
00111000
11110000
00100000
00000000

00000000
00000000
00001100
00001110
00011111
00001000
00000000
00000000

11100000
11000000
11110000
00110000
00000000
00000000
00000000
00000000

00000000
00000000
00000000
00000000
01110000
01100000
00110000
11111110

00000000
00000000
00000000
00000000
00100000
00100000
01111100
11111100

00000000
00000000
00000000
00000000
00000000
00000110
00001100
00001111

00100000
00100000
00110000
11111000
10100000
00000000
00000000
00000000

00000000
00111100
00001000
00000000
00000000
00000000
00000000
00000000

11000000
11111000
11110000
01100000
00000000
00000000
00000000
00000000

00000000
00000000
11000000
11110000
11110000
01111000
00000000
00000000

00000000
00000000
00000000
10000000
11110000
00100000
11111000
11111000

00000000
00000000
00000000
00000000
00000000
00000010
00000000
00000000

00000000
00000000
00000000
01000000
00000000
00000000
00000000
00000000

00000000
00000000
00000000
00000000
00100000
01110000
11111000
11110000

00011100
11110110
00010100
00000100
00000000
00000000
00000000
00000000

00000000
10000000
00000000
00000000
00000000
00000000
00000000
00000000

00000000
00000000
00000000
00000000
10001000
10001000
11101000
11111100

00000001
00000111
00000011
00000111
00001101
00000000
00000000
00000000

01110000
00011000
00000000
00000000
00000000
00000000
00000000
00000000

00000000
00000000
00000000
01000000
01100000
01110000
00100000
00000000

00000000
00000000
00000000
00010000
00111000
00011000
00011000
00011000

00000000
10000000
10000000
11000000
11000000
10000000
00000000
00000000

00000011
00001111
00000111
00000011
00000001
00000000
00000000
00000000

00111111
00111100
00011100
00011000
00000000
00000000
00000000
00000000

00000000
00000000
00000000
00000000
00000000
00000000
00011000
00010000

00000000
00000000
00000000
00000000
00011011
00011111
00001110
00000000

00011000
00000000
00000000
00000000
00000000
00000000
00000000
00000000

00000000
00000000
00000000
00000000
00001111
00001010
00000000
00000000

00000000
11110000
11110000
11111000
10010000
00000000
00000000
00000000

00000000
00000000
00010000
00000000
00000000
00000000
00000000
00000000

00000000
00000000
10000000
10000000
11000000
11000000
11000000
00000000

00000111
00111111
00011111
00010000
00000000
00000000
00000000
00000000

00000000
00000000
00000000
00000000
00000000
10000000
11000000
10000000

01100000
01000000
01000000
01000000
00000000
00000000
00000000
00000000

00000000
00000000
10000000
11100000
11110000
11100000
11110000
00100000

00000000
00000000
00001000
00111000
00001000
00000000
00000000
00000000

00000000
00000000
00000000
00000000
00000000
00000000
00000000
11111100

10000000
11000000
11100000
01000000
00000000
00000000
00000000
00000000

00000000
00000000
00000000
10000000
11000000
11110000
11110000
11110000

00000000
00000000
00000000
00001000
00001110
00000000
00000000
00000000

00000000
00011100
00000000
00000000
00000000
00000000
00000000
00000000

00000000
00000000
00000000
00000000
00000000
01111000
01000000
00000000

00000000
00000000
00000000
00000000
00000110
00001111
00011111
00001111

00000000
00000000
00000000
00000100
00000111
00000111
00011110
00001110

00000000
00000000
00000001
00000011
00000001
00000001
00000001
00000000

00000000
00000000
00000000
00010000
00111100
00000000
00000000
00000000

01001000
01111000
11011000
00010000
00000000
00000000
00000000
00000000

00000111
00011111
00011110
00001110
00001000
00000000
00000000
00000000

00000000
00000000
00000000
00000000
01000000
01100000
11110000
11111100

00000000
00000000
00000000
00110000
01100000
00000000
00000000
00000000

00000000
00000000
00000000
00000000
00000000
00001111
00001111
00001111

00001111
00000111
00000001
00000011
00000001
00000000
00000000
00000000

00000000
00000000
00000100
00000100
00000000
00000000
00000000
00000000

00000000
00000000
00000101
00000111
00000110
00000010
00000000
00000000

00100000
10100000
11110000
11111000
00110000
00000000
00000000
00000000

00000000
00000000
00000110
00000100
00000000
00000000
00000000
00000000

00000000
01000000
01101100
00111110
00101100
00000000
00000000
00000000

00000000
00000000
00000000
00000000
00010000
00011000
00111110
00011111

00001111
00011001
00111100
00000000
00000000
00000000
00000000
00000000

11110000
11110000
11000000
00000000
00000000
00000000
00000000
00000000

11100000
10000000
11000000
11000000
01000000
01000000
00000000
00000000

00000000
00000000
00000111
00000001
00000111
00000011
00000011
00000000

00000000
00000000
00000000
00000000
00010000
01111110
00011111
00011100

00000000
00000000
00001100
00011100
00110000
00000000
00000000
00000000

00000000
00000000
00000000
00000000
00000000
00000000
00111000
00111111

00000000
00000000
00000000
00000000
00010000
00011110
00011000
00000000

00111110
00111110
00010000
00010000
00000000
00000000
00000000
00000000

00000000
00000000
00000000
00000000
00000000
00000000
00000100
00000000

00001000
00011000
00001000
00011000
00111110
00010110
00000010
00000000

00000000
00000000
00000000
00000000
00000000
11100000
00000000
00000000

00111111
00101111
00000110
00000100
00000000
00000000
00000000
00000000

00000000
00000000
00000000
00000000
00000000
01101000
11111000
11111110

00000000
00000000
00000000
00000000
10010000
11111000
11110000
11100000

00001000
00001110
00001110
00011100
00000000
00000000
00000000
00000000

00000000
00000000
00000000
00000000
00011010
01111110
11110000
00000000

00000000
00000000
01000000
11000000
01000000
01100000
00000000
00000000

00000000
00000000
00000000
00111100
00011110
00000000
00000000
00000000

00000000
00000000
00000000
00110000
00110001
00011111
00011110
00000100

00000000
00000000
00000000
00100000
00110000
00010000
00000000
00000000

00000000
00000000
00000000
00000000
00001110
00000011
00000011
00000000

00000000
00000000
00000000
00011000
00111000
00001100
00011100
00001000

00000000
00000011
00000110
00001110
00000000
00000000
00000000
00000000

11000000
11100000
11110000
10000000
00000000
00000000
00000000
00000000

00000000
00000000
00000000
00000000
00000000
10000000
10000000
00000000

00000000
00000000
00000000
00000000
00000111
00000001
00000001
00000000

00000000
00000000
00000000
00111000
00111100
00111000
00011000
00001110

01111000
00110000
00100000
00100000
00000000
00000000
00000000
00000000

00000000
00000000
00000000
00001000
00001000
00001000
00001100
00001100

00000000
00001000
00001000
00001100
00011111
00110010
00100010
00000000

00000000
00000000
00000000
00000000
00000001
00000001
00000000
00000000

11100000
11000000
11000000
00000000
00000000
00000000
00000000
00000000

00000000
00010000
00000000
00000000
00000000
00000000
00000000
00000000

00000000
01100000
01110000
11110000
00000000
00000000
00000000
00000000

00000000
00000000
00000000
00000000
00000011
00000000
00000000
00000000

00000100
00000000
00000000
00000000
00000000
00000000
00000000
00000000

00000110
00000100
00001110
00000010
00000000
00000000
00000000
00000000

11110000
10111000
10000000
00000000
00000000
00000000
00000000
00000000

00000001
00000001
00000001
00000011
00000000
00000000
00000000
00000000

11100000
11100000
10100000
10000000
10000000
00000000
00000000
00000000

00000000
00000000
00000000
00000000
00000110
00000100
00001100
00001110

00000000
00000000
00000000
11100000
00000000
00000000
00000000
00000000

00001111
00111111
00000100
00001100
00000110
00000000
00000000
00000000

00000000
00000000
00000000
00100000
00100000
01100000
00000000
00000000

00000000
00100000
00000000
00000000
00000000
00000000
00000000
00000000

00000000
00000000
00000000
00001111
00000010
00000000
00000000
00000000

00000000
11000000
01110000
01000000
00000000
00000000
00000000
00000000

11000000
11000000
11000000
10000000
10000000
00000000
00000000
00000000

00000000
00000000
00000000
00001000
00011000
00011100
01111000
01111110

00001000
00111000
00010000
00000000
00000000
00000000
00000000
00000000

00000000
00000000
00000000
00000000
00001000
00011000
00011111
00011111

00000000
00000000
00000000
00000000
00000000
00000000
00110000
00000000

11100000
11100000
10000000
10000000
00000000
00000000
00000000
00000000

01111000
00111100
00011110
00001100
00011000
00000000
00000000
00000000

00000000
00000000
00000000
00000000
00000000
00000000
01000000
01000000

11111000
11110000
11110000
10000000
10000000
00000000
00000000
00000000

00000000
00000000
00111000
00001100
00001000
00000000
00000000
00000000

00000000
00000000
00010000
00111100
01110000
11110000
11100000
10000000

00001100
00001000
00011000
00011000
00001100
00011000
00011000
00000000

00000000
00000000
00011111
00001111
00011111
00000010
00000000
00000000

00000000
00000000
00000011
00000011
00010111
00011111
00000101
00000001

00000000
01100000
11100000
11000000
11000000
00000000
00000000
00000000

00000000
00000000
00000000
00000000
01000000
11000000
00000000
00000000

00000000
00000000
00000000
00000000
00000000
00000100
00001111
00011111

00000000
00000000
00000000
00000000
00000000
00000111
00000001
00000000

00000000
00001111
00000100
00001111
00000010
00000010
00000000
00000000

11000000
11100000
01100000
00000000
00000000
00000000
00000000
00000000

00000000
00000010
00000111
00000000
00000000
00000000
00000000
00000000

00000000
00000000
00000000
01000000
01100000
01100000
00111000
00111000

00000000
00000000
00000001
00000001
00000000
00000000
00000000
00000000
