00000000000000000010000000000011
00000000000000000000100000000011
00000010010000000000000000100111
00000000000000000000000000000011
10000000000000000000000000010011
00001000000000100000101000000011
00000000000000000000000000000011
00000000000010000000000000010011
00000000010001000000000100000011
00000000010101000000000000000011
00000010000000000000000000100011
00000000000000001100000000010011
00000000000000000000000000000011
00000000010000000100010000000011
00000000000000000000000001000011
00000000000000000000000000000011
01000000000000000000000000000011
01000001001000000000000000000011
00000000000001000000000000000011
00000000000000000000000000000011
00000000100000000000000000000011
00000000000000000000000000000011
00000000001000000000000000000011
11111111111111111111111111111111
11111111111111111111111111111111
11111111111111111111111111111111
11111111111111111111111111111111
11111111111111111111111111111111
11111111111111111111111111111111
11111111111111111111111111111111
11111111111111111111111111111111
11111111111111111111111111111111

9
00000000
01100000
11001000
11111000
11011000
01000000
01000000
00000000

00000000
00000000
00000000
00000000
00000100
00000111
00000011
00000011

00000000
00000000
00000000
00000000
00000000
00000000
00000000
11000000

00000000
00000000
00000000
01000000
01100000
01111100
01100000
00000000

00000000
00000000
00000000
00000000
00011000
00011100
00001100
00001000

00111000
00001110
00001100
00000000
00000000
00000000
00000000
00000000

00000000
00010000
00011000
00111000
00111100
00101100
00100000
00000000

00000000
00000000
00000000
00000000
00000000
00010000
00110000
00010000

00000000
00000000
00000000
00100000
01100000
00100000
01110000
00100000
