00000000000000000000000000001111
00000000000000000100000000001111
00000000000000000000000010001111
00000000000000000000010000001111
00000000000000000000100000001111
10000000000000001000000000001111
00000100000000000000000000001111
01000000000000000000000000001111
01000000000000000000000000001111
00000000000000000000000000001111
00000000000000000000000000001111
00000000000000000000000000001111
00000000000000000000000000001111
00000000000000000000000000001111
00000000000000000000000000001111
00000000010000000000000000001111
00000000000000000010000000001111
01000000000000000000000000001111
00000000000000000000000000001111
00000000000100010000000000001111
00000000000000000000000000001111
00000000000000000000000000001111
00000000001000000000000010001111
00000000000000000000000000001111
00000000000000010000000001001111
00000001000000000000000000001111
11111111111111111111111111111111
11111111111111111111111111111111
11111111111111111111111111111111
11111111111111111111111111111111
11111111111111111111111111111111
11111111111111111111111111111111

125
00000000
00000000
00000000
00000000
00000000
00110000
00000000
00000000

00000111
00011111
00000111
00000011
00000110
00000100
00000000
00000000

00000000
00000001
00000001
00000111
00000111
00001111
00000011
00000011

00001100
00001110
00000100
00001100
00001100
00000000
00000000
00000000

00000000
00000000
00000000
00000000
00000000
00000000
00001100
00001110

00000000
00000000
00000000
00000000
00110000
00010000
00011110
01111100

00001111
00000111
00000101
00000001
00000000
00000000
00000000
00000000

00000000
00000000
00011100
01010000
01110000
11110000
01011000
00000000

00000000
00000000
00000000
00000000
00000000
00000000
11100000
11000000

11111000
11101000
01000000
01100000
11100000
00100000
00000000
00000000

00000000
00010000
00011000
00011100
00001110
00000100
00000100
00000000

00111000
11111000
10111100
00100000
00100000
00100000
00000000
00000000

00000000
00000000
00100000
01110000
11111000
01011000
00011000
00000000

00000000
00000010
00000010
00000000
00000000
00000000
00000000
00000000

01111100
00001100
00011100
00000000
00000000
00000000
00000000
00000000

00000000
00000000
00000110
00101100
01111100
00000000
00000000
00000000

00000000
00000000
00001000
00001000
00001100
00000000
00000000
00000000

00000000
01011000
01110000
11110000
01110000
00000000
00000000
00000000

00000000
00000000
00001000
00001010
00011110
00011100
00000000
00000000

00000000
00000000
00000000
00000010
00000110
00000111
00001111
00011111

00001100
00000000
00000000
00000000
00000000
00000000
00000000
00000000

00000000
00000000
00000000
00011010
00011111
00000010
00000110
00000010

00111110
00111000
00100000
00110000
00000000
00000000
00000000
00000000

00000000
00000000
00000000
00000010
00000000
00000000
00000000
00000000

00111100
00001111
00000100
00001111
00000010
00000010
00000000
00000000

00011111
00011110
00111100
00000000
00000000
00000000
00000000
00000000

00000000
00000000
00000000
00000000
01100000
11000000
11100000
00000000

00000000
00000000
00000000
00000001
00000101
00001111
00001011
00000000

00000000
00000000
00000001
00000001
00000000
00000000
00000000
00000000

00000000
00000000
00000010
00000011
00000011
00111110
00001000
00000000

10000000
10000000
11110000
00110000
00100000
00000000
00000000
00000000

00000000
00000000
00000000
00001000
00001101
00011111
00001111
00000111

00100000
00110000
00000000
00000000
00000000
00000000
00000000
00000000

00000000
00000000
00000000
00000000
00010000
00110000
00110000
01100000

00000000
00000010
00000010
00000011
00000010
00000000
00000000
00000000

00000000
00000110
00000100
00000110
00000110
00001100
00000100
00000100

00000000
00000000
00000001
00000001
00000111
00000000
00000000
00000000

00000000
00000000
00000110
00000110
00001110
00000000
00000000
00000000

00000000
00000000
00000000
00100000
00101000
00111000
00111100
01111000

00000000
00000000
00010000
00011100
00111100
00011100
00010000
00000000

00000000
00000000
00000000
00000000
01100000
00000000
00000000
00000000

00000000
00000000
00000000
10000000
11110000
11000000
11100000
11100000

00000000
00000000
00000001
00000011
00000011
00000011
00000011
00000000

00000000
00000000
00000000
00000000
00000000
00000010
00000010
00000000

00000000
00000000
00000000
00000000
00000000
00000000
11100000
11000000

00110000
11110000
11100000
11000000
00000000
00000000
00000000
00000000

00000110
00000010
00000000
00000000
00000000
00000000
00000000
00000000

00000000
11000000
11111000
10001000
10000000
10000000
00000000
00000000

00000011
00000110
00001110
00001100
00000110
00000110
00000100
00000000

00000000
01000000
01000000
11100000
11100000
11000000
11000000
00000000

00000000
00000000
00000000
00000000
00000000
00000000
00110000
00000000

00000000
00000000
00000000
00000000
00000000
00000000
00110110
00011111

00000000
00000000
00000010
00000011
00000000
00000000
00000000
00000000

00000000
00000001
00000001
00000011
00000000
00000000
00000000
00000000

00000000
00000000
00000000
00000000
00000000
00000111
00000001
00000000

00000000
00000000
00000000
00000000
00000000
00011000
00001000
00000000

00000000
00000000
00000000
00001000
00001000
00000000
00000000
00000000

00000000
00000011
00010111
00011111
00001111
00000001
00000000
00000000

00000000
00000000
01000000
01000000
00000000
00000000
00000000
00000000

00000000
00100000
00110000
00100000
00101000
01111100
00110000
00000000

00000000
00000000
00000000
11000000
11000000
00000000
00000000
00000000

00011100
00001000
00001000
00001000
00000000
00000000
00000000
00000000

00000000
00000000
00000110
00000000
00000000
00000000
00000000
00000000

00000010
00000110
00000010
00000000
00000000
00000000
00000000
00000000

00000000
00000000
00000000
00000010
00000000
00000000
00000000
00000000

00000000
10000000
11000000
11100000
10000000
11100000
10000000
00000000

00000000
00000000
00000000
11100000
11100000
11100000
01110000
01000000

00000000
00000000
00000000
11110000
11100000
10000000
00000000
00000000

00000000
00000000
00000000
11000000
01100000
00000000
00000000
00000000

00000000
00000000
00000000
00000000
00011000
00001000
00001100
00011100

00000000
00000000
00000000
00000000
00010010
00011111
00010010
00010000

00000000
00000000
00000000
01000000
11100000
00000000
00000000
00000000

11100000
11100000
11110000
11000000
00000000
00000000
00000000
00000000

00000000
00000000
00000001
00000001
00000011
00000011
00000011
00000000

00000000
00000000
00000000
10000000
11000000
00000000
00000000
00000000

00011100
00011110
01111110
01010100
00000000
00000000
00000000
00000000

11110000
00110000
00110000
01110000
00110000
00000000
00000000
00000000

00011111
00001111
00001101
00001100
00001000
00000000
00000000
00000000

00010000
00010011
00011111
00001011
00001000
00000000
00000000
00000000

00000000
00000000
00000000
00001100
00001000
00001000
00111000
00000000

00000000
00000000
00000000
00000000
00001000
00001000
00011000
00011000

00000000
00000001
00000011
00000111
00000001
00000000
00000000
00000000

11110000
01000000
01000000
00000000
00000000
00000000
00000000
00000000

00000000
00000000
00000100
00001100
00001100
00000000
00000000
00000000

00000000
10000000
10000000
10000000
11000000
10000000
10100000
11100000

00000000
00000000
00000000
00000000
00000000
00100000
11111000
11001000

00000000
00000000
00000000
00000000
00011000
00001000
00000000
00000000

00000001
00000000
00000000
00000000
00000000
00000000
00000000
00000000

00000000
00000000
01000000
01000000
00000000
00000000
00000000
00000000

00000000
00000000
00000000
00000000
00000000
00000000
00110000
00111000

00011110
00111100
00000000
00000000
00000000
00000000
00000000
00000000

00000000
00000000
00000000
00000000
00001010
00001110
00000000
00000000

00000000
01000000
00000000
00000000
00000000
00000000
00000000
00000000

00000000
00000000
00000000
00000000
00000000
00100000
00100000
01110000

00000111
00000010
00000010
00000000
00000000
00000000
00000000
00000000

00000000
00000000
01000000
11110000
11100000
11110000
10000000
10000000

00000000
00000000
00000000
00001000
00001110
00011111
00001111
00000111

00000000
00000000
00000000
00000001
00000001
00000000
00000000
00000000

00000000
00000000
00000000
00100000
00100000
00100000
00000000
00000000

00000000
00000000
00000000
00000000
11110000
11100000
00000000
00000000

00000000
00000000
00000000
00000001
00000011
00000111
00000011
00001111

00011111
00010000
00110000
00000000
00000000
00000000
00000000
00000000

00000000
00000000
00110000
00011000
00111110
00001000
00000000
00000000

00001100
00001100
00001000
00001000
00001000
00000000
00000000
00000000

00000000
00000000
00000000
00000101
00011111
00001110
00000100
00000100

00000000
00000000
00000000
00000000
00000000
00000011
00000010
00000010

00000000
00000000
00000000
00000000
11100000
00100000
01110000
00000000

00000000
00000000
00000000
00000000
00000000
01010111
11111110
10001110

11111000
10111000
00010000
00000000
00000000
00000000
00000000
00000000

00000000
00000000
00000000
00000000
00000010
00000011
00000111
00000001

00000000
01100000
11111000
11010000
11000000
01000000
01100000
00000000

00000000
00000000
00000000
00000000
00000000
00100010
00110010
00111110

00000000
00000000
00000000
00000000
00000000
00001000
00011000
01110000

00000000
00000000
00000000
00000000
00000110
00000110
00011111
00001111

00000001
00000011
00111111
00000111
00000101
00000000
00000000
00000000

11111100
01111100
00111000
00000000
00000000
00000000
00000000
00000000

00000000
00000000
00011000
01111000
01010000
00000000
00000000
00000000

00000000
00000000
00000000
00000000
00000000
00000000
01111000
11111000

00000000
00000000
00000000
00000000
10000000
11100000
11000000
11110000

00001110
00001110
00000000
00000000
00000000
00000000
00000000
00000000

00000000
01100000
11000000
11110000
11100000
10000000
10000000
00000000

11100000
11000000
11100000
00000000
00000000
00000000
00000000
00000000

00000000
00000000
00000000
00000000
00000000
00000100
00000000
00000000

00000000
00000000
00000000
00000000
00000000
10000000
10000000
00000000

00000000
00000000
00000000
00000100
00000111
00000011
00000000
00000000
