00000000000000000000111111111111
00000000000000000000111111111111
00000000000000000000111111111111
00000000000000000000111111111111
00000000000001000000111111111111
00000000000000000000111111111111
00000000000000000000111111111111
00001000000000000000111111111111
00000000000000000000111111111111
00000000000000000000111111111111
00000000000000000000111111111111
00000000000000000000111111111111
00000000000000000000111111111111
00000000000000000000111111111111
00000000000000000000111111111111
00000000000000000000111111111111
00000000000000000000111111111111
00000000000000000000111111111111
00000000000000000000111111111111
00000000000000000000111111111111
00000000000000000000111111111111
00000000000000000000111111111111
00000000000000000000111111111111
00000000000000000000111111111111
00000000000000000000111111111111
00000000000000000000111111111111
00000000000000000000111111111111
00000000000000000000111111111111
00000000000000000000111111111111
00000000000000000000111111111111
11111111111111111111111111111111
11111111111111111111111111111111

17
00000000
00000111
00100100
00111111
00001011
00000000
00000000
00000000

00011111
00001111
00000110
00001100
00000000
00000000
00000000
00000000

00000000
00000000
00000000
00111000
00110000
00000000
00000000
00000000

00000000
00000000
00000000
00011100
00000000
00000000
00000000
00000000

00001100
00001000
00000000
00000000
00000000
00000000
00000000
00000000

00000000
10000000
11000000
11000000
10000000
10000000
00000000
00000000

00111110
01111110
00010000
00010000
00010000
00000000
00000000
00000000

00111100
01111000
01011000
00000000
00000000
00000000
00000000
00000000

00000000
00000000
00000000
00000000
00000110
00000000
00000000
00000000

00000000
00000000
00000110
00001100
00011100
00000110
00000000
00000000

00000000
00001000
00001000
00001101
00001111
00000111
00000011
00000001

00000000
00000000
00000000
00000000
00000000
00110000
11111101
00001111

00000100
00000111
00000111
00000000
00000000
00000000
00000000
00000000

00000000
00000000
00000000
00000111
00000011
00000000
00000000
00000000

00111110
00000110
00000010
00000010
00000000
00000000
00000000
00000000

00000010
00000010
00000000
00000000
00000000
00000000
00000000
00000000

00000000
00000000
00000000
00000000
00000000
00100000
00110000
00100000
