00010000000000000000000011111111
00000000000000000000000011111111
00010011000000000000000001111111
00000000000100000000000001111111
00000000000000000010000001111111
00000000000000000000000001111111
00000000100101000000000001111111
01000000000000100000000001111111
00100000000000000001000001111111
00000001000100000001000001111111
00000000000000001000000001111111
00000000000000000000000011111111
00000000000000000000000001111111
00000000000000000000000001111111
00000100000000100000000011111111
10000000000000000000000001111111
00100010000000000000000001111111
00000000000000000000000001111111
10100000000000100100000001111111
00000000000000000000000001111111
00000000010000000000000001111111
00000000000000000000000001111111
00000000000000000001100001111111
00000000000010100000000001111111
10000000000010100001000001111111
11111111111111111111111111111111
11111111111111111111111111111111
11111111111111111111111111111111
11111111111111111111111111111111
11111111111111111111111111111111
11111111111111111111111111111111
11111111111111111111111111111111

193
00000000
00000000
00010000
00010000
00110000
11110000
01000000
00000000

00000000
00000000
00000000
00000000
00000000
00011100
00011000
00001110

00000000
00011000
00111110
00010100
00000110
00000000
00000000
00000000

00000000
11000000
11000000
10000000
11000000
10000000
10000000
10000000

00000001
00000011
00000011
00000001
00000001
00000000
00000000
00000000

00000000
00000000
00000000
00000000
00000000
00000000
00000000
00100000

00000000
00000000
00000011
00001111
00001110
00000000
00000000
00000000

00000000
00000000
00000000
00000000
00000000
00111000
00111010
00111111

00000000
00000000
00000000
00000000
00000100
00011101
00111111
00011111

00000000
10110000
11111000
11100000
11110000
10000000
00000000
00000000

00000000
00000000
00000000
00000000
00000000
00000000
00000010
00000000

00000001
00000001
00000000
00000000
00000000
00000000
00000000
00000000

00000000
00000000
01100000
01110000
01100000
01100000
00000000
00000000

00000000
00000000
00000000
00000000
00001111
00000000
00000000
00000000

11111000
11110000
10100000
00000000
00000000
00000000
00000000
00000000

00000000
00000000
00000000
00000000
00000000
00000000
11110000
11110000

11100000
10100000
10000000
00000000
00000000
00000000
00000000
00000000

00000000
00000000
00000000
00000000
00000000
11000000
11000000
00000000

00000000
00000000
00000000
00000000
11000000
11000000
01000000
00000000

11100000
11101000
11111000
00001000
00000000
00000000
00000000
00000000

00010000
00011000
00011000
00000000
00000000
00000000
00000000
00000000

11100000
10110000
00100000
00000000
00000000
00000000
00000000
00000000

00000001
00000011
00000011
00000011
00000011
00000010
00000000
00000000

00000000
00000000
10011100
11010000
11110000
11110000
01000000
00000000

00000000
00000000
01000000
01100000
11100000
10100000
10000000
00000000

11100000
01100000
00000000
00000000
00000000
00000000
00000000
00000000

00000000
00000000
00000000
00000000
00000000
00000000
00000110
00000010

00000011
00000001
00000111
00000111
00000011
00000000
00000000
00000000

00000000
00000000
00000000
00000000
00110000
00111000
00111000
00010000

00000000
00000000
00000000
00000000
00100000
00100000
10100000
11110000

00000000
00001100
00000000
00000000
00000000
00000000
00000000
00000000

00000000
00000000
00000000
00000010
00000011
00000010
00000000
00000000

00000000
00000000
00000000
00000000
00000000
10000000
10000000
00000000

00111000
01110000
01110000
00000000
00000000
00000000
00000000
00000000

00000000
00010000
00011100
00000100
00000000
00000000
00000000
00000000

00000000
00000000
00000000
00000000
00000000
01000000
01000000
00000000

00000000
00000000
11100000
11000000
01000000
00000000
00000000
00000000

00001111
00000111
00000101
00000001
00000001
00000011
00000000
00000000

00100000
01100000
01111110
01000000
11000000
11000000
01000000
01000000

00000000
00000000
00000000
00000000
00011100
00011100
00011000
00000000

00000000
00000000
01000000
01100000
00100000
00100000
00000000
00000000

00000000
00000000
00000000
00000000
00000000
00000000
00000001
00000001

10000000
11010000
11111000
11111000
11000000
00000000
00000000
00000000

00000000
00000000
00000000
00000000
11100000
11111000
00100000
00000000

00000000
00000000
00000000
00000000
00001000
00011000
00000000
00000000

00000000
00000000
10000000
10100000
11100000
11110000
00100000
00000000

00000000
10000000
10000000
10000000
00000000
00000000
00000000
00000000

00000000
00000000
00000000
00000000
00000000
00000000
00011000
00000000

00000000
00000000
00000000
00000000
00001000
00001011
00011111
00001111

00000000
01110000
00010110
11011100
01111000
00001000
00000000
00000000

00000000
00000010
00011011
00001111
00001110
00011100
00001000
00000000

00111000
01111100
00001000
00001100
00001000
00000000
00000000
00000000

00000000
00000000
10000000
10000000
11110000
11000000
11000000
10000000

00000000
00000000
11000000
11000000
10000000
10000000
11000000
11000000

00000000
00000000
00000000
01111000
00111000
01110000
00111000
00111000

00000000
10000000
11000000
11000000
01000000
01000000
01000000
00000000

00000000
00000000
00001110
00000110
00000111
00000111
00000000
00000000

00000000
00000000
00000000
00000000
00000111
00001100
00000000
00000000

00011000
00111111
00001110
00001110
00001100
00000000
00000000
00000000

11000000
11100000
11111000
11110000
01000000
00000000
00000000
00000000

00000000
00000000
00000011
00001011
00001111
00000001
00000000
00000000

00000000
00000000
00000000
00000000
00000000
00000110
00110100
11111100

00000000
01000000
11000000
01110000
00011100
00011000
00111000
00000000

00000011
00000000
00000000
00000000
00000000
00000000
00000000
00000000

00000000
00000000
00000000
00000000
00000000
00000000
00000000
00000110

00000000
00000000
00000000
00000000
00100000
11110000
00111000
00110000

01000000
01000000
11000000
11000000
11110000
01000000
01000000
00000000

00000000
00000000
00000000
00000110
00000100
00001110
00000100
00000000

10110000
10110000
11110000
01110000
01100000
00100000
00000000
00000000

00000000
00000000
00000000
00000000
00110000
01100000
00000000
00000000

00000000
00000000
00010111
00011111
00001111
00000000
00000000
00000000

00000000
00000000
00000000
00000000
00111000
11111000
00011000
00111000

00001111
01111010
00100000
00000000
00000000
00000000
00000000
00000000

00000000
00000000
00000000
00000010
00000000
00000000
00000000
00000000

00000000
00000000
00000001
00000000
00000000
00000000
00000000
00000000

00000000
00001000
01001000
01111000
01101000
01100000
11100000
10000000

00000000
00000000
00011000
00011110
00001100
00111100
00000000
00000000

00000000
01000000
11100000
10000000
11000000
11110000
00100000
00000000

00000000
11000000
00000000
00000000
00000000
00000000
00000000
00000000

00000000
00000000
00000000
00000000
00000100
00001100
00011100
00001000

00000000
00000000
00000000
00000000
00000000
01000000
11110000
11100000

00000000
00000000
00000000
00000011
00000011
00000111
00001111
00011111

00011111
00001111
00000011
00000000
00000000
00000000
00000000
00000000

00001100
00000000
00000000
00000000
00000000
00000000
00000000
00000000

00000000
01100100
11111100
11111000
01010000
00000000
00000000
00000000

00000000
00000000
00000000
00000000
00000000
00000000
00000000
10000000

00000000
00000000
00000000
00000000
00000000
00000001
00000111
00000011

00000000
00000000
00000000
00000010
00000011
00000000
00000000
00000000

00000000
00000000
00000000
00000000
10000000
11000000
11110000
11100000

00000000
00000000
00000000
00000001
00001111
00111110
00111100
00110000

00000000
00000000
00110000
11100000
10000000
00000000
00000000
00000000

00000000
00000000
00000000
00010000
01111000
00000000
00000000
00000000

00000000
00000100
01000111
01101111
00111000
00000000
00000000
00000000

00000000
00000000
01000000
11000000
11000000
01000000
01000000
00000000

00000000
00000000
00000000
00000000
00000000
00000000
00000000
01100000

00000000
00000000
00000000
00000000
00010000
00110000
00000000
00000000

11100000
10000000
10000000
10000000
00000000
00000000
00000000
00000000

00000000
00000000
00000000
00000000
01100000
11000000
11100000
11100000

00000000
00000111
00000001
00000000
00000000
00000000
00000000
00000000

00000000
00000000
00000000
00001110
00011111
00001111
00001010
00000000

01000000
01110000
01000000
00000000
00000000
00000000
00000000
00000000

00000000
00000000
00000000
00000000
10000000
11111000
01011100
00011000

00000000
00000000
00000000
00000000
00100100
00101100
00111100
00111000

00100000
00100000
00100000
00000000
00000000
00000000
00000000
00000000

00000000
00000000
00000000
00010110
00011111
00001000
00000000
00000000

11110000
11110000
11011000
11000000
00000000
00000000
00000000
00000000

00000000
00000000
00000000
00110000
00110000
00000000
00000000
00000000

00000000
00000110
00000110
00000111
00000011
00001111
00000000
00000000

00010000
00010000
00011000
00001000
00000000
00000000
00000000
00000000

00000000
00000000
00000111
00000011
00001111
00000111
00000011
00000011

00000000
00000000
00000000
00000011
00000001
00000011
00000111
00000011

00000011
00011111
00001001
00000001
00000001
00000000
00000000
00000000

00000000
00000000
00000000
00000000
00000000
00100000
01110000
00000000

00000000
00000000
00000000
00000100
00001110
00011110
00000110
00000100

00000000
00000000
01100000
11110000
01100000
00100000
01110000
11000000

00000000
00000000
01110110
00111110
00111000
00001000
00000000
00000000

00000000
00000000
00000000
00000000
00000000
00000000
00000100
00011110

11110000
11110000
01100000
00110000
00000000
00000000
00000000
00000000

00000000
00000000
00000000
00000000
00001000
00001110
00000110
00000111

00000000
00000000
00000000
00010000
00010000
00010000
00000000
00000000

00000000
00000000
00000000
00000000
00000000
00001001
00001111
00000111

00000000
00000000
00010000
01110000
00011000
00010000
00000000
00000000

00000000
00000000
00000000
11000000
01110000
00100000
00000000
00000000

00000000
00000000
00000000
00000000
00000100
00011100
00001101
00011111

00110000
00100000
00000000
00000000
00000000
00000000
00000000
00000000

00000000
00000000
00000000
00000000
00000000
00000000
00010000
00111000

00100000
00111110
00110100
00000000
00000000
00000000
00000000
00000000

00000000
00000000
00000000
00000000
01000000
11100000
11000000
00000000

00000000
01100000
00100000
00100000
00000000
00000000
00000000
00000000

00000000
00000000
00000010
00011111
00001110
00001000
00000000
00000000

00000000
00000001
00001111
00000111
00001111
00000000
00000000
00000000

00000000
00000000
00000000
00000000
10000000
00000000
00000000
00000000

00000000
00000000
00000000
00100000
00111000
00100000
00100000
00000000

00000000
00000001
00000001
00000001
00000000
00000000
00000000
00000000

00000000
00000000
00000001
00000111
00000010
00000010
00000000
00000000

10000000
10000000
10000000
10000000
11000000
10000000
10000000
11000000

00011111
00000111
00011100
00011000
00001000
00000000
00000000
00000000

00000000
00000000
00010000
00111000
00011100
00000100
00000000
00000000

00000000
00000000
00000010
00000010
00000000
00000000
00000000
00000000

11110000
11110000
01010000
00010000
00000000
00000000
00000000
00000000

00000000
00000000
00000100
00000100
00001100
00001111
00001011
00000001

00000111
00000111
00000011
00000000
00000000
00000000
00000000
00000000

00000000
10000000
10000000
11110000
00000000
00000000
00000000
00000000

00000000
00000000
00000000
00000000
00000000
11100000
11100000
00100000

00000000
00000000
00000100
00000100
00001100
00000110
00000100
00000000

00000000
00000000
00000000
00000000
00000000
00000000
00000100
00000000

00111100
00101100
00000100
00000000
00000000
00000000
00000000
00000000

00000000
00000000
00000000
00001100
00001100
00001100
00001100
00000100

00000000
00000000
00000000
00000000
01100000
01100000
11100000
00000000

00000000
00000000
00000000
00000000
00000010
00000010
00000011
00000000

00000000
00000000
00000000
00000000
00000000
00000011
00000000
00000000

00000000
00000000
00000000
00000010
00000010
00000000
00000000
00000000

00000000
00000000
00000000
00000111
00000010
00000000
00000000
00000000

00000000
00000000
00000000
00000000
00001111
00001000
00000000
00000000

10000000
10000000
11110000
11110000
11110000
10000000
00000000
00000000

00000000
00000000
11000000
11100000
11100000
10110000
00110000
00000000

00000000
00000000
01000000
01100000
11100000
11000000
11000000
10000000

00000100
00111100
00000000
00000000
00000000
00000000
00000000
00000000

00000000
00000000
00000000
00000000
00100000
00100000
00110000
00110000

00000000
00000000
00000000
00000000
00000100
00001100
00111000
11110000

00011100
00001110
00001110
00000111
00000011
00000000
00000000
00000000

00000000
00000000
00000010
00001011
00011111
00001110
00000000
00000000

00000000
00000000
00000000
01000000
11000000
10000000
10000000
10000000

00000000
00000000
00000000
00000000
00000000
00000100
00000000
00000000

00000011
00000111
00000010
00000010
00000000
00000000
00000000
00000000

00000000
00000000
00000000
00000000
00000001
00000001
00000011
00000000

00001100
00011000
00010000
00000000
00000000
00000000
00000000
00000000

00000000
00000000
00000100
00001110
00000111
00011111
00000110
00000000

01110000
00110000
00111000
00110000
00100000
00000000
00000000
00000000

00000000
00000000
00000000
00000000
00000001
00011111
00000111
00000011

00000000
10100000
11110000
11010000
11000000
10000000
10000000
00000000

00000000
00000000
00000000
00000000
00000000
00000000
10000000
11000000

00011111
00011111
00011011
00000000
00000000
00000000
00000000
00000000

00000000
00000000
00000000
00000000
00010000
10110000
11110000
11100000

00000000
00000000
00000000
00001000
00001000
00000000
00000000
00000000

00000000
00000000
00000000
00000000
00000000
00000010
00000011
00000111

00000000
00000000
00000000
00100000
01110000
00100000
00000000
00000000

00000000
00000000
00000000
10000000
11110000
11100000
01000000
01110000

00000000
00000000
10000000
11000000
11000000
11110000
11000000
10000000

00000000
00000000
00000000
01000000
11000000
11000000
11100000
00000000

00000000
00000000
00000000
00000000
01000000
01100000
11100000
00111100

11000000
11000000
10000000
00000000
00000000
00000000
00000000
00000000

00000000
00000000
00000000
00011000
00011000
00001110
00000110
00000000

00000000
00000000
00000100
00000000
00000000
00000000
00000000
00000000

00000000
00000000
00000000
00000100
00000100
00000000
00000000
00000000

00000000
00100000
00110000
11110000
01110000
01000000
00000000
00000000

11100000
11100000
11000000
00000000
00000000
00000000
00000000
00000000

00000000
00000000
00000000
00000000
00000000
00001000
00000000
00000000

00001100
00000100
00001100
00111100
00000000
00000000
00000000
00000000

11110000
11110000
10011000
10000000
00000000
00000000
00000000
00000000

00011111
00001100
00000110
00001110
00000010
00000010
00000010
00000000

00000000
00000000
00000000
00000000
00000000
01100000
00000000
00000000

00111000
00011101
00111111
00100010
00100000
00000000
00000000
00000000
