00000001100000000000000000010000
00000000000000000000010100000000
00000000000000000000000001000000
00000000000000000000000010000000
10000000000000001000000000000000
00100000110000000001000000000000
00000000000000000000000000000000
00000000000100000000000000010000
00000000000000000000000000000000
00001000000100000000000001000000
01000000000000000001100000000000
00000000000000000000000000000000
00000000000000000010000000000000
00000000000001000000000000000000
00010000000000000000000000000000
00000100000000000001000000000000
00000000000000000000000000000000
00000000000000000000000000001100
00000000000000000000000000000000
00100000000001000100100000000000
01000000000100101000000000000000
00000000001000000000000100000000
00000000000000000001000000100001
00010000000000000000100000000000
00000000000000000001010000000000
00000000000000010000000000010000
00000000000000000000100100000000
11111111111111111111111111111111
11111111111111111111111111111111
11111111111111111111111111111111
11111111111111111111111111111111
11111111111111111111111111111111

209
00000000
00011100
00001000
00000000
00000000
00000000
00000000
00000000

00000000
00010000
01111000
00010000
00000000
00000000
00000000
00000000

00000000
00000000
00000000
00000000
00001000
00001000
01111001
00111111

00000111
00111111
00001110
00001010
00000000
00000000
00000000
00000000

11111000
01110000
01000000
00000000
00000000
00000000
00000000
00000000

11111110
01111000
00001100
00011000
00000000
00000000
00000000
00000000

00000000
00000000
00000000
00000001
00000101
00001111
00011011
00000011

00000000
00000000
00000000
00000000
00000000
01100000
01000000
11111100

00011000
00111000
00100000
00000000
00000000
00000000
00000000
00000000

00000000
00000000
00000000
00000000
11100000
01000000
00000000
00000000

00000000
00000000
00000000
00000000
10001000
11111000
11110000
11111000

01111110
00001000
00000000
00000000
00000000
00000000
00000000
00000000

00111000
11100000
00000000
00000000
00000000
00000000
00000000
00000000

00000000
00000000
00000000
00000000
00000110
00000110
00000000
00000000

00000000
00000000
00000000
01000000
01100000
01000000
00000000
00000000

00000000
00000000
00000010
00000010
00001110
00011111
00000011
00000111

00000000
00000000
00000000
00000000
11000000
11000000
11000000
10000000

00000000
00000000
00000000
01100000
11100000
01100000
01000000
00000000

00000000
00000000
10000000
11100000
00100000
00000000
00000000
00000000

11000000
11000000
11000000
10000000
00000000
00000000
00000000
00000000

00000000
00000000
00000000
00001000
00001000
11011000
11110000
11111000

00000000
00000000
00000000
00000000
00000011
00000010
00000000
00000000

10011000
11111000
11001000
10011000
00000000
00000000
00000000
00000000

00000000
00000000
00000000
00100000
00110000
00111000
00010000
00010000

00000000
00000000
00000000
00000000
00000000
00000000
00111000
00000000

00000000
00000000
00000000
00100000
00100000
00111000
01111100
00011000

00000000
00000000
00010011
00111110
00001100
00000100
00000000
00000000

00000000
00000000
00000000
00000000
00000000
00010000
00011000
00001100

00111100
00110000
00110000
00010000
00010000
00000000
00000000
00000000

00000000
00000000
11000000
01100000
00000000
00000000
00000000
00000000

00000000
00000000
00000000
00100000
00110000
00000000
00000000
00000000

00000010
00000110
00000010
00000000
00000000
00000000
00000000
00000000

00010000
00000000
00000000
00000000
00000000
00000000
00000000
00000000

00000000
00000000
00000000
00000000
00000000
00000001
00000011
00000001

00000000
00000000
00000000
00000000
00000000
00000000
00001000
00000000

00000000
00000000
00000000
00000000
00000000
00000001
00000000
00000000

00000000
00000000
00000000
00000000
00000000
00000000
00000100
00000000

00000000
00000000
00000000
00000000
00001100
00001100
00111110
00001100

00000000
00000000
00000000
00000000
11000000
11111000
11110000
11100000

00000000
01000000
01100000
11100000
11100000
01111100
01100000
00000000

00000000
00000000
00000000
00000000
00100000
00100000
10111000
11111100

00000000
00000110
00000110
00000010
00000000
00000000
00000000
00000000

00000000
00000000
00000000
00010000
00010000
00111100
00000000
00000000

00000000
00000000
00000000
00000000
00000000
00011100
00001100
00000000

00000000
00000000
00000001
00000011
00000111
00000001
00000001
00000000

00000000
00111100
00001000
00000000
00000000
00000000
00000000
00000000

00000000
00000000
11100000
11111000
00011100
00000000
00000000
00000000

00010000
00011110
00111100
11110000
01000000
00000000
00000000
00000000

00000000
00000000
00000000
00110010
01111110
00011110
00000010
00000000

00000000
00000000
00000000
00000000
00000000
00111000
00100000
00000000

00000000
00000000
00000100
00000100
00000000
00000000
00000000
00000000

11100000
11111000
11000000
11100000
10000000
00000000
00000000
00000000

00000000
00000000
00000000
00000000
00001000
00001100
00111100
00001000

00000000
00000000
00000011
00000001
00000000
00000000
00000000
00000000

00000000
11100000
00100000
00000000
00000000
00000000
00000000
00000000

00000000
00000000
00000000
00000000
01100000
00100000
00000000
00000000

00000000
00000000
00000000
00000000
00000010
00000010
01111110
00100010

00000000
00000000
10100000
11100000
11000000
11100000
01110000
00100000

10000000
10011000
11110000
01110000
01000000
00000000
00000000
00000000

00000111
00011111
00010011
00000111
00000001
00000000
00000000
00000000

00011110
00001100
00001100
00001110
00001110
00001100
00000000
00000000

00011110
00001000
00000000
00000000
00000000
00000000
00000000
00000000

00000000
00000100
00000100
00000000
00000000
00000000
00000000
00000000

00000000
00000000
00000000
00001000
00011000
00001100
00001000
00000000

11000000
11000000
11111000
10000000
11100000
00100000
00000000
00000000

01000000
01000000
11100000
11111000
11010000
00000000
00000000
00000000

00000011
00000011
00000111
00000011
00000001
00000000
00000000
00000000

00000000
00000000
00000000
00000000
01100000
01000000
11100000
11110000

00000000
00000000
00001110
00000110
00000110
00000000
00000000
00000000

00000000
00000000
00000000
00000000
00000000
00110000
01111000
00111110

00000000
00000000
00000000
00000000
00000000
00010010
00011110
00000011

00011100
00011110
00011100
00010100
00000000
00000000
00000000
00000000

00000011
00000111
00000111
00000111
00000010
00000000
00000000
00000000

00100000
00100000
00100000
00110000
00010000
01111000
00011000
00001000

00000000
00000000
01000000
01000000
01100000
01110000
00111100
00011000

00110000
00100000
00100000
00100000
00000000
00000000
00000000
00000000

00000000
00000000
00000000
00000000
00000000
00000000
00000000
11000000

11100000
00000000
00000000
00000000
00000000
00000000
00000000
00000000

00000000
00000000
00000000
00000000
00010000
10010000
11110000
11110000

00000000
00000000
00000000
11000000
11100000
00000000
00000000
00000000

00001100
00001000
00011100
11111100
01000000
00000000
00000000
00000000

00000000
00000000
00000000
00000000
10100000
11100000
11110000
11110000

00000000
00000000
00100000
00110000
00110000
00011000
00011000
00000000

00001110
00011000
00111100
01111000
00110000
00000000
00000000
00000000

00100000
01110000
00100000
00111110
00011100
00110100
00000000
00000000

00001000
00011000
00001100
00001100
00000000
00000000
00000000
00000000

00001111
00000000
00000000
00000000
00000000
00000000
00000000
00000000

00000000
00000000
00001100
00000100
00000111
00001111
00000011
00000011

11100000
10000000
00000000
00000000
00000000
00000000
00000000
00000000

00000000
00000100
00000111
00011111
00001100
00000110
00000010
00000000

00010000
00111000
00111000
00110000
00000000
00000000
00000000
00000000

11100000
10000000
00000000
00000000
00000000
00000000
00000000
00000000

11000000
11110000
00100000
01100000
00000000
00000000
00000000
00000000

00000000
00000000
00000000
00000010
00000110
00011100
00001100
00000111

01110000
00100000
00000000
00000000
00000000
00000000
00000000
00000000

00000000
00000000
00000000
00000000
00110000
00111100
00110100
00000000

00000000
00000001
00000111
00000010
00000000
00000000
00000000
00000000

00000000
00000000
00000000
11000000
00000000
00000000
00000000
00000000

00000000
00000000
00000000
00000000
00000100
00000100
00000000
00000000

00000000
00000000
00000000
00000000
00000100
01110110
00011110
00001100

00000000
00000000
00000000
00000000
01110000
00110000
01111100
00111110

10000000
11110000
11000000
11000000
00000000
00000000
00000000
00000000

00000000
00000000
00000000
00000000
00000000
00000000
00000000
00000011

00000000
00000000
00000000
00000000
00110110
00010110
00111100
00011100

00000000
00000000
00000000
11100000
00100000
00000000
00000000
00000000

00111000
00001000
00000000
00000000
00000000
00000000
00000000
00000000

00000000
00000000
00000000
00000000
00000000
00000000
00000000
00100000

00000000
00000000
00000000
00110000
00100000
11100000
11100000
11100000

00001111
00000111
00000010
00000000
00000000
00000000
00000000
00000000

00000000
01000000
00000000
00000000
00000000
00000000
00000000
00000000

00000000
00000000
00000110
00000111
00001111
00001011
00000000
00000000

00000000
00000000
00000000
00000001
00000011
00000111
00001111
00000111

00000000
00000000
00000000
00000000
00000010
00001111
00001111
00011111

00011111
00011111
00001000
00000000
00000000
00000000
00000000
00000000

00001000
00000000
00000000
00000000
00000000
00000000
00000000
00000000

01110000
00000000
00000000
00000000
00000000
00000000
00000000
00000000

00000000
00000000
00000000
00000000
00000000
00000010
00011010
00011110

00000000
00000000
00000000
00000110
00000111
00000111
00001111
00000000

00000000
00000000
00000011
00000111
00000011
00000010
00000010
00000000

00000000
00000000
00000000
00000000
00010100
01111110
00111110
00000000

00000001
00000011
00000011
00000001
00000000
00000000
00000000
00000000

00001000
00011000
00111100
00011000
00000000
00000000
00000000
00000000

00000000
00000000
00000000
00000011
00000111
00000101
00000100
00000000

00000000
00000000
00000000
11000000
01100000
00000000
00000000
00000000

00000000
11000000
11100000
11000000
11110000
11100000
10000000
10000000

00000000
00000000
00000010
00001010
00011111
00011100
00000110
00000011

00011110
00010010
00000000
00000000
00000000
00000000
00000000
00000000

01111100
00111000
00111100
00111000
00010000
00000000
00000000
00000000

00000011
00000000
00000000
00000000
00000000
00000000
00000000
00000000

00000000
00000000
00000000
00000000
00000000
00000000
00001000
00001100

11111000
11111100
11101000
00000000
00000000
00000000
00000000
00000000

00000000
00000000
00000000
11000000
11100000
10000000
10000000
00000000

00000000
00000000
00000000
00000000
00000000
00000100
00000110
00000000

00000000
00000000
10100000
11100000
11000000
11000000
11000000
11100000

00010000
00010000
00000000
00000000
00000000
00000000
00000000
00000000

00000000
00000000
00001000
00111000
00011100
00011000
00001000
00000000

00000000
00000000
00000000
00000000
00000000
00000000
01110000
00000000

00000000
00000000
00000000
00000001
00001111
00000111
00011111
00000111

00000000
00000000
00000000
00000000
00000000
00000100
00001100
00000000

11000000
11000000
00000000
00000000
00000000
00000000
00000000
00000000

00000000
00000000
00000000
00000000
00000000
00000100
00011100
00001110

00000110
00000010
00000010
00000000
00000000
00000000
00000000
00000000

00000011
00000011
00000111
00000010
00000010
00000010
00000000
00000000

00000000
10100000
11100000
11100000
10100000
00000000
00000000
00000000

00000000
00000000
00000000
00001000
00001000
00001111
00111001
01111000

00000000
00000000
00000000
00000000
00100000
01100000
00100000
00000000

00000000
00000000
00000000
00000001
00000011
00000010
00000010
00000000

00000000
00000000
00000000
10000000
11000000
01000000
00000000
00000000

00000000
00000000
00000000
00110000
00110000
01111000
01011000
01001000

00011111
00111011
00111011
00000001
00000000
00000000
00000000
00000000

00000000
00011000
00110000
00000000
00000000
00000000
00000000
00000000

00000000
00000110
00001111
00001101
00000000
00000000
00000000
00000000

00000000
00000000
00000000
00001000
00001100
00001111
00001111
00000111

00000100
00000100
00001100
00000110
00001110
00000010
00000000
00000000

00001111
00001111
00000111
00000000
00000000
00000000
00000000
00000000

00000001
00000011
00000000
00000000
00000000
00000000
00000000
00000000

00100000
00100000
00000000
00000000
00000000
00000000
00000000
00000000

00000000
00000000
00000000
00000000
11000000
00000000
00000000
00000000

00000100
00011100
00000000
00000000
00000000
00000000
00000000
00000000

11111110
01010000
00000000
00000000
00000000
00000000
00000000
00000000

00000111
00011110
00000110
00000010
00000000
00000000
00000000
00000000

00000000
00000000
00000000
00111010
00111110
00010110
00000010
00000000

00001100
00001111
00011111
00000000
00000000
00000000
00000000
00000000

00000000
00000010
00000010
00000011
00000011
00000001
00000000
00000000

00000000
00000000
00000000
00010000
01110000
01110000
11100000
11110000

00000000
00000000
00000111
00000111
00000110
00000000
00000000
00000000

00011111
00111111
00001111
00000000
00000000
00000000
00000000
00000000

00000111
00000111
00000111
00000011
00000111
00000110
00000000
00000000

00000000
00000000
00001100
00011111
00001110
00000110
00000100
00000000

00000000
00000000
00000000
00000000
00000000
00000010
00000000
00000000

00000000
00000000
00000000
00000000
01000000
01100000
11001000
11111000

11111100
11111110
00111000
00000000
00000000
00000000
00000000
00000000

00000000
00000000
00010000
01110000
11100000
01110000
00000000
00000000

00111000
01110000
01110000
01110000
00000000
00000000
00000000
00000000

00000000
00000000
00000011
00000011
00011111
00000100
00000000
00000000

11000000
11111000
11110000
11000000
10000000
00000000
00000000
00000000

00000000
11000000
11110000
11110000
11111000
10000000
00000000
00000000

00000000
01100000
01000000
01000000
11100000
11111000
11000000
10000000

00000000
10000000
11000000
11111000
10000000
00000000
00000000
00000000

00000000
00000000
00000101
00000111
00001111
00000111
00000101
00000000

00000000
00011100
00001100
00000000
00000000
00000000
00000000
00000000

00001000
00000000
00000000
00000000
00000000
00000000
00000000
00000000

00000000
00000000
10000000
11100000
01000000
01110000
00100000
00000000

00000000
00000000
00000000
00000000
00010000
00110000
00000000
00000000

00000010
00001110
00001011
00000001
00000011
00000011
00000010
00000000

00000000
00000000
00011100
00001000
00001100
00111100
00110100
01110000

00000000
00000000
00000000
00000000
00000000
00011000
00011000
00110000

00000000
00000000
00000000
00000000
00010000
00110000
11100000
11110000

00000000
00000000
00000000
00000000
00000000
00000000
10110000
11111100

00000011
00000110
00000010
00000010
00000010
00000000
00000000
00000000

00000000
00010011
00111111
00101101
00100001
00000000
00000000
00000000

00111111
11101010
00001010
00000000
00000000
00000000
00000000
00000000

00000000
00000000
00000000
00000111
00000111
00001111
00000011
00000000

00000000
00000000
00000000
00000000
10000000
10000000
11000000
11110000

00100000
00110000
00111000
00011100
00110100
00100000
00000000
00000000

00000111
00000111
00001110
00000010
00000000
00000000
00000000
00000000

00000000
00000000
00000000
00000000
00111000
01111000
00011100
00111000

00000000
00000000
00010000
00111000
00011100
00011000
00001110
00000000

00001100
00011100
00000100
00000000
00000000
00000000
00000000
00000000

00001110
00011110
00001000
00001100
00001000
00001000
00000000
00000000

00000000
00000000
00000000
00010000
00011000
00110000
01111000
01111000

00000000
00000000
00000000
00000011
00000000
00000000
00000000
00000000

00000000
00000000
00000000
00000100
00001100
00001000
00011000
00001000

00000000
00000000
00000000
00001110
00000110
00001110
00001000
00000000

00000000
00000000
00001100
00011100
00011110
00000110
00000000
00000000

00000000
00000000
00000000
00000000
00000000
00000000
00000000
00001100

00001000
00111110
00101100
00001000
00001000
00000000
00000000
00000000

00000000
00000000
00000000
00000000
00000000
00000000
00000000
00001100

00000000
00001001
00011111
00001100
00000100
00000000
00000000
00000000
