00000000000000000000000000111111
00000000000000000000100100111111
00000010000000001001000000111111
00000000000000000000000000111111
00000000000000000000000000111111
10000000000000000000100000111111
00000000001000000100000000111111
00000000001000000000000000111111
00000000000000010000000000111111
00000001000000000000100000111111
00000100100000000100000000111111
00000000000000000000000000111111
00000000000110010000100000111111
00001000000000000000000100111111
00000000000000010000000000111111
00000000000010000000000000111111
00001000000000000000000000111111
00000000000000000000000000111111
10000000101000000000001000111111
00010000010000010000000000111111
00000000000000001000000000111111
00001000000000000000000000111111
00000000000000000000010000111111
10000000000011000010000000111111
10000100001000000000000000111111
00000000000001000000000000111111
00001001000000000000000010111111
11111111111111111111111111111111
11111111111111111111111111111111
11111111111111111111111111111111
11111111111111111111111111111111
11111111111111111111111111111111

7
00000000
00000000
00000010
00000010
00000011
00001111
00001111
00000011

00000000
00000000
00000000
00000000
00000010
00000010
00000011
00000000

00000000
00000000
00000000
00000000
10110000
11110000
11111000
10000000

00000000
00000000
01110000
00110000
00000000
00000000
00000000
00000000

00000000
00000110
00001111
00011111
00010000
00000000
00000000
00000000

00000000
00000000
00000001
00000001
00000001
00000001
00000001
00000000

00000000
00000000
10000000
11100000
11000000
11111000
11000000
11000000
