00000000001000000000100001111111
00000000000000000000000001111111
00000000000000000000000001111111
00000000000000000000000001111111
00010000000000000000000001111111
00000001000000000000000001111111
00000000000000000000000001111111
00000010000010000000000001111111
00000000000000000000000001111111
00000000000000000000000001111111
00000000000000000000000011111111
00000000000000000000000001111111
00000000100000000000000001111111
00000000000000000000000001111111
00000000000010000000000001111111
00000000100000001000010001111111
00000000000000000000000001111111
00000000000000000000000001111111
00000000000000000000000001111111
00000000000000000000100001111111
00000000000000000000000001111111
10000000000000000000000001111111
00000000000000000000000001111111
00000001000000000000000001111111
00010000000000000000000001111111
11111111111111111111111111111111
11111111111111111111111111111111
11111111111111111111111111111111
11111111111111111111111111111111
11111111111111111111111111111111
11111111111111111111111111111111
11111111111111111111111111111111

91
00100000
00100000
01111000
11101000
00100000
00000000
00000000
00000000

00000000
00000000
00000000
00000000
00000000
00000000
00000000
00100000

00000000
00000000
00000000
00000000
00000000
00001100
00111110
00100000

00000000
01110000
11110000
11100000
11000000
01000000
01000000
01000000

00000000
00000000
00000000
00000000
00001000
01111000
00111100
00111100

00000000
00000000
00000000
00100000
01100000
00100000
00000000
00000000

00000000
11000000
11000000
00000000
00000000
00000000
00000000
00000000

11100000
11100000
11100000
11000000
01000000
00000000
00000000
00000000

01110000
01111000
00111000
00100000
00100000
00000000
00000000
00000000

00000000
00000000
00000000
00000100
00001100
00001000
00000000
00000000

00011111
00111010
00101000
00100000
00000000
00000000
00000000
00000000

01000000
01000000
11000000
11100000
11000000
10000000
11000000
00000000

00000001
00000001
00000011
00000111
00000011
00000000
00000000
00000000

00000000
00000000
00001000
00001000
00001000
00000000
00000000
00000000

00000000
00000000
00000000
00000000
00000000
00100000
00100000
00100000

00000000
00000000
00000001
00000011
00000011
00000011
00000001
00000000

00000000
00000000
00000000
11000000
11100000
10000000
11011000
11111000

00000000
00000000
00000000
10000000
10100000
10110000
11110000
11110000

11000000
11000000
01000000
00000000
00000000
00000000
00000000
00000000

00000000
00000000
00000000
00000000
00000000
00000110
00000000
00000000

00000000
00100000
01111000
11100000
00000000
00000000
00000000
00000000

00000000
00000000
00000000
00000000
00000000
00000100
00000000
00000000

00000000
00000000
10000000
11000000
00000000
00000000
00000000
00000000

00000000
00000000
00000000
00000000
00000000
00000110
00000011
00000111

00000000
00000000
00000001
00000001
00000111
00000010
00000000
00000000

00000000
00000000
00110000
00110000
00010000
00000000
00000000
00000000

00111110
00111100
00011111
00000001
00000000
00000000
00000000
00000000

00000000
00000000
00000000
00000000
00000000
00000000
00100000
00100000

00000000
00010000
00011000
00011000
00010000
00010000
00000000
00000000

00000000
00011010
00111111
00000011
00000001
00000000
00000000
00000000

00100000
00100000
01100000
11110000
01010000
01010000
00010000
00010000

00110000
00110000
11100000
00100000
01110000
00000000
00000000
00000000

00000000
00100000
01100000
01100000
01110000
00111000
00100000
00000000

11000000
11110000
01100000
01100000
00000000
00000000
00000000
00000000

00000000
00000000
01000000
01000000
00000000
00000000
00000000
00000000

00000000
00000000
00000000
00000011
00000111
00000111
00000011
00000111

00000000
00000000
01100000
00111000
01110000
01100000
11110000
00110000

00000000
00110000
11111100
01111000
00000000
00000000
00000000
00000000

00000000
00001000
01111100
00100100
00100000
00000000
00000000
00000000

10000000
11100000
10000000
00000000
00000000
00000000
00000000
00000000

00001111
00000011
00000001
00000001
00000001
00000000
00000000
00000000

00000000
00000000
00000000
00000000
00010000
00000000
00000000
00000000

00000000
00000000
00000000
00000000
00000011
00000111
00011111
00000111

00000001
00000011
00000011
00000000
00000000
00000000
00000000
00000000

00000000
00000000
00000000
00000000
10100000
11110000
11010000
11000000

00000000
00000000
00000101
00000111
00000000
00000000
00000000
00000000

00000000
00000000
00000000
00111100
00011100
00111000
00001000
00001000

00101100
01101000
00111100
00110100
00000110
00000010
00000000
00000000

00000000
01110000
01111000
00100000
00100000
00000000
00000000
00000000

00000000
00000000
00100000
01100000
01000000
11000000
11000000
11000000

11000000
11000000
11000000
10000000
00000000
00000000
00000000
00000000

00000110
00000110
00000111
00000011
00000010
00000000
00000000
00000000

00000000
00000000
00000000
00000000
00000000
00000000
00000111
00000111

00000000
00000000
00000000
00000000
01011000
11110000
11100000
11111000

11110000
11111100
11110000
01100000
00000000
00000000
00000000
00000000

00000000
00000000
00000000
00000000
00000000
00000000
01100000
11111000

00000000
00000000
00000000
00000001
00000001
00000000
00000000
00000000

00000000
00000000
01010000
11111000
11110000
00111000
00100000
00000000

00000000
00000000
00000110
00000111
00000010
00001110
00000100
00001100

00000000
00000000
00000000
00110000
11110000
11110000
01000000
01100000

00000000
00000010
00000111
00000111
00000010
00000000
00000000
00000000

00011100
00011000
00001110
00011110
00000010
00000000
00000000
00000000

00000000
00000000
00000000
00000100
00000110
00111100
00001110
00000100

00000000
00000000
00000000
00000010
00001111
00000011
00000111
00111111

00000000
00000000
00000000
00000000
11000000
00000000
00000000
00000000

00000000
00000000
00000000
00000000
00000000
11000000
00000000
00000000

00000000
00010000
00011100
00010000
00011111
00111000
00000000
00000000

00000000
00000000
00000000
00011100
00001000
00011100
00011100
00111000

00000000
00000000
00000000
00000000
00000000
00000000
00001111
00111111

00000000
11000000
11100000
01000000
00000000
00000000
00000000
00000000

00000000
00000000
00000000
00000000
00000000
00100000
11110000
10000000

00000000
00000000
00000000
00000011
00000010
00000000
00000000
00000000

00000000
00000000
11000000
11000000
11110000
11100000
11110000
00100000

00000000
00000000
00000000
00000000
00000100
00001100
00011000
00010000

00000000
00000000
00000000
00000000
00000000
00000100
00000110
00011111

00000000
00000000
01010000
11111000
11110000
10100000
00000000
00000000

00100000
00000000
00000000
00000000
00000000
00000000
00000000
00000000

00000000
10000000
10101100
11111100
11100100
00000000
00000000
00000000

11000000
01100000
01100000
01000000
01000000
00000000
00000000
00000000

00001100
00001000
00001110
00001110
00000000
00000000
00000000
00000000

00000000
00000000
00010000
00011000
00011000
00011100
00000000
00000000

00000000
00000000
00100000
00110000
01111000
00110000
01110000
11100000

00000000
00000000
00000000
00110000
00110000
00011100
00010000
00000000

00000000
00000000
00000000
00000000
00000000
00000000
11110000
11110000

00001110
00000110
00001111
00001001
00000000
00000000
00000000
00000000

00000000
01011100
01111100
00000100
00000000
00000000
00000000
00000000

00000000
00110000
11110000
01111100
01001100
00001000
00000000
00000000

00000000
00000010
00011111
00011010
00000000
00000000
00000000
00000000

00000000
00010000
00011000
00000000
00000000
00000000
00000000
00000000

00000000
00000000
00000000
00000000
00000000
00001000
00001000
00001000

00000000
00000000
01100000
01000000
01000000
00000000
00000000
00000000
