00001000000001010000011111111111
00000001000000000010011111111111
00010000000100000000011111111111
00000000000000001000011111111111
00000000100000001010011111111111
01100000000000000000011111111111
00000000000000000100011111111111
00000001000000000000011111111111
00100000000000000000011111111111
00001000010010000000111111111111
00010001010000000000011111111111
00000000101011000000011111111111
00000000000000000100011111111111
00000000100000000001011111111111
00000000010000000000011111111111
00000000000000000100011111111111
00001000001100000000011111111111
01110010000001000000011111111111
01100000000010010000011111111111
10010000000000000000011111111111
00000000000000000000011111111111
11111111111111111111111111111111
11111111111111111111111111111111
11111111111111111111111111111111
11111111111111111111111111111111
11111111111111111111111111111111
11111111111111111111111111111111
11111111111111111111111111111111
11111111111111111111111111111111
11111111111111111111111111111111
11111111111111111111111111111111
11111111111111111111111111111111

18
00011000
00000000
00000000
00000000
00000000
00000000
00000000
00000000

00000000
00000000
00000000
00011110
00010111
00000011
00000010
00000000

00000000
00000000
00000000
00000000
00000000
00110000
11110000
00100000

00000000
11000000
11000000
11000000
01000000
00000000
00000000
00000000

00000000
00000000
00000000
00000000
00010000
00011000
00011000
01111000

11100000
11000000
01111000
00111000
00100000
00000000
00000000
00000000

00000000
00000000
00000000
00000000
00001100
00000000
00000000
00000000

00100000
01100000
01100000
01000000
00000000
00000000
00000000
00000000

00000000
00000000
00000000
00000000
00001000
00011000
00000000
00000000

00000000
00000000
00000000
00000000
00010000
00111000
00011000
00010000

10000000
11110000
11100000
10000000
00000000
00000000
00000000
00000000

00000000
00000000
00000000
00010110
00011110
01111110
00001000
00001000

00000000
00000000
00000000
00110000
01100000
11111000
11110000
11100000

00000000
00000000
00000010
00000111
00000111
00000111
00000011
00000011

00000000
00000000
00000000
00000000
00001100
01111000
01110000
01100000

00000000
00000000
00000000
00100000
00100000
00110000
00100000
11100000

00000000
00000000
00000000
00000000
00000000
00010000
00110000
00111110

11110000
11111000
01000000
00000000
00000000
00000000
00000000
00000000
