00000000000001000000000000000000
00000000000000000000000000000000
00000000000000000000000000000000
00000000000000000000000000000000
00000000000000000000000000000000
00000000000000000000000000000000
00000000000000000000000000000000
00000000000000000000000000010000
00000000000000000000000000000000
00000000000000000000000000000000
00001000000000000000000000000000
00000000000000000000000000000000
00000000000000000000001000000000
00000000000000000000000000000000
00000000000001000100000000000000
00000000000000000000010000000000
00000000000000000000000100000000
00000000000000000000000000000000
00000000000000000000000000000000
00000100000000000000000000000000
00000000000000000000000000000000
00000000000000000000000000010000
00000000000000000000000000000000
11111111111111111111111111111111
11111111111111111111111111111111
11111111111111111111111111111111
11111111111111111111111111111111
11111111111111111111111111111111
11111111111111111111111111111111
11111111111111111111111111111111
11111111111111111111111111111111
11111111111111111111111111111111

3
00111000
00011100
00011100
00000100
00000000
00000000
00000000
00000000

00111100
00011100
00011100
00010000
00000000
00000000
00000000
00000000

00011111
00011111
00010000
00000000
00000000
00000000
00000000
00000000
