00000000001000000010010000000011
01000000000000000000000000000011
00001000000000000000000000000111
00000000000000000010000000000011
00100000000000010001000000000011
00000000000000100000000010000011
00000000000000000001000000010011
01000010001000000000000000000011
00000000000000000000000000000011
00000000000000000010000000000011
00000000000000000010000000000011
00000000000000000000000000010011
00000000000000000000000000000111
00010000000100000000000000000011
00000000000000000000100000000011
00000000000000000000000000000011
10000000000000100010000000000011
10000000001000100000000000000011
01000000000000000000000000000011
00000000000000000000000000000011
00000000000000000000000001000011
00001000000000000100000000010011
11111111111111111111111111111111
11111111111111111111111111111111
11111111111111111111111111111111
11111111111111111111111111111111
11111111111111111111111111111111
11111111111111111111111111111111
11111111111111111111111111111111
11111111111111111111111111111111
11111111111111111111111111111111
11111111111111111111111111111111

22
00000000
00000000
00100000
00100000
01100000
11110000
00011100
00010000

00000000
00101000
11111100
00001000
00001000
00001000
00001000
00000000

00001000
00000000
00000000
00000000
00000000
00000000
00000000
00000000

00000000
00000000
00000010
00000011
00000111
00000001
00000011
00000001

00000000
01000000
11000000
11100000
01100000
01100000
01110000
00100000

00000000
10000000
11100000
11100000
00000000
00000000
00000000
00000000

00000000
00000000
00000000
00000101
00000111
00000000
00000000
00000000

00000000
00001110
00001100
00000000
00000000
00000000
00000000
00000000

01110000
01000000
00000000
00000000
00000000
00000000
00000000
00000000

00000000
00000000
00000000
00000100
00001111
00000111
00010110
00111110

11000000
11000000
10000000
11000000
11000000
00000000
00000000
00000000

00000000
01100000
00000000
00000000
00000000
00000000
00000000
00000000

00000000
00000000
00000000
00000000
00001100
00011100
00011100
00010000

00000000
00000000
00000000
00000000
00000000
00000000
00010000
00010000

00001111
00001111
00000111
00000111
00000001
00000001
00000000
00000000

00000000
10000000
11000000
00000000
00000000
00000000
00000000
00000000

00000000
00000000
00000000
00000011
00000011
00000000
00000000
00000000

00000000
00000000
00000000
00000000
00000000
00000000
00011000
00001100

00000000
00000000
00000000
00000000
00000000
00001100
00000000
00000000

00011111
00000111
00001111
00000011
00000000
00000000
00000000
00000000

00000000
00000000
00000000
00000000
00110001
00010001
00011111
00011111

00000000
00001100
00000111
00001111
00001101
00000000
00000000
00000000
