00000000000000000000011111111111
00000001000000000000011111111111
00000000000000000000011111111111
00000000000000000000011111111111
00000000000000000000011111111111
00000000000000000000011111111111
00000000000000000000011111111111
00000000000000000000011111111111
00000000000000000000011111111111
00000000000000000000011111111111
00000000000000000000011111111111
00000000000000000000011111111111
00000000000000000000011111111111
00000000000000000001011111111111
00000000000000000000011111111111
00000000000000000000011111111111
00000000000000000000011111111111
00000000000000000000011111111111
00000000000000000000011111111111
00000000000000000000011111111111
00000000000000000000011111111111
00000000000000000000011111111111
00000000000000000000011111111111
00000000000000000000011111111111
00000000000000000000011111111111
00000000000000000000011111111111
00000000000000000000011111111111
00000000000000000000011111111111
00000000000000000000011111111111
11111111111111111111111111111111
11111111111111111111111111111111
11111111111111111111111111111111

108
00000000
00000000
00000000
00000000
00000000
00010010
01111111
00110000

00001111
00001001
00000001
00000000
00000000
00000000
00000000
00000000

01111100
00010000
00000000
00000000
00000000
00000000
00000000
00000000

00000000
00000000
00000000
00000000
00000000
00101100
00111110
00011000

00000000
00000000
10000000
10000000
00000000
00000000
00000000
00000000

00000000
00010000
00010000
00010000
00010000
00010000
00110000
01100000

01110000
01111000
01100000
00100000
00000000
00000000
00000000
00000000

00000000
00000000
10000000
10000000
11100000
00000000
00000000
00000000

00000000
00000000
00000000
00000000
00000000
00000000
00000011
00000011

00000000
01000000
00000000
00000000
00000000
00000000
00000000
00000000

00000000
00000000
00000000
00000000
00000000
11110000
00100000
00000000

00000000
00000000
00000000
00000000
00000111
00011111
00010100
00000110

00000000
00000000
00000000
11000000
11000000
11100000
10110000
00000000

00000000
00001000
00011000
00111100
00000000
00000000
00000000
00000000

00001111
00001111
00000111
00000011
00000111
00000000
00000000
00000000

00000010
00001110
00001000
00000000
00000000
00000000
00000000
00000000

01110000
00100000
00110000
00000000
00000000
00000000
00000000
00000000

00011110
00001100
00001000
00000000
00000000
00000000
00000000
00000000

00000000
00000000
00110000
00110000
11110000
01100000
01000000
00000000

00000000
00000000
00000000
00000000
00001000
00101100
11111000
11100000

00000000
00000001
00000011
00000001
00000011
00000011
00000001
00000000

00000000
00000000
00001000
00001000
00001110
00000100
00001110
00000000

01110000
01100000
00110000
00100000
00000000
00000000
00000000
00000000

11000000
11111100
11011000
11000000
10000000
10000000
00000000
00000000

00000000
00000000
00000000
00000000
00010000
00110000
00111000
00000000

00000000
00010000
00010000
00110000
00011000
00110000
00010000
00000000

00000000
00000000
00000001
00001111
00000111
00000010
00000010
00000000

00000000
00000000
00000000
00000000
11100000
00000000
00000000
00000000

00000000
00000000
00000000
00000000
00010000
11111111
00110110
00110100

00000000
00000000
00000000
00000000
00010000
00011110
00011100
00111111

00000001
00000011
00000000
00000000
00000000
00000000
00000000
00000000

00000000
00000000
00000000
00000100
00000100
00011110
00000110
00000111

00000000
00000000
00000000
00000000
00000000
00000000
01101000
11111000

00001000
00011100
00001100
00000000
00000000
00000000
00000000
00000000

00000000
00000000
10000000
11011000
11111100
11100000
10000000
10000000

00000000
00000000
11000000
11000000
10000000
11000000
00000000
00000000

00000000
00000000
00000000
00000000
00000001
00000011
00000001
00000000

11000000
11110000
01100000
01100000
00110000
00010000
00000000
00000000

00000000
00000000
00001000
00001000
00000000
00000000
00000000
00000000

00000000
00000000
00000000
00000000
01000000
01111000
01110000
00000000

00000000
00000000
01100000
01101000
00111100
01110000
00000000
00000000

00000000
00000000
00000000
00000000
00010000
00000000
00000000
00000000

00000000
01111000
00010000
00010000
00110000
00111000
01101000
00100000

00000000
00000000
00000000
00000010
00000000
00000000
00000000
00000000

00000000
00000000
00000000
00000010
00000010
00000000
00000000
00000000

00001110
00000110
00000000
00000000
00000000
00000000
00000000
00000000

00000000
00000000
00000000
00000000
00000100
00000101
00001111
00001111

00000000
00000000
00000000
00001000
00001111
00000111
00001101
00001101

00000000
00000000
00000000
10000000
11100000
00000000
00000000
00000000

00000011
00000011
00000011
00000010
00000000
00000000
00000000
00000000

00001100
00000100
00000100
00000100
00000000
00000000
00000000
00000000

00000000
00011000
00011000
00011100
00011110
00111000
00010000
00000000

00000000
00000001
00000111
00011111
00001110
00000100
00000000
00000000

00000000
00000000
00000000
00000010
00000110
00000111
00000111
00011111

00000000
00000000
00000001
00000001
00001111
00000111
00001100
00000000

00000000
00000000
00000000
00000000
00000000
01101111
00100111
00111111

00000000
00000000
00000001
00000000
00000000
00000000
00000000
00000000

01110000
01100000
00000000
00000000
00000000
00000000
00000000
00000000

00000000
00000000
00000000
00000000
00001100
00000000
00000000
00000000

00000100
00001110
00001111
00011111
00001000
00001000
00000000
00000000

00000000
00000000
00000000
00000000
00000010
00000111
00000011
00000111

00000000
00000000
00000000
00000000
00000000
00011100
00001110
00111111

00000000
00000000
00000000
00000000
00000000
00000010
00000011
00000111

00000000
00000000
00000010
00000011
00000010
00001010
00001110
00111110

00000000
00000000
00000111
00000011
00001111
00011011
00010010
00000000

01000000
01000000
00000000
00000000
00000000
00000000
00000000
00000000

11111000
01111000
01110000
01000000
00000000
00000000
00000000
00000000

00000000
00000000
00000010
00000111
00000011
00000011
00000111
00000011

00110000
00011000
00011000
00000000
00000000
00000000
00000000
00000000

00011111
00000111
00001110
00000000
00000000
00000000
00000000
00000000

00000000
00000000
00000000
00000000
00000000
00000000
00000000
01000000

00000000
00000000
00000000
00000011
00000011
00001111
00011111
00000111

00000011
00000001
00000000
00000000
00000000
00000000
00000000
00000000

00000000
00000000
10000000
10000000
00000000
00000000
00000000
00000000

00000000
00000000
11111000
11110000
00100000
00000000
00000000
00000000

00000000
00001000
00000000
00000000
00000000
00000000
00000000
00000000

11111100
01111110
00011000
00000000
00000000
00000000
00000000
00000000

00000000
00000000
11100000
11100000
00000000
00000000
00000000
00000000

00000000
00000001
00000101
00000111
00000010
00000110
00000011
00000000

00000111
00011111
00000011
00000011
00000011
00000000
00000000
00000000

00000000
00000000
00010000
00010000
00010000
00000000
00000000
00000000

00000000
00000000
11000000
11000000
11100000
11111000
10000000
10000000

00000000
00001000
00001110
00001110
00000010
00000000
00000000
00000000

00000000
00000000
00000000
10000000
11000000
00000000
00000000
00000000

11000000
10000000
00000000
00000000
00000000
00000000
00000000
00000000

00000000
00000000
00000100
00011100
00001000
00001000
00000000
00000000

11100000
11110000
11100000
00000000
00000000
00000000
00000000
00000000

00000000
10000000
10000000
11111000
10000000
00000000
00000000
00000000

00011100
00011000
00010000
00010000
00000000
00000000
00000000
00000000

00000000
10000000
11000000
10000000
00000000
00000000
00000000
00000000

00011111
00010111
00000111
00000011
00000001
00000000
00000000
00000000

00000000
00001100
00001000
00000000
00000000
00000000
00000000
00000000

00000011
00000110
00000000
00000000
00000000
00000000
00000000
00000000

00000110
00001100
00000110
00001110
00000100
00000100
00000000
00000000

00000000
00001100
00011110
00111100
00110000
00100000
00000000
00000000

00000000
00000000
00000000
00000000
01100100
00111110
00011100
00011000

00110000
00010000
00111000
00111000
00101000
00001000
00000000
00000000

00000000
00000000
00111000
01111000
00011000
00011100
00001000
00000000

00000000
00000000
00000000
00000000
00000000
00100000
00111000
00111000

00000000
00000000
00000000
00100000
00100000
01111110
00111000
01100000

00000000
00000000
00000000
00100000
00000000
00000000
00000000
00000000

00000000
00000000
00000000
00000001
00000011
00000001
00000001
00000000

00001111
00000010
00000000
00000000
00000000
00000000
00000000
00000000

00111110
00000100
00001100
00001000
00001000
00000000
00000000
00000000

00000000
00000000
00000000
01000000
01000000
00000000
00000000
00000000

00111100
01110000
01111000
00100000
00000000
00000000
00000000
00000000

00011111
00001011
00000001
00000011
00000001
00000000
00000000
00000000

00000100
00000100
00011101
00001111
00001111
00001000
00000000
00000000
