00000000000100000000011111111111
00000000000000000100001111111111
00000000000000000000001111111111
00000000000000000000001111111111
00000100000000000000001111111111
00000000000000000000101111111111
00000100000000001000001111111111
00000000010100000010001111111111
00000000000000000000001111111111
00000000000000000000001111111111
00000000000000000000001111111111
00000000000000000000001111111111
00100000000000000000001111111111
00000000100000111000001111111111
00000000000000000000001111111111
00000000000010000000001111111111
00000000000000000000001111111111
00000000100001000000001111111111
00000000000000000000001111111111
00000000000000000000001111111111
00000000000000000100001111111111
00000000000000000000001111111111
00000000000000000000001111111111
00000000100000000000011111111111
00000000000000000000001111111111
00000000000000001000001111111111
11111111111111111111111111111111
11111111111111111111111111111111
11111111111111111111111111111111
11111111111111111111111111111111
11111111111111111111111111111111
11111111111111111111111111111111

1
11100000
00110000
01110000
00000000
00000000
00000000
00000000
00000000
