00000000000000000000111111111111
00000000000000000000111111111111
00000000000000000000111111111111
00000000000000000010111111111111
00000000000000000010111111111111
00000000000000000000111111111111
00000000000000000000111111111111
00000000000000000000111111111111
01000000000000000000111111111111
00000000000000000000111111111111
00000000000000000000111111111111
00000000000000000010111111111111
00000000000000000000111111111111
00000000000000000000111111111111
00000000000000000000111111111111
00000000000000000000111111111111
00001000000000000000111111111111
00000000000000000000111111111111
00000000000000000000111111111111
00000000000000000000111111111111
00000000000000000000111111111111
00000000000000000000111111111111
00000000000000000000111111111111
00000000000000000000111111111111
00000000000000000000111111111111
00000000000000000000111111111111
00000000000000000000111111111111
11111111111111111111111111111111
11111111111111111111111111111111
11111111111111111111111111111111
11111111111111111111111111111111
11111111111111111111111111111111

88
00000000
00000000
00001000
00000000
00000000
00000000
00000000
00000000

00000001
00000011
00001111
00000011
00011111
00000000
00000000
00000000

00000000
00000100
00001111
00011110
00010100
00010100
00000100
00000000

00000000
00000000
00000000
00000000
00000000
01000000
11100000
11000000

00000000
00000000
00000000
00000000
00000000
00000000
10000000
10000000

11000000
11100000
11110000
11100000
10110000
00000000
00000000
00000000

00000000
00000000
00000000
00000000
00000000
00100000
00110000
00010000

00000000
00000000
10000000
11101000
11111100
01000000
00000000
00000000

00000000
00000000
00000000
00000000
00000000
00000000
00000000
00010000

00011110
00001110
00011110
00111100
00001000
00000000
00000000
00000000

00000001
00000011
00000011
00000011
00011110
00000110
00000100
00000000

00000000
00011100
00010000
00000000
00000000
00000000
00000000
00000000

00010000
10010000
11111000
11110000
11000000
11000000
00000000
00000000

00000000
00000000
00000000
00000000
00000000
00011000
00001100
00011110

00000000
00000000
00000000
00000000
00000000
00000000
00000010
00000110

00000000
00000000
00000110
00000100
00000110
00000110
00000110
00000000

00000000
10000000
10000000
10000000
10000000
10000000
00000000
00000000

00000000
00000000
00000000
00000001
00001111
00011111
00000111
00000001

00000000
00000000
00000000
00000000
00001100
00000110
00000000
00000000

00000000
00000000
00000000
00000000
00000000
00000000
11000000
00000000

00000000
00000000
11000000
11100000
00000000
00000000
00000000
00000000

00111100
01110000
00100000
00000000
00000000
00000000
00000000
00000000

00000000
00000000
00000000
00000100
00001110
00011100
00000100
00000000

00000000
00000000
00000100
00011110
01111000
00100000
00000000
00000000

00011111
00001110
00000010
00001110
00000000
00000000
00000000
00000000

00000000
00000000
00000000
00000000
00000000
00001100
00001000
00000000

01110000
01010000
00010000
00000000
00000000
00000000
00000000
00000000

11100000
11111000
10100000
10100000
00000000
00000000
00000000
00000000

00000000
00000000
00000000
00000000
00000111
00001100
00001100
00001110

00000000
00000000
00000001
00000001
00000011
00000010
00000000
00000000

00000000
00000000
10000000
10000000
11110000
11110000
10000000
00000000

00000000
00000000
00000111
00000111
00011111
00000010
00000000
00000000

00000000
00000000
00000100
00010110
00011110
00001111
00000101
00000001

10000000
11000000
10000000
00000000
00000000
00000000
00000000
00000000

00000000
00000000
00000000
00000000
00001110
00111111
00000111
00000111

00000000
00000000
00000000
00000000
00000000
00000000
10000000
11000000

00000000
00000000
00000000
00000101
00000111
00000101
00000001
00000000

11100000
01100000
00100000
00100000
00000000
00000000
00000000
00000000

00000000
00000000
11011100
11110100
11110000
10000000
00000000
00000000

00000000
00000011
00001111
00000011
00000011
00000001
00000000
00000000

00000000
00000000
00000000
00000011
00000010
00000000
00000000
00000000

00000000
00000000
00000000
00000000
00010000
00011000
00111100
00111100

00000000
00000000
00000000
00000001
00000011
00000111
00001100
00001100

00000000
00000000
00000000
00000000
00000000
00000010
00000000
00000000

00000000
11000000
11100000
00100000
00000000
00000000
00000000
00000000

00000000
10100000
11100000
11000000
11000000
11100000
10100000
00000000

11110000
11111000
01100000
00000000
00000000
00000000
00000000
00000000

00011111
00000110
00000000
00000000
00000000
00000000
00000000
00000000

01100000
01110000
00100000
01100000
00000000
00000000
00000000
00000000

00000000
00001100
00000111
00000100
00010111
00011111
00000001
00000000

00001111
00000010
00000010
00000000
00000000
00000000
00000000
00000000

00000000
00101000
10111000
11111000
11100000
01100000
00000000
00000000

00000000
00000000
00000000
00000011
00000011
00000010
00000010
00000010

00000000
00000000
00000000
00010000
00010000
00111000
00110000
11110000

00000000
00000000
00000011
00010110
01111110
00111100
00000000
00000000

00000000
00000000
00000000
00000000
10000000
10000000
11000000
10000000

00000000
00000101
00011101
00000111
00000101
00000101
00000001
00000000

00000000
00000000
00000100
00000110
00001111
00000000
00000000
00000000

00000000
00000000
00000000
01000000
01000000
01000000
00000000
00000000

00000000
00000000
00000000
10000000
10000000
10000000
11000000
11100000

00000000
00000000
00000000
00000000
00000000
00000000
00011110
11111000

11100000
11110000
11110000
11000000
10000000
00000000
00000000
00000000

00000000
00000000
00000100
00001110
00001111
00001110
00000100
00000000

00000000
00000000
00000000
00000000
00000010
00000110
00000111
00000111

00000000
00000000
00000000
00000000
00001100
00011111
00011110
00001100

00000100
00010100
00011100
00110000
00110000
01100000
00000000
00000000

00000000
00000000
00000000
00000000
00000000
00000000
00010000
00000000

00000000
11000000
11100000
11111000
11111000
01000000
00000000
00000000

00000000
00000000
00000000
00000000
00000000
00000000
00100000
00000000

00000000
00110000
01110000
11000000
01000000
00000000
00000000
00000000

00000000
00000000
00000001
00000000
00000000
00000000
00000000
00000000

10111000
10111000
11111000
01001000
00000000
00000000
00000000
00000000

00000000
00000000
00011000
01001000
11011000
01110000
00100000
00000000

00000000
00000000
00000000
00000000
00000001
00000011
00000111
00111111

00000000
00000000
00000000
00000000
00001000
00001000
00001100
00011100

00000000
00000000
00000000
00000000
00000000
00001000
00001000
00000000

00000000
00000000
00000000
00000110
00011111
00000011
00000001
00000000

00000000
00000000
00000000
00000000
10000000
00000000
00000000
00000000

00000000
00000000
00000000
00000000
00000000
00000000
00000000
00001000

00000011
00000110
00000100
00000000
00000000
00000000
00000000
00000000

00000000
00000000
00000000
00000000
00000000
00000001
00000001
00000001

00111111
00100111
00000101
00000001
00000011
00000001
00000000
00000000

00000000
00000000
00000000
00000000
00000000
01000000
11000000
00000000

00000001
00000111
00000111
00000001
00000001
00000001
00000111
00001100

00000000
00000000
00000001
00000011
00000011
00000111
00000111
00000011

00000000
00000000
00000000
01100100
11111100
00011000
00111000
00000000

00000000
01000000
00000000
00000000
00000000
00000000
00000000
00000000

00000000
00000000
00000000
00000000
00001000
00011100
00000000
00000000
