01000000000000000000000000000011
00000000000000001000000000000011
00000000000000000000000000000011
00000000000000000000000000000111
00011010000000000000000000000011
00000000000000000000000000000011
00000000000000000000000000000011
00000000000000000000000000000011
00000000000000000000000000000011
00000000000000000000000000000011
00000000000000000000000000000111
00000000000000000000000000000011
00001000000000000000000000000011
00000000000000000000000000010011
00000000000000010000000000000011
00000000000000000000000000000011
00000100000000000000000000000011
00000000000000000000000000000011
10000000000000000000000000000011
00000000010000000000000000000011
00000000000000000000000000100111
11111111111111111111111111111111
11111111111111111111111111111111
11111111111111111111111111111111
11111111111111111111111111111111
11111111111111111111111111111111
11111111111111111111111111111111
11111111111111111111111111111111
11111111111111111111111111111111
11111111111111111111111111111111
11111111111111111111111111111111
11111111111111111111111111111111

26
00000000
00000000
00000000
00000000
00001000
01111110
00111110
00111000

00000000
00000000
10000000
10000000
10000000
10000000
11100000
11000000

00000000
00000000
00010000
01111000
00011000
00000000
00000000
00000000

00000000
00000000
00000000
00000000
00000001
00011111
00000101
00000000

00000000
00000001
00000011
00000001
00000111
00001111
00000011
00000111

00011100
00010100
00000000
00000000
00000000
00000000
00000000
00000000

00000000
00000000
10000000
11100000
11100000
11100000
11100000
00000000

00000000
00000000
00000000
00000000
00001000
01111100
01000110
00000000

00001110
00000110
00000010
00000110
00000000
00000000
00000000
00000000

00100000
01110000
11000000
11100000
11100000
11000000
10000000
00000000

00000000
00000000
00000000
00000000
00000000
00000000
00000001
00000001

00000000
00000000
00000000
00000000
00110000
00100000
00000000
00000000

00000000
00000000
00000000
00000000
00000000
01011000
11111000
11111000

00000011
00000001
00000000
00000000
00000000
00000000
00000000
00000000

00000000
00000000
00000000
00000101
00000111
00000111
00000111
00000001

00001111
00001111
00001111
00000111
00000010
00000000
00000000
00000000

00000000
00100000
00100000
00100000
00100000
00000000
00000000
00000000

00000000
00000000
00000000
00000000
00000000
11000000
11111000
11100000

00000000
00000000
00000000
00000110
00000000
00000000
00000000
00000000

00000100
00010110
00011111
00000110
00000000
00000000
00000000
00000000

00000000
00000000
00000000
00000000
01000000
01110000
11111000
11110000

11111110
11111000
00010000
00000000
00000000
00000000
00000000
00000000

00000000
00000000
00001111
00001011
00000001
00000001
00000001
00000000

00000000
00000000
00000100
00011100
11111100
11100000
00100000
00000000

00000000
00000000
00000100
00000100
11111100
00000000
00000000
00000000

00000100
00000111
00000000
00000000
00000000
00000000
00000000
00000000
