00000000000000000000000000011111
00000000000000000000000000011111
00000000000000000000000000011111
00000000000000000000000000011111
00000000000000010000000000011111
00000000000000000100000000011111
00000000000000000000010000011111
00000000010000000000000000011111
00000000000000000000000000011111
00000000000000000000000000011111
00000000000000000000000000011111
00000000000000000000000000011111
00000000000000000000000000011111
00000000000000000000000000011111
01000000000000000000000000011111
00000000000000000000000000011111
00000000000000000000000000011111
00000000000000000000000000011111
00000000000000000000000000011111
00000000000000000000000100011111
00000000000000000000000000011111
00000000000000000000000000011111
00000000000000000000000000011111
00000000000000000000000000011111
00000000000000000000000000011111
00000000000000000000001000011111
11111111111111111111111111111111
11111111111111111111111111111111
11111111111111111111111111111111
11111111111111111111111111111111
11111111111111111111111111111111
11111111111111111111111111111111

63
00001110
00001100
00000100
00000000
00000000
00000000
00000000
00000000

00000000
00000000
00000000
00000000
00000101
00001111
00000111
00000001

00000000
01000000
01000000
11100000
11100000
11100000
00110000
00000000

00000000
00000000
00000000
00000000
00000000
00010000
00011100
11110000

01110000
00110000
00011000
00011000
00001000
00000000
00000000
00000000

00000000
00000000
00000000
00100000
00100000
00100000
01100000
01110000

00000000
00000000
00001000
00011110
00111100
00111000
00100000
00000000

00000000
00000000
00000000
01010000
01011000
01111000
01101000
01000000

01111110
00000100
00000000
00000000
00000000
00000000
00000000
00000000

00000000
00000000
00010000
01111100
00001110
00000110
00000100
00000100

00000000
00000110
00000000
00000000
00000000
00000000
00000000
00000000

00000000
00000000
00000000
00000000
00000000
01111000
11110000
10011110

00000000
00000000
00000000
00000000
00111000
11111000
00110000
00000000

00000000
00000000
00001100
00000100
00000000
00000000
00000000
00000000

00000000
00000000
00010000
00011111
00011011
00000000
00000000
00000000

00000000
00000000
00000000
00000000
00000000
00000000
00110000
01111000

00000000
00000000
00000000
00000000
00001000
00101100
00101111
01111111

00000000
00000000
00000000
00000000
00000000
01000000
11100000
10000000

00000000
00000000
00000000
00000010
00000011
00000011
00000110
00000010

00000000
00000000
00000000
10000000
11000000
11100000
10000000
00000000

00000000
00000000
00011000
00001100
00001000
00001000
00011000
00001000

00010000
00011000
00000000
00000000
00000000
00000000
00000000
00000000

00000000
00000000
00000000
00000000
11000000
10000000
10000000
00000000

00000000
00000000
00001100
00001000
00011000
00000000
00000000
00000000

00110000
00111000
01101000
01100000
00000000
00000000
00000000
00000000

00000000
00000000
10100000
10100000
11100000
00100000
00000000
00000000

00000000
00000000
00000000
00001000
00011000
00001111
00011110
00001000

00000000
00000010
00000110
00000111
00001101
00000000
00000000
00000000

00000000
00000000
00100000
00110000
11100000
11100000
11110000
11000000

11111110
00110100
00010100
00000000
00000000
00000000
00000000
00000000

00000000
00000110
00000010
00000000
00000000
00000000
00000000
00000000

00000000
00000000
00000000
00000001
00000011
00000001
00000000
00000000

00000000
00000000
00000011
00000011
00000011
00000000
00000000
00000000

00000000
00000000
00000000
00011000
00011100
00011000
00001000
00000000

00000000
00000000
00111000
01110000
00000000
00000000
00000000
00000000

00001100
00001111
00000111
00000110
00000100
00000000
00000000
00000000

00000000
00000000
00000000
00000000
00000000
00000000
00010000
00010000

00000000
00000000
00000000
00000000
00001100
00011000
00011100
00001000

00000000
00000000
00000000
00000000
00000000
00111100
00011000
00010000

00000000
00000010
00000110
00000111
00000001
00000000
00000000
00000000

00000111
00001111
00000111
00001100
00000100
00000000
00000000
00000000

00000000
00000000
00000000
00111000
00011000
00000000
00000000
00000000

11111000
11000000
11100000
10000000
11100000
00000000
00000000
00000000

00000000
00000011
00000011
00000000
00000000
00000000
00000000
00000000

00000000
00000000
00000000
00010000
00110000
11110000
01111000
01111000

00000000
00010000
00110000
00110000
00111100
00000000
00000000
00000000

00000000
00000000
00000000
00000001
00000011
00000011
00111111
00001111

00000000
00000000
00000000
00100000
00100000
11100000
11111100
00110000

10000000
11110000
10011000
00000000
00000000
00000000
00000000
00000000

00110000
00010000
00010000
00000000
00000000
00000000
00000000
00000000

00000000
00000000
00000000
00000000
00011000
00111100
00001000
00011000

00000000
00000000
00000100
00000110
00011111
00000010
00000000
00000000

00000000
00000000
00000000
00000000
00000001
00000011
00001111
00001111

00000000
00001000
00001000
00111010
00001110
00011000
00000000
00000000

00000000
00000001
00000001
00011111
00000111
00000000
00000000
00000000

00000000
00000000
00000000
00000010
00000111
00000111
00000110
00000100

00000000
00000001
00000011
00000001
00000001
00000001
00000000
00000000

00000000
00000000
00000000
00000000
00000000
00000011
00000010
00000000

10000000
11100000
10100000
00100000
00000000
00000000
00000000
00000000

00001111
00001111
00001010
00000010
00000000
00000000
00000000
00000000

00000111
00000011
00011111
00011101
00000001
00000000
00000000
00000000

00001110
00011100
00001000
00000000
00000000
00000000
00000000
00000000

00000011
00000001
00000000
00000000
00000000
00000000
00000000
00000000
