10000000000001010000011111111111
00000000000000000000011111111111
00000000001000000000011111111111
00000000001001100000011111111111
00000000000000100000011111111111
00000000000000000100011111111111
00000101000000000000011111111111
00110000000100100010011111111111
00000000000100000000011111111111
00000001001001000000011111111111
10000000000000000000111111111111
00001010100010000000011111111111
00000000000000000000011111111111
00000000000101000010111111111111
00000000101000000100011111111111
10000100000000000100111111111111
00000001000000000000011111111111
00000000001000000000011111111111
00010000000011000000111111111111
01000000001001000001011111111111
11111111111111111111111111111111
11111111111111111111111111111111
11111111111111111111111111111111
11111111111111111111111111111111
11111111111111111111111111111111
11111111111111111111111111111111
11111111111111111111111111111111
11111111111111111111111111111111
11111111111111111111111111111111
11111111111111111111111111111111
11111111111111111111111111111111
11111111111111111111111111111111

192
00000000
00000000
00000000
00000000
01110000
01000000
01000000
00000000

00000000
00000000
00001000
00001000
00000000
00000000
00000000
00000000

00111111
00000111
00000011
00000000
00000000
00000000
00000000
00000000

00000000
00000000
00011001
00001111
00001110
00001000
00001000
00000000

00000000
00000000
00000000
00000000
00110000
01100000
00000000
00000000

11110010
00011110
00011011
00000010
00000000
00000000
00000000
00000000

00000000
00000000
00000000
00000000
00000000
00000000
00000010
00000110

00000000
00000000
00000000
00000000
00000000
00000100
00000100
00000100

00000000
00000000
00000000
00000000
00000000
00000000
00000110
00000100

00000000
00000000
00000000
00000000
00000000
00000000
00010000
01111000

00000000
00000000
00000000
00000000
00100000
01110000
11111000
11111000

00000000
00000000
00000000
00000000
00000000
11110000
00100000
01110000

11111000
00011000
00110000
00100000
00110000
00000000
00000000
00000000

11100000
11100000
11110000
11110000
11000000
00000000
00000000
00000000

00000000
11010000
11111000
11100000
01110000
00100000
00000000
00000000

11110000
11110000
00100000
00000000
00000000
00000000
00000000
00000000

00000000
00000000
00000000
00000000
00000000
00000100
00001110
00000000

00000000
11110000
11111100
11010000
00000000
00000000
00000000
00000000

00000000
00000000
00000000
00000000
00000000
00000000
00000000
00001100

01110000
00111100
00010100
00000000
00000000
00000000
00000000
00000000

00000000
01000000
00000000
00000000
00000000
00000000
00000000
00000000

00001111
00011111
00110010
00000110
00000011
00000000
00000000
00000000

00000110
00011110
00000111
00000010
00000010
00000000
00000000
00000000

00000000
00000000
00000000
00000000
00000000
00000000
00000001
00000000

11111100
11110000
11110000
11000000
00000000
00000000
00000000
00000000

00000000
00001000
00001100
00000000
00000000
00000000
00000000
00000000

00000000
00100000
00000000
00000000
00000000
00000000
00000000
00000000

11100000
11100000
11110000
11100000
11100000
00000000
00000000
00000000

00000000
00000000
00000000
00000111
00001110
00000110
00001110
00000100

00000000
00000000
11100000
10000000
11000000
11000000
11000000
00000000

00000000
00000000
00000000
01000000
01100000
11100000
00000000
00000000

00000000
00000000
00000000
11100000
11111000
00110000
00100000
00000000

11000000
11100000
00000000
00000000
00000000
00000000
00000000
00000000

00000000
00000000
00000000
00000000
00000000
01001000
11101000
11111100

00110000
11110000
00110000
00000000
00000000
00000000
00000000
00000000

00000000
00000000
00000000
00000000
00000000
00010000
00011100
00011100

00000000
00000000
00000000
00000000
00000000
00000010
00000010
00000011

00000000
00000000
00000000
00000000
00000001
00000001
00000011
00000111

00000000
00000000
00000000
00000000
10000000
00000000
00000000
00000000

00000000
00001110
00011111
00010111
00000111
00000000
00000000
00000000

00000000
00000000
00000000
00000000
00000000
00001000
00111100
00000000

00000001
00000011
00000111
00001111
00000011
00000000
00000000
00000000

00000000
00000000
00000000
00000000
00000000
00100000
01100000
00000000

00001100
00111110
00011110
00001010
00001000
00000000
00000000
00000000

00000000
00000000
00000000
00101000
00111000
00110000
01111100
00000000

00000000
00000000
00000000
00000000
00000000
00000000
00000000
00001000

00000000
00000000
00000000
00000000
00010000
11110000
00010000
00000000

00001000
00011100
00001100
00001100
00001000
00001000
00000000
00000000

00000000
00000000
00000000
00000000
00000000
00000000
00000000
00011000

00000000
00001000
00001101
00001101
00001111
00000001
00000000
00000000

00000000
00000000
00000000
00000010
00000010
00000011
00000111
00000011

00000000
00000000
00000000
00000000
00100000
01100000
01111100
01111100

00000000
00000000
00000000
00000000
00000000
00000000
00000000
00000100

00000000
00000000
00000000
01101000
00111000
00100000
01100000
00000000

00000000
00000000
00000000
00000000
00000000
00000000
10000000
00000000

11100000
10111000
00100000
00000000
00000000
00000000
00000000
00000000

00000000
00000000
00000000
00000000
00000000
00000111
00000100
00000000

11100000
11000000
10000000
11000000
10000000
11000000
10000000
11000000

00100000
11100000
11100000
11000000
10000000
10000000
00000000
00000000

00000000
00000000
00000000
00100000
01110000
11000000
01110000
00111000

01110000
00111100
00111000
00100000
00000000
00000000
00000000
00000000

00001000
00001110
00001111
00001000
00001000
00000000
00000000
00000000

00000000
00000000
00000000
00000000
00010100
00110100
00011100
00011111

00000000
00000000
00000000
00000000
00000000
00000000
10000000
10000000

00011111
00011111
00000110
00000000
00000000
00000000
00000000
00000000

01111000
01100000
11110000
11100000
00000000
00000000
00000000
00000000

00000000
00000000
00000000
00000000
10000000
11000000
11110000
11100000

00000000
00000000
00001001
00001111
00001110
00001000
00000000
00000000

11110000
11110000
00110000
00000000
00000000
00000000
00000000
00000000

00000000
00000000
00000110
00000011
00000000
00000000
00000000
00000000

00000000
00000000
00000000
00000110
00000000
00000000
00000000
00000000

00000000
00000000
00000000
00000000
00100000
00100000
00100000
01110000

00000000
00000000
00000000
00100000
01110000
01111100
00101000
01101100

00000000
00010000
01111000
00111000
00100000
00000000
00000000
00000000

11111000
11110000
11110000
11000000
01000000
00000000
00000000
00000000

00000000
00000000
00000000
00000000
10000000
11000000
11100000
11111000

00000000
00000000
00000000
00000000
00000000
00000000
00000100
00000110

11111000
11111100
00110000
00010000
00000000
00000000
00000000
00000000

00000000
00000000
00000000
00000000
00010000
01111000
00110000
00000000

00000000
00000000
00000000
00000000
00000000
00000010
00000011
00001111

00000000
00000000
01100000
00000000
00000000
00000000
00000000
00000000

00000000
00000000
00000000
00011000
00001000
00000000
00000000
00000000

00000001
00000000
00000000
00000000
00000000
00000000
00000000
00000000

00000000
00010000
00010000
01111000
00010000
00011000
00011000
00110000

00000000
00000000
00000000
00000110
00001111
00001100
00000000
00000000

00001111
00000111
00000111
00000001
00000000
00000000
00000000
00000000

00000000
00000000
00001000
11111000
00110000
00110000
00000000
00000000

00000000
00000000
00000000
00000000
00101000
00111001
00101111
00001100

00000000
00000000
00000001
00000001
00000011
00000011
00001111
00001111

11100000
01110000
00110000
00000000
00000000
00000000
00000000
00000000

00000000
00000000
00000000
00111111
00000100
00001100
00000100
00000100

00000000
00000000
00000000
00000000
00110000
11100000
10110000
00100000

00000000
00000000
00000000
00000000
00000000
00000000
00000010
00000011

00010000
00011000
00001000
00001110
00000000
00000000
00000000
00000000

00000000
00000000
00000001
00000111
00000111
00000101
00001100
00000000

00000000
00000000
00000000
00000000
00001000
01111000
00011100
00111000

00000000
00100000
00110100
00111110
00011111
00001010
00000000
00000000

00000000
00000000
00000000
00000000
00000010
00000010
00000111
00000011

00000000
00000000
00000000
00000000
01100000
11111000
11110000
11111000

00000111
00000111
00000010
00000000
00000000
00000000
00000000
00000000

00000000
00000000
00000000
00000000
00000000
00000000
00000000
11000000

00000111
00000011
00001111
00000101
00000000
00000000
00000000
00000000

00000000
00000001
00000011
00000110
00001110
00001111
00000010
00000000

00010000
01111100
00001111
00111110
00001000
00000000
00000000
00000000

00000000
00000000
00000000
00000000
00000100
00001110
00001111
00000111

00000000
00000000
00000000
00000000
00000000
01100000
00111000
00100000

00000000
00000000
00100000
00000000
00000000
00000000
00000000
00000000

00000011
00000010
00001110
00000110
00000100
00001100
00001000
00000000

00000000
00000000
00000000
00000000
00000000
00000000
00001000
00001100

00000000
01001000
11111000
11001000
11101000
01100000
00000000
00000000

11000000
11100000
11100000
11100000
01000000
00000000
00000000
00000000

11100000
11110000
00010000
00000000
00000000
00000000
00000000
00000000

01100000
00000000
00000000
00000000
00000000
00000000
00000000
00000000

00000000
00001000
00011000
00111000
01111000
00011100
00000000
00000000

00000000
00000000
00000001
00000001
00000000
00000000
00000000
00000000

00000000
01000000
01100000
11100000
11110000
10111000
00000000
00000000

00000000
00000000
00000000
00000000
00001110
00000100
00000110
00111110

00000000
00000000
00000000
00000000
00000000
01101000
01111100
00001000

00000000
00000000
00000000
00001010
00011011
00001111
00001111
00000011

01100000
00000000
00000000
00000000
00000000
00000000
00000000
00000000

00000000
00000000
00000110
00111110
00000100
00000100
00000000
00000000

11100000
11110000
11111100
00001000
00000000
00000000
00000000
00000000

00000011
00000011
00000000
00000000
00000000
00000000
00000000
00000000

11110000
11000000
11100000
11000000
01000000
00000000
00000000
00000000

00000000
01100000
01000000
00000000
00000000
00000000
00000000
00000000

00000000
00000000
00000000
00000000
00000000
01010000
01111100
00011100

00000100
00001111
00000111
00000100
00000000
00000000
00000000
00000000

00000000
00000001
00000111
00001111
00000111
00000101
00000100
00000000

00000000
00000100
00001100
00000000
00000000
00000000
00000000
00000000

00110000
00111000
11111000
00000000
00000000
00000000
00000000
00000000

01111000
01100000
00000000
00000000
00000000
00000000
00000000
00000000

00000000
00000000
00000000
00000000
00001100
00000100
00000100
00000000

00000000
00000000
00000000
00000100
00000101
00000111
00010111
00011111

00000000
00000000
00000000
00000010
00000111
00000111
00000000
00000000

00000000
00001000
00001000
00011000
00001100
00001000
00000000
00000000

00000000
00010100
00011100
00011000
00001000
00000000
00000000
00000000

00000000
00000000
00000000
00011000
00011000
00001010
00011111
00011001

00000000
00000000
00000000
00000010
00011011
00111110
00001000
00000000

00000000
00000000
00000000
00000000
00001011
00011111
00000111
00001111

00000111
00000011
00000011
00000011
00000001
00000001
00000000
00000000

00000000
00000000
00000001
00000001
00000011
00111111
00011010
00000000

00011111
00110111
01100011
00000001
00000000
00000000
00000000
00000000

00001111
00000111
00011111
00000110
00000000
00000000
00000000
00000000

00000000
00000000
00000000
00000000
00000001
00000011
00000011
00000111

00011110
00011110
00000111
00000001
00000011
00000010
00000000
00000000

00000000
00000000
00110000
00011000
00001000
00000000
00000000
00000000

00011110
00011100
00111000
00000000
00000000
00000000
00000000
00000000

11111110
10111100
00110000
00110000
00000000
00000000
00000000
00000000

00000000
00000010
00000110
00111110
00001000
00000000
00000000
00000000

00000000
00000000
00001000
00001100
00111000
01111000
01110000
00010000

00000000
00000000
00000000
00000000
00110000
00110000
00111100
00111000

11000000
10000000
11100000
10000000
00000000
00000000
00000000
00000000

00000000
00000000
00000000
00000000
00000000
00001000
00111100
00001000

00000000
00000000
00000000
00000000
00000000
00000000
00000000
00010000

00000000
00000000
00000000
00000000
00000000
00000000
00000000
01110000

00000000
00000000
00000000
00000000
00000000
00000111
00000011
00011111

00011000
00111000
00001100
00000000
00000000
00000000
00000000
00000000

00000000
00000000
00001100
00011000
00011100
00001000
00000000
00000000

00000000
00000000
10000000
10100000
11100000
11111000
00000000
00000000

00000000
00000000
00000000
11000000
01111000
01000000
01100000
00000000

00000000
00011100
00000000
00000000
00000000
00000000
00000000
00000000

00110000
01110000
00111100
00010000
00000000
00000000
00000000
00000000

00000100
00000100
00011100
00000100
00000000
00000000
00000000
00000000

00000000
00011110
00011000
00000000
00000000
00000000
00000000
00000000

00000000
00000000
00000001
00000011
00000000
00000000
00000000
00000000

00011111
00001111
00001111
00000011
00000000
00000000
00000000
00000000

00000000
00000000
00000000
00000000
00000100
00000110
00011100
00001000

00000000
00000000
00000100
00000100
00000100
00001110
00001011
00000000

00000100
00000000
00000000
00000000
00000000
00000000
00000000
00000000

00000000
01001110
01111111
11100000
01000000
00000000
00000000
00000000

00000000
00000000
00000000
00000000
00000000
00000000
00001000
00001100

00000000
00000000
00000000
00000000
00000000
10000000
11100000
11100000

00000000
00000000
00000000
00000000
00000000
00011100
00011000
00000000

00000000
10000000
10000000
10000000
11000000
11010000
11110000
11110000

00000000
00000000
00000000
00000000
00000000
00110000
00100000
00111000

00000000
00000011
00000011
00000011
00000110
00000000
00000000
00000000

00000000
00000000
00000000
00010000
00011000
00000000
00000000
00000000

00000000
00000000
00000000
00000000
00000000
00000000
00001110
00001000

00000000
00000000
00000000
00010000
00110000
00100000
00000000
00000000

00000000
00000000
00000000
00000000
10110000
10110000
11110000
11111100

00000000
11000000
10000000
00000000
00000000
00000000
00000000
00000000

00000000
00000000
00011000
00011000
00000000
00000000
00000000
00000000

00000000
01000000
01000000
11100000
11100000
11000000
10000000
00000000

00000000
00000000
00000000
00000010
00001011
00011110
00011110
00000010

00000000
00000000
00000000
00000000
00000000
00010000
00000000
00000000

00000000
00000000
00010000
11111100
11110000
00000000
00000000
00000000

00011000
00001000
00000000
00000000
00000000
00000000
00000000
00000000

00000000
00000000
11000000
11100000
11100000
11000000
11000000
00000000

00000000
00000000
00000000
00000000
00000010
00000000
00000000
00000000

11100000
10000000
10000000
00000000
00000000
00000000
00000000
00000000

00000000
00110000
00100100
00111100
00110000
00110000
00110000
00100000

00000000
00000000
00001000
00000000
00000000
00000000
00000000
00000000
