10000000000000000000000011111111
00000000000000000000000011111111
00000000000000000000000011111111
00000000000000000000000011111111
00000000000000000000000011111111
00000000000001000100000011111111
00000000000000000010000011111111
00000000000000000000001011111111
00010000000000000000000011111111
00000000000000000000000011111111
00000000000000000000000011111111
00000000100000001000000011111111
00000000000000000000000011111111
00000000000001000001000011111111
00000000000000000000100011111111
00000000000000000000000011111111
00110000000000000000000011111111
00000000000000000000000011111111
00000000000000000000010011111111
00000000000000000000000011111111
11111111111111111111111111111111
11111111111111111111111111111111
11111111111111111111111111111111
11111111111111111111111111111111
11111111111111111111111111111111
11111111111111111111111111111111
11111111111111111111111111111111
11111111111111111111111111111111
11111111111111111111111111111111
11111111111111111111111111111111
11111111111111111111111111111111
11111111111111111111111111111111

149
00000000
00000000
00000000
00000000
00000000
00110000
00110000
00000000

00000000
00000001
00000011
00000001
00000001
00000000
00000000
00000000

00011000
00111100
01110000
00010000
00000000
00000000
00000000
00000000

00000000
00000000
00000000
00000000
00000000
00000000
00010100
00111111

00000000
00000000
00000000
00000000
10000000
10000000
11100000
11100000

00000000
00000000
00000000
00000000
00011110
00001110
00000110
00001110

00000001
00000011
00001111
00001100
00011111
00001000
00000000
00000000

00000000
00000000
00000000
00000000
00001010
00111110
00001110
00001111

00000000
00000000
00000000
00000000
00011000
00110000
00110110
00011110

00000000
00000000
00000110
00011111
00000100
00000000
00000000
00000000

00000000
00010000
00010000
01111100
00110000
00000000
00000000
00000000

11111000
11100000
11100000
11000000
01000000
01000000
00000000
00000000

11111100
11110000
10010000
00000000
00000000
00000000
00000000
00000000

00000000
00000010
00000110
00000010
00000000
00000000
00000000
00000000

00000000
00000000
00000000
00000000
00100000
11100000
01000000
00000000

00000011
00000111
00000011
00000111
00000111
00001100
00000000
00000000

00000000
00000000
00000000
00000000
00001000
00001000
00001111
00011001

00000000
00000000
00000000
00000000
00011000
00010000
00111110
00111100

00000000
00000011
00001111
00001110
00000110
00000000
00000000
00000000

00000000
00000000
00011100
00011000
00000000
00000000
00000000
00000000

00000011
00000011
00000011
00000001
00000000
00000000
00000000
00000000

00000000
00000000
00111000
00000000
00000000
00000000
00000000
00000000

11110000
01111000
01000000
01000000
00000000
00000000
00000000
00000000

00000000
00000000
00000000
00000011
00000011
00000111
00011101
00000100

00000000
00000000
11000000
10000000
00000000
00000000
00000000
00000000

00000000
00000000
00000110
00000111
00011100
00011110
00000110
00000000

00000000
00000010
00001010
00001110
00000110
00000000
00000000
00000000

11110000
11110000
11000000
00000000
00000000
00000000
00000000
00000000

00000000
00000000
00001110
00000000
00000000
00000000
00000000
00000000

00000000
00011000
00011100
00001100
00001110
00001100
00011100
00000100

00000000
00000000
00000000
00010000
00010000
10111000
10111000
11110000

00000111
00000101
00000000
00000000
00000000
00000000
00000000
00000000

00000000
11110000
11100000
11100000
11110000
10000000
00000000
00000000

00001000
00111000
11111100
01001000
00001000
00000000
00000000
00000000

00011110
00011100
00011110
00011100
00001000
00000000
00000000
00000000

00000000
00000000
00000000
00000001
00000011
00000011
00000111
00011111

00000000
00000000
00000000
00000000
00111100
00110000
00110000
00000000

00000011
00000110
00000010
00000000
00000000
00000000
00000000
00000000

00000000
00000000
00000001
00000011
00000011
00000111
00000110
00000000

00000000
00000000
00100000
00100000
11100000
01110000
00111100
00000000

00000000
00000000
00000000
00000000
00000000
00000001
00000011
00000001

00000000
00000000
00000000
00000000
00000000
11000000
01110000
00110000

00000000
10000000
11100000
11110000
11110000
11110000
00000000
00000000

00000000
00000000
00000000
00000000
00000000
00000000
00000000
00001000

01100000
01100000
01110000
00100000
01110000
00000000
00000000
00000000

00000000
10000000
10000000
11010000
11110000
11100000
11000000
11000000

00000000
00000010
00000110
00000110
00000010
00000000
00000000
00000000

00001111
00000111
00000000
00000000
00000000
00000000
00000000
00000000

00000000
00000000
00000000
00000000
00110000
10100000
11111000
11110000

00010000
01110000
11110000
11111000
00000000
00000000
00000000
00000000

00000000
00000000
00000000
00000000
00000000
00000101
00000111
00000100

00000000
00000000
00000000
00100000
01100000
11110000
11100000
11000000

00000000
00000000
01110000
00110000
11111100
01001000
01001000
00000000

00000000
00000000
00000000
00000000
00011000
01111000
01101000
01000000

00000000
00000000
00000110
00000110
00000000
00000000
00000000
00000000

00000000
00000000
00000000
00000000
00000000
00000011
00000011
00000000

00111100
00001100
00001000
00001000
00001000
00000000
00000000
00000000

00000000
00000000
00000000
00000000
00000000
00000000
00000000
01100000

00000000
00000000
00000000
01100000
01110000
00011000
00001000
00000000

00011110
00000100
00000100
00000000
00000000
00000000
00000000
00000000

00000100
00000111
00000111
00001111
00001111
00000100
00000000
00000000

00000000
00000000
00000000
00000000
00000100
00001110
00001110
00001100

00000000
00000000
00000001
00000001
00000111
00000111
00001111
00000111

00000000
00000000
00100000
10110000
11110000
11000000
00000000
00000000

00000000
00000000
00000000
00000000
00000000
00000000
00000000
00000001

00000000
00000000
00000000
00000100
00001110
00001110
00001100
00000000

00000000
00000000
00000000
00000000
00000000
00000000
00000000
00100000

00000000
10000000
10000000
11100000
11110000
11000000
10000000
11000000

00000000
00000000
00000000
00000000
00000000
00000110
00000010
00000000

00000000
00011111
00111101
00111000
00001000
00000000
00000000
00000000

00000000
00000000
00000000
00000000
10000000
11000000
11100000
11000000

00000000
00001100
00000110
00101100
00111100
00010000
00010000
00000000

00000000
00000000
00000000
10000000
11110000
11000000
11100000
10000000

00000000
00000000
00000000
10000000
10000000
00000000
00000000
00000000

00000000
00000000
00000000
00000000
00000000
00000000
00001000
00000000

00000000
00000000
00000000
00000000
00000000
11000000
00000000
00000000

00110000
01111000
00100000
01111100
00100000
00000000
00000000
00000000

00000000
00000000
00000000
00001000
00111000
00111000
00011100
00000000

00000000
00000000
00000000
00000000
01000000
11000000
00000000
00000000

10000000
10000000
10000000
11000000
00000000
00000000
00000000
00000000

01000000
01100000
11100000
11000000
00000000
00000000
00000000
00000000

00001110
00000110
00000110
00000000
00000000
00000000
00000000
00000000

00000000
00000000
00000000
11100000
10100000
10110000
00110000
00000000

00000000
10000000
11000000
11100000
11110000
01110000
00100000
00000000

00001000
00011000
00010000
00000000
00000000
00000000
00000000
00000000

00000000
00000000
00000000
00000000
00000000
00000011
00111111
00011111

00000000
00000000
00000000
00000100
00000000
00000000
00000000
00000000

00000000
00000000
00000000
00010000
00111000
00111110
00011100
00001000

00000000
00000000
00000011
00000011
00011111
00000011
00000010
00000000

00000001
00000001
00000001
00000111
00001111
00000010
00000000
00000000

11001000
11111000
11110000
11000000
01100000
00000000
00000000
00000000

00000000
00000000
10000000
00000000
00000000
00000000
00000000
00000000

11100000
11110000
10010000
00011000
00001000
00000000
00000000
00000000

00011111
00000111
00000010
00000000
00000000
00000000
00000000
00000000

00100000
00100000
00100000
00000000
00000000
00000000
00000000
00000000

00000100
00100100
00111111
00001111
00001010
00000000
00000000
00000000

00000000
00000000
00000000
00000000
00010000
00110000
01110000
00000000

00000000
00000000
00000000
10000000
11100000
11110000
01000000
01100000

00000000
00000000
00000000
00000101
00000111
00000111
00001111
00000111

00000000
00000000
00000000
01111000
00000000
00000000
00000000
00000000

00000111
00000010
00000010
00000000
00000000
00000000
00000000
00000000

00000000
00000000
00000000
00000000
00000000
00000000
00001100
00011110

00000000
00000000
00000000
00000000
00001110
00101111
00111110
00001110

01111000
00111000
00111100
00001110
00000100
00000100
00000000
00000000

00000000
00000000
00100000
00110000
11100000
01100000
01000000
00000000

00000000
00000000
00001100
00000000
00000000
00000000
00000000
00000000

00000000
00000110
00000000
00000000
00000000
00000000
00000000
00000000

00100100
11110111
01011111
00000001
00000000
00000000
00000000
00000000

00000000
00000000
00000000
10000000
10000000
11100000
11110000
11110000

00000110
00000010
00000111
00000000
00000000
00000000
00000000
00000000

00000000
00000000
00000000
00000000
00000000
00000000
00000000
00011100

00000000
00000000
00000000
00100000
00111000
00110000
01100000
00000000

00001110
00001000
00000000
00000000
00000000
00000000
00000000
00000000

00010000
00010000
00111000
01111110
00011100
00000000
00000000
00000000

00000000
00000000
00000000
00000000
00000000
00000010
00000110
00000110

00000000
00000000
00000000
00000000
00100000
00100000
00000000
00000000

00000000
00000000
00000000
00000000
00000000
00000000
11000000
11110000

00000000
00000011
00000111
00000111
00000011
00000011
00000000
00000000

00000000
00000000
00000000
00100000
00110000
00110000
00100000
01100000

00000000
00000111
00000011
00000001
00000011
00000011
00000001
00000001

00000000
00000000
00000000
00000000
00000000
11000000
10000000
11100000

00000000
00000000
01000000
01000000
01100000
01000000
11100000
11000000

00000000
00000000
00000000
10000000
10000000
11111000
10010000
11000000

00001111
00001111
00001011
00000000
00000000
00000000
00000000
00000000

00000001
00000111
00000001
00000001
00000111
00000111
00000000
00000000

00000000
00000110
00000100
00000100
00000000
00000000
00000000
00000000

00001111
00000111
00000111
00001110
00000100
00000000
00000000
00000000

11000000
11100000
10110000
10000000
00000000
00000000
00000000
00000000

00000000
00000000
00000000
00010000
00000000
00000000
00000000
00000000

00010000
00010000
00111000
00010000
00000000
00000000
00000000
00000000

00000000
00000000
00000001
00000011
00001111
00001101
00000001
00000000

00111111
00001011
00011011
00011000
00000000
00000000
00000000
00000000

00000000
00001000
00011100
00011100
01110110
11100010
00000000
00000000

00000000
00000000
00000000
00000000
00000001
00000111
00000011
00000000

00000000
00000000
00000000
00000000
00000110
00000100
00000000
00000000

00000000
00000000
00000000
00000000
00000000
00000000
10000000
10000000

00000000
00000000
10000000
10000000
11100000
11110000
11100000
11100000

00000000
00000000
00000000
00000000
11100000
11100000
11110000
11000000

00000000
00000010
00011111
00000011
00000001
00000001
00000000
00000000

01100000
00110000
00010000
00000000
00000000
00000000
00000000
00000000

00000000
00000000
00000000
00000110
00000010
00000110
00000000
00000000

11000000
11000000
10000000
00000000
00000000
00000000
00000000
00000000

00000000
00000000
00000000
00000000
00000100
00000111
00000100
00000000

00000000
00000000
00000000
00000000
00000000
00000000
00100000
00100000

00000000
00000000
00000000
00000000
00000000
00000000
00000000
00011000

00000000
00000000
00000000
00000000
00000000
01100000
11100100
11111100

00000000
00000000
00000000
00000100
00000100
00000100
00000111
00011111

00000000
00000000
00000000
00000000
00000000
00000000
01000000
11100000

00000000
00000000
00110000
00000000
00000000
00000000
00000000
00000000
