00000000000000000000000001111111
00000000000100000000000001111111
00000000000000000000000011111111
00000000100000001000000001111111
00000000000000000000000001111111
00000000000000000000000001111111
01010000000000000000000001111111
00010010000000000000000001111111
00000000000000000000000101111111
00100000000000000000100001111111
00000000000000000000100001111111
10000001100000110000000001111111
00010000000000000000000001111111
00000000100000000000000001111111
00000011100000000000000001111111
00000000000000000000000001111111
00000000000000000000000001111111
00000010010000000000000001111111
00010000000000001000100001111111
00000001000001000000000001111111
11111111111111111111111111111111
11111111111111111111111111111111
11111111111111111111111111111111
11111111111111111111111111111111
11111111111111111111111111111111
11111111111111111111111111111111
11111111111111111111111111111111
11111111111111111111111111111111
11111111111111111111111111111111
11111111111111111111111111111111
11111111111111111111111111111111
11111111111111111111111111111111

22
00000000
00000000
00000000
00000000
00000000
00000001
00000011
00000111

00000000
00000000
00000000
00000000
00000000
00001000
00001100
00000100

00000000
00000000
00000000
00000000
00000110
00000000
00000000
00000000

00000111
00000100
00000100
00000110
00000010
00000000
00000000
00000000

00000000
00000000
00000000
00000000
00000000
00000111
00000001
00000000

00000000
00000000
00000000
00000000
00000001
00000000
00000000
00000000

00010000
01111100
00011100
00001000
00000000
00000000
00000000
00000000

00000000
00001000
00001010
00001110
00001011
00001000
00001000
00001000

00000000
00000000
00000000
00000000
00000010
00011010
00001110
00001111

00000100
00000000
00000000
00000000
00000000
00000000
00000000
00000000

00000000
00010000
00110000
00000000
00000000
00000000
00000000
00000000

00000000
00000000
00000011
00000011
00000001
00000000
00000000
00000000

00000000
00000000
00000000
10100000
11100000
01100000
01111000
01111000

00000000
00000000
00000000
00000000
00001000
01111000
00111100
01111100

00000000
00000000
00000000
00110000
11100000
00110100
00011110
00111100

00000000
00000000
00000000
00010000
00010000
00011000
00000000
00000000

00000000
00000000
00000110
00000010
00000110
00000111
00000011
00000111

00000011
00001111
00000111
00000000
00000000
00000000
00000000
00000000

00000000
00000000
00000000
00000000
11100000
11000000
00000000
00000000

00000000
00000000
00000000
00000000
00100000
01100000
01110000
11100000

00000000
00000000
00000000
00000000
00001000
11111000
00110000
00000000

00000000
11110000
10110000
00110000
00000000
00000000
00000000
00000000
