00000000000000001000000000011111
00010000000000010010000000011111
00010000000000000000011000011111
00000000000000001000000001011111
00000000000000000000000000011111
00000000000000000000000000011111
00000000000000000000000000011111
00000010000000000000000000111111
01000000001100001000000000011111
00110001000000000000000000011111
00000000000000010000000000011111
00000000000000000101000000011111
00000000000100000000000010011111
00000000100000000010000001111111
00000000000000000000000000011111
00001001000000000100000100011111
00010010000000000000000000011111
00000001000000000000000000011111
00000000000000000000000001011111
00000010000000010000000000011111
00000000000000000000000000011111
00000000010000000001000000011111
00000000000000000000000000011111
00000001000000000100000001011111
00100000000000000000000000011111
10000000001000000000000001011111
00000000000000000000100000011111
00000000000000000000000010011111
11111111111111111111111111111111
11111111111111111111111111111111
11111111111111111111111111111111
11111111111111111111111111111111

7
00000000
00000000
00000000
00000000
00000000
00010000
00000000
00000000

10010000
11110000
11100000
01000000
01100000
00100000
00100000
00000000

00000000
00000000
00000000
00000000
00000000
00000011
00010001
00011111

00000000
00000000
11000000
00000000
00000000
00000000
00000000
00000000

00000000
10000000
11101000
11111100
00110000
00100000
00000000
00000000

00000000
00000000
11100000
11100000
00000000
00000000
00000000
00000000

00000000
00000000
00000000
00000000
00000000
00000010
00000010
00000010
