00000000000000000000000000111111
00000000000000000000000000111111
00000000000000000000001000111111
00000000000000000000000000111111
00000000000000000000000000111111
00000000000000000000000000111111
00000000000000000000000000111111
00000000000000000000000000111111
00000000000000000000000000111111
00000000000000000000000000111111
00000000000000000000000000111111
00000000000000000000000000111111
00000000000000000000000000111111
00000100000000000000000000111111
00000000000000000000000000111111
00000000000000000000000000111111
00000000000000000000000000111111
00000000000000000000000000111111
00000000000000000000000000111111
00000000000000000000000000111111
00000000000000000000000000111111
00000000000000000000000000111111
00000000000000000000000000111111
00000000000000000000000000111111
00000000000000000000000000111111
00000000000000000000000000111111
00000000000000000000000000111111
00000000000000000000000000111111
00000000000000000000000000111111
11111111111111111111111111111111
11111111111111111111111111111111
11111111111111111111111111111111

53
00000000
00000000
00000000
00000000
00000000
00000100
00010100
00011100

00111111
00111110
00111000
00010000
00000000
00000000
00000000
00000000

00100000
10110000
11110000
11100000
00100000
00000000
00000000
00000000

00000000
00000100
00000000
00000000
00000000
00000000
00000000
00000000

00000000
00000000
00000000
11000000
11100000
11100000
10000000
10000000

00000000
00000010
00000010
00000110
00000111
00011110
00110100
00110000

00000000
00000000
00000000
00000000
00001100
00011101
00000111
00000100

00000001
00000111
00001111
00000011
00000000
00000000
00000000
00000000

00000000
00000000
01000000
11000000
11000000
00000000
00000000
00000000

00000000
00000000
00000000
00000000
00000000
00100000
11100000
11000000

11110000
11110000
10100000
00100000
00000000
00000000
00000000
00000000

00111000
00111000
00000000
00000000
00000000
00000000
00000000
00000000

00000000
00000000
00000001
00001111
00000111
00000100
00000111
00000000

00000000
00000000
00000000
00000000
00000000
10000000
00000000
00000000

00011100
00001000
00011000
00001000
00001000
00000000
00000000
00000000

00000000
00000000
00000000
01100000
01100000
00000000
00000000
00000000

00000000
00000000
00100000
00100000
00110000
00111100
00100000
11110000

00000000
00000000
00000000
00000000
00000100
00001111
00001000
00000000

11111000
11110000
00110000
01100000
00000000
00000000
00000000
00000000

00000110
00001100
00000110
00000000
00000000
00000000
00000000
00000000

10000000
10000000
11000000
11100000
10000000
11000000
10000000
10000000

00000000
00000000
00000000
00110000
00111000
00001000
00000000
00000000

00111100
00011000
00000000
00000000
00000000
00000000
00000000
00000000

00000000
00000000
00000001
00000111
00011111
00001111
00000010
00000000

00000000
00000000
00000000
00000011
00001001
00011111
00000111
00000111

00000000
00000000
00000000
00000000
00110000
00110000
01111110
01111000

00000000
00000000
00000000
00000000
00000000
00000000
00000000
00001000

00000000
00000000
00001111
00000111
00000111
00000010
00000000
00000000

00000000
00011110
00000110
00000000
00000000
00000000
00000000
00000000

00000000
00000000
00000000
00000000
01110000
01111100
01110000
01111000

11000000
11000000
11111000
01100000
00000000
00000000
00000000
00000000

00000000
00000000
00000000
00000000
00010000
01110000
11010000
00000000

00000000
00000000
00000000
00000000
00000000
00001000
00001000
00001000

11110000
11111100
00001000
00000000
00000000
00000000
00000000
00000000

00000000
01100000
01000000
00000000
00000000
00000000
00000000
00000000

00000000
00000000
11100000
00000000
00000000
00000000
00000000
00000000

00001000
00011000
00000000
00000000
00000000
00000000
00000000
00000000

00000000
00000100
00000100
00000110
00001110
00000110
00000000
00000000

00000000
00000000
00000000
00000000
10000000
11000000
11000000
10000000

00000000
00000000
00000011
00000010
00000000
00000000
00000000
00000000

00111100
00001111
00001111
00001000
00011000
00010000
00000000
00000000

00000000
00000000
00000000
01100000
01111100
00101100
00000111
00000111

00001111
00011111
00001111
00011010
00000000
00000000
00000000
00000000

00000000
00000000
10000000
11110000
11010000
10000000
00000000
00000000

00000000
00000000
11100000
10000000
11100000
10000000
11100000
00100000

00000000
00000000
00000000
00010000
01110000
00110000
00100000
00000000

00000100
00000110
00000100
00000000
00000000
00000000
00000000
00000000

00000000
00000000
00000000
00000010
00000111
00011111
00011110
00000110

00000000
00000000
00000000
00001110
00000100
00011110
00111110
00001000

00000000
00000000
00000000
00000000
00000000
01000000
00000000
00000000

00000000
00000000
00000000
10000000
00000000
00000000
00000000
00000000

00000000
00011100
00111100
00111110
00011100
00001000
00000000
00000000

00000000
00000000
00000000
00000000
00000000
01000000
11100000
11111000
