00000000000101000000001111111111
00010000000000000000001111111111
00001000000000100000001111111111
00000000000000000000001111111111
00000000000000000000001111111111
00000100010100000000001111111111
00000000000000000000001111111111
01000000000000000000001111111111
00100000000000000000001111111111
00000010000000000000001111111111
00000000000000000001001111111111
00100011000000000000001111111111
00000000000000010000001111111111
00001000000010001010001111111111
00000000000000000000101111111111
00000000000000000000001111111111
00000100100000000000001111111111
00001011000000000000001111111111
00000000000000000000001111111111
00100000010000000000001111111111
00000000000000010010001111111111
00000000001000000001001111111111
00100000000000000010001111111111
00000000000000000000001111111111
00000000000000000000001111111111
01100001000000000000001111111111
00000001000001000000001111111111
00000000110000000010001111111111
00100100000000000110001111111111
00000000000001001000001111111111
00000000010000000001001111111111
11111111111111111111111111111111

243
00000001
00000000
00000000
00000000
00000000
00000000
00000000
00000000

00000011
00001010
00001110
00000110
00000111
00000110
00000000
00000000

01100100
01111100
00010000
00011000
00011000
00010000
00000000
00000000

00001110
00001110
00000010
00000000
00000000
00000000
00000000
00000000

00001110
00001100
00111000
00000000
00000000
00000000
00000000
00000000

00000000
00100000
00100000
01111100
11100000
11100000
00000000
00000000

00000000
00000000
00000000
00010000
11111100
11001000
01000000
01000000

00000000
00000000
00000000
00000000
00000000
01110000
00111000
01111000

00001111
00001011
00001001
00001000
00000000
00000000
00000000
00000000

11100000
11111110
10101000
10000000
00000000
00000000
00000000
00000000

00000000
00000000
01100000
01000000
00000000
00000000
00000000
00000000

00000001
00000000
00000000
00000000
00000000
00000000
00000000
00000000

00000000
00000000
00000000
00000000
00001110
00000000
00000000
00000000

00011100
00001100
00001110
00000100
00000110
00000000
00000000
00000000

00000000
00000000
00000010
00001111
00000011
00000111
00000101
00000001

00000000
00000000
00000000
00000000
00000000
00010000
00110000
00011111

00000000
00000100
00001100
00000100
00000000
00000000
00000000
00000000

00000001
00000001
00000001
00000011
00000011
00000000
00000000
00000000

00000000
00000000
00000000
00000000
01000000
00000000
00000000
00000000

00000000
00000000
00000000
00100000
00000000
00000000
00000000
00000000

00000000
00000000
00000000
00000011
00000011
00000111
00000111
00000111

00000000
00000000
00000000
00000000
00000000
00000000
00000000
00010000

00000000
00000000
00000001
00000011
00000011
00001111
00001111
00000111

00000000
00000000
00000000
00000000
00000000
10010000
10110000
11100000

00000000
01111000
00110000
00010000
00000000
00000000
00000000
00000000

00000000
00001001
00001111
00001011
00000000
00000000
00000000
00000000

00000000
00000010
00000111
00000111
00000010
00000110
00000111
00000000

00000000
00000000
00000000
00000000
00000000
00000011
00000011
00000000

00000000
00000001
00000011
00000011
00000011
00000001
00000001
00000000

00110000
00011000
00111100
11111100
00000000
00000000
00000000
00000000

00000010
00000010
00000111
00000100
00001110
00000000
00000000
00000000

00000000
00000000
00001000
00111000
00011000
00011000
00000000
00000000

00000000
00000000
00000000
00001000
00001000
00011110
00001100
00000000

00000000
00000000
00000000
00000000
00000001
00000001
00000011
00000111

00000000
00000000
00000111
00000011
00000001
00000000
00000000
00000000

00000000
00000000
00000000
01100000
11110000
00111100
00110100
00110100

00000000
00000000
11000000
00000000
00000000
00000000
00000000
00000000

00011111
00000011
00000001
00000111
00000001
00000001
00000000
00000000

00000000
00000000
00010000
01110000
11110000
01100000
00110000
00000000

00000000
00000000
11110000
10000000
00000000
00000000
00000000
00000000

00000000
00000000
00000000
00001001
00011111
00001010
00001010
00000000

01100000
01000000
01000000
11000000
11100000
00000000
00000000
00000000

00100000
00000000
00000000
00000000
00000000
00000000
00000000
00000000

00000000
00101000
01111000
00111000
00101110
00001000
00000000
00000000

00000000
00011100
00001000
00001000
00001100
00000000
00000000
00000000

00000000
10000000
10000000
11100000
11111000
10000000
10000000
11100000

00000000
00000000
00000000
00000000
00000000
00011000
00011110
00000100

00000000
00000000
00001000
00001000
00111100
00000100
00000100
00000000

00001111
00111111
00110011
00000000
00000000
00000000
00000000
00000000

00001000
00111000
00001100
00001000
00001100
00000000
00000000
00000000

00000110
00000110
00001100
00000000
00000000
00000000
00000000
00000000

00000000
00000000
00100000
00000000
00000000
00000000
00000000
00000000

00000000
00000000
00000000
00010110
00011100
00001100
00000100
00000000

00000000
00000000
00001001
00001111
00000011
00000001
00000000
00000000

10000000
10000000
00000000
00000000
00000000
00000000
00000000
00000000

00000000
00000000
00100000
00100000
00100000
00000000
00000000
00000000

00000000
00000000
00000000
00000000
00001110
01111000
00011110
11110000

00000010
00000010
00000110
00000011
00000111
00000111
00000010
00000010

01100000
00000000
00000000
00000000
00000000
00000000
00000000
00000000

00000000
00000000
11110000
11110000
00000000
00000000
00000000
00000000

00000000
00000000
00000000
00000000
00000000
00000000
00000000
01000000

00000011
00000010
00000110
00000000
00000000
00000000
00000000
00000000

00010000
00010000
00010000
00011000
00001100
00000100
00000000
00000000

00000000
00000001
00000111
00000011
00000110
00000010
00000000
00000000

00000000
00000000
00000000
00000000
00011010
00111111
00000011
00000001

00000000
00000000
00000000
00011011
00001111
00001111
00001110
00000100

11100000
11100000
11100000
00000000
00000000
00000000
00000000
00000000

00000000
00000000
00000000
00000000
00000000
00000000
00000011
00000111

00000000
00000000
00000000
00000000
00001000
00001001
00111111
01111111

00000000
00000000
00000000
00000000
00000110
00000110
00001111
00001111

00000000
00000000
00100000
01100000
11000000
01000000
00000000
00000000

00000000
00010000
00111100
00001111
00000010
00000000
00000000
00000000

00000000
00000000
00010000
00010000
01111000
00010000
00111100
00100000

00000000
00000000
00000000
00000001
00000001
00000101
00001111
00001001

00000000
00000000
00100000
00000000
00000000
00000000
00000000
00000000

00000000
00000000
00000000
00000000
00000000
00000001
00000001
00000011

00000000
00000000
00000001
00000001
00000001
00010101
00011111
00001111

00000000
00000000
01000000
00000000
00000000
00000000
00000000
00000000

01100000
00100000
00111000
00011110
00001110
00000000
00000000
00000000

00000000
00000000
00000111
00000111
00000010
00000010
00000000
00000000

00000000
00000000
00000000
00111101
00011111
00000010
00000000
00000000

00000011
00000011
00000001
00000001
00000011
00000000
00000000
00000000

00000000
00000100
00000100
00011100
00000000
00000000
00000000
00000000

00010000
00110000
01110000
01000000
11000000
00000000
00000000
00000000

00000000
00000000
00000000
00000000
01010000
01110000
11111000
10001110

00000000
00000000
00000000
01000000
01000000
01000000
00000000
00000000

00000000
00100000
01110000
00100000
00100000
00000000
00000000
00000000

00000000
00000000
00000000
00000000
00000000
00000000
00000001
00000000

00000000
00000001
00000111
00000010
00000010
00000000
00000000
00000000

00000000
00000000
00000000
01000000
01000000
11000000
11110000
11110000

00000000
00000000
00000000
00000000
00000000
00000010
00000000
00000000

00000000
00000000
00000000
11100000
11100000
11110000
01000000
00000000

01110000
01111110
00100000
00100000
00100000
00000000
00000000
00000000

00000001
00000011
00001111
00000111
00000011
00000011
00000010
00000010

00000000
00000000
00000000
10000000
11100000
11100000
11000000
11100000

00000000
00000000
00000000
00000110
00000100
00001100
00011100
00111000

00000000
00000000
00000000
00000000
00000100
00001100
00001100
00000100

00000000
00000000
00000000
00010000
01110001
00111111
00010100
00000100

00000000
00110000
11110000
11000000
11100000
10111000
00000000
00000000

00000000
00000000
00000000
00000000
00000000
00111000
11100000
11100000

00000000
00000000
00000001
00000000
00000000
00000000
00000000
00000000

00000000
00000000
10000000
11010000
11110000
11110000
11000000
10000000

00000000
00000000
00000000
00000000
00100000
01110000
11100000
11100000

00000000
00000000
00001101
00011111
00011101
00001000
00000000
00000000

00010000
00010110
00011110
00011111
00001100
00000000
00000000
00000000

00000000
00000000
00000000
00001000
01111000
00000000
00000000
00000000

00000000
00000110
00000011
00000011
00000001
00000011
00000110
00000010

00000000
00000000
00000000
00000000
00000000
00000001
00000101
00000111

01110000
00110000
00011000
00000000
00000000
00000000
00000000
00000000

00011111
01111100
11010000
10000000
10000000
00000000
00000000
00000000

00000000
00000000
00000000
00000000
00001100
00000000
00000000
00000000

00000001
00000001
00000011
00000001
00000001
00000000
00000000
00000000

00000000
00000000
00000000
00000000
00001000
01111000
00111000
00000000

00011110
00011110
00000110
00001111
00000000
00000000
00000000
00000000

00110000
00100000
11110000
01000000
00000000
00000000
00000000
00000000

00000000
00000100
00011100
00001100
00000000
00000000
00000000
00000000

00000000
00000000
10000000
10100000
11100000
11110000
00000000
00000000

00000000
00000000
01000000
01100000
01101000
00111100
00111000
00010000

00100000
00000000
00000000
00000000
00000000
00000000
00000000
00000000

00010000
00000000
00000000
00000000
00000000
00000000
00000000
00000000

00111111
00001111
00001100
00001100
00000100
00000000
00000000
00000000

00000000
00000000
00000000
10000000
10000000
00000000
00000000
00000000

00000000
00000000
00011000
01111000
01101000
11100000
00000000
00000000

00000111
00000111
00001100
00000100
00000000
00000000
00000000
00000000

10000000
11000000
10000000
10000000
00000000
00000000
00000000
00000000

00000000
00000000
11100000
01100000
01000000
00000000
00000000
00000000

00000000
00000000
00000000
00000000
10000000
11100000
11000000
11100000

00000000
00000000
00000000
00000000
00000000
00000000
01000000
11110000

00000000
00000000
00000000
00000010
00000111
00000111
00000111
00000011

00111100
00000110
00000000
00000000
00000000
00000000
00000000
00000000

00000000
00000000
00000000
11000000
11000000
11110000
10000000
00000000

00000000
00001000
00011110
00000111
00001110
00001000
00000000
00000000

00000000
00000000
00000000
00000000
00000000
01100000
00000000
00000000

00000000
00000000
00000000
00000100
00000000
00000000
00000000
00000000

00000000
00000010
00000110
00000111
00001101
00001100
00001000
00000000

11000000
11000000
11000000
10000000
00000000
00000000
00000000
00000000

00000000
00000000
00100000
00100000
10111000
11100000
10100000
00100000

00000000
00000000
00000010
00001110
00001000
00000000
00000000
00000000

00000000
00000000
00011100
00000000
00000000
00000000
00000000
00000000

00000000
00000100
00111100
00011100
00000100
00000100
00000000
00000000

00000000
00000000
00000000
00000000
00001000
00001000
00011100
00011000

00000000
00000000
00000000
00000000
11000000
11100000
00100000
01100000

00000001
00000001
00000111
00000111
00000011
00000111
00000001
00000011

00000000
00000000
00000000
00000000
00000011
00000010
00000010
00000010

00011111
00011111
00001011
00000011
00000001
00000000
00000000
00000000

00111110
00011100
00111000
00010000
00010000
00000000
00000000
00000000

11000000
11100000
11000000
00000000
00000000
00000000
00000000
00000000

00000000
00000000
10000000
00000000
00000000
00000000
00000000
00000000

11110000
11110000
00011100
00110000
00110000
00000000
00000000
00000000

00000000
00000000
00100000
11111100
01101000
00100000
00110000
00100000

11100000
11100000
11101000
00111100
00100100
00000000
00000000
00000000

00000000
00000000
00000000
00000000
00000000
01000000
11110000
00110000

00100000
00100000
11110000
00110000
00000000
00000000
00000000
00000000

10000000
10100000
11101000
01111100
00101000
00000000
00000000
00000000

00000000
00000000
00000000
00000000
00000000
00011100
00011100
00001111

00000011
00000110
00000100
00000000
00000000
00000000
00000000
00000000

00000000
00000000
00000000
00001100
00000000
00000000
00000000
00000000

00000000
00010000
00110000
00011000
00001100
00000000
00000000
00000000

00000000
01000000
11000000
11000000
11110000
11110000
01100000
00000000

00000100
00000100
00011110
00000111
00000000
00000000
00000000
00000000

00000000
00000000
00000000
11000000
11100000
11100000
11000000
11111000

11111000
10000000
11100000
00000000
00000000
00000000
00000000
00000000

00000000
00011000
00000000
00000000
00000000
00000000
00000000
00000000

00000000
00000000
00000000
01000000
11100000
11100000
11110000
11100000

00000000
00000000
00000000
00000001
01111111
00001101
00000100
00000110

00001111
00000111
00000110
00000110
00000100
00000110
00000010
00000000

00000000
01000000
01111000
01000000
00000000
00000000
00000000
00000000

00011000
00111000
00001000
00001000
00011110
00110000
00111000
00000000

00011000
00011000
00011000
01110000
00110000
00110000
00100000
00000000

00000000
00000000
00000000
00000011
00000111
00000010
00000000
00000000

00000000
00000000
00000000
00000000
00000110
00000111
01111110
00001000

11111000
11000000
01000000
00000000
00000000
00000000
00000000
00000000

00000000
00000000
00000110
00000100
00001100
00000110
00011100
00111000

00000010
00000010
00000000
00000000
00000000
00000000
00000000
00000000

00000000
00000000
00000001
00000011
00000111
00000001
00010111
00011111

00000000
00000000
00000000
10000000
10001000
11111100
11110000
00010000

00000000
00000000
00000000
00000000
00000000
11100000
01000000
01000000

00000000
00000000
01000000
11100000
11111000
11000000
10000000
10000000

00000000
00000000
00000000
00000001
00000001
00000001
00000111
00000011

11111000
11000000
10000000
11000000
00000000
00000000
00000000
00000000

00100000
00110000
00000000
00000000
00000000
00000000
00000000
00000000

00000000
00000000
00000010
00000011
00000001
00001111
00001111
00001111

00000000
00000000
00000101
00000101
00000111
00000011
00000011
00000000

11000000
01000000
00000000
00000000
00000000
00000000
00000000
00000000

00000000
00000100
00000000
00000000
00000000
00000000
00000000
00000000

00000000
00000000
00000100
00000100
00001110
00001111
00001100
00001111

00000000
00000000
00010000
00110000
11110000
11010000
01010000
00000000

00000000
00000000
00000000
00000000
00000011
00000011
00001111
00000011

01110000
00010000
00000000
00000000
00000000
00000000
00000000
00000000

10000000
11000000
10000000
11000000
00000000
00000000
00000000
00000000

00000000
00000000
00000000
00000000
00001110
00001111
00111100
00000000

00000000
00000000
00000000
00000000
00000010
00000111
00000110
00000110

00000000
00000000
00000000
00100101
00111111
00010010
00000010
00000000

00000000
00000000
01100000
11100000
11110000
00000000
00000000
00000000

00000000
00000000
00000000
00001000
01111000
01100000
11100000
11111000

00000000
00000000
00000000
00000000
00000000
00000000
00000001
00000000

00000000
00000000
00000000
00000000
00000000
00000000
00000000
00000010

00000000
00000000
00000000
00000000
00000010
00000110
00001111
00001111

00000000
00000000
00000000
00000000
00000000
00100000
11110000
11110000

00000000
00000000
00000000
00000000
00001000
00011000
00001100
00000100

00000000
00000000
00000000
00000000
00010000
00110000
01100000
00000000

00000000
00000000
00001000
00001100
00111100
00111000
00010000
00010000

00011111
00001110
00011000
00000000
00000000
00000000
00000000
00000000

00000000
00000000
00000000
00000001
00000000
00000000
00000000
00000000

00000000
00000100
00111101
00011111
00000110
00011100
00000000
00000000

00000000
00000000
00011000
00111000
01111000
00001100
00001000
00001100

00000000
00001000
00001100
00001110
00001100
00001100
00000000
00000000

00000000
00000000
00000000
00000000
00000000
00110000
01111100
01111000

00000000
00000000
00000000
01000000
01000000
01000000
01100000
00000000

00000000
00000010
00000010
00000010
00000000
00000000
00000000
00000000

00000000
00000000
00000000
00010000
00011000
00011100
00011110
00001100

00000000
00000000
00000000
00011110
00001110
00001100
00001000
00000000

00000000
00000000
00000000
00000000
00000000
00000000
10000000
11000000

00000000
00000000
00000000
00000000
00000000
00000100
00000110
00000010

00000000
00001100
00111000
01110000
01000000
00000000
00000000
00000000

00000000
00000000
11100000
11110000
11100000
11000000
01000000
00000000

00000000
00000001
00000001
00000111
00000110
00000010
00000000
00000000

00000000
00000000
00000000
00000000
00001000
00001000
00000000
00000000

00000000
00000000
00000000
00000000
00000000
00000010
00000010
00000000

11000000
01100111
00111110
00010000
00010000
00000000
00000000
00000000

00000000
00000000
00000000
01000000
11000000
10000000
10000000
00000000

00000000
00000000
00000000
00000000
00000000
00000000
00010000
00000000

11000000
11110000
11111100
10100000
10000000
00000000
00000000
00000000

00000000
00000000
00000000
00000000
00000000
00001000
00011000
00011111

00000000
00001000
00001001
00001111
00000100
00000000
00000000
00000000

00000000
00000000
00000000
00000000
00000000
00011100
00010000
01110000

00000000
00000000
00000000
11100000
01110000
00110000
01111000
01100000

00000000
00000000
00000000
00000111
00000011
00000111
00001111
00000111

00111111
00000111
00000011
00000000
00000000
00000000
00000000
00000000

00000000
11110000
10000000
00000000
00000000
00000000
00000000
00000000

00000000
00000000
00000000
00000000
00000001
00001111
00001111
00001111

00000000
00000000
00010000
00110000
00110000
00100000
11100000
11000000

11010000
11010000
11110000
11100000
00000000
00000000
00000000
00000000

00000000
00000000
00000000
00000000
00000100
00001110
00001111
00011111

11000000
11100000
01000000
00000000
00000000
00000000
00000000
00000000

00000000
00111100
00111110
00000100
00001110
00000010
00000000
00000000

00000000
00000000
00000000
00000000
00000000
00000000
00000000
00000010

00000000
00000000
00001000
00011110
00001010
00001010
00000000
00000000

01100000
00100000
01100000
00100000
00000000
00000000
00000000
00000000

00000000
00000000
00000000
10000000
10000000
00000000
00000000
00000000

11111100
11100100
11110100
00000000
00000000
00000000
00000000
00000000

00011111
00011011
00010011
00000001
00000001
00000001
00000000
00000000

00000000
00000000
00000000
01100000
11100000
11000000
00000000
00000000
