00000000000000000000001111111111
00000000000000000000001111111111
00000000000000000000001111111111
01010000000000000000001111111111
01010000000000000000001111111111
00000000000000000010001111111111
00000000001100000000001111111111
00000000000000000010001111111111
00000000000000000000001111111111
00000000000000000000001111111111
00000000100000000000001111111111
00000000000000000000001111111111
00000000000001000100001111111111
00000000000000000100001111111111
00000000000000000000001111111111
00000000000000000000001111111111
00000000000000100000001111111111
00000000011000000000001111111111
00000000000000000000001111111111
00000000000000000000001111111111
00000000000001000000001111111111
11111111111111111111111111111111
11111111111111111111111111111111
11111111111111111111111111111111
11111111111111111111111111111111
11111111111111111111111111111111
11111111111111111111111111111111
11111111111111111111111111111111
11111111111111111111111111111111
11111111111111111111111111111111
11111111111111111111111111111111
11111111111111111111111111111111

246
00000000
00000000
01000000
01000000
01110000
00111000
01110000
01000000

00000000
00000000
00100000
00101100
00111100
00111110
00001000
00000000

00000000
00000000
00000100
00011100
00001000
00000000
00000000
00000000

00000000
00000000
00000001
00000011
00000111
00000010
00000010
00000000

00001110
00011110
00111110
00111000
00000000
00000000
00000000
00000000

00111000
01111000
00011000
00010000
00010000
00010000
00000000
00000000

00000000
00000000
00110000
00100000
00000000
00000000
00000000
00000000

00000000
00000000
00000000
00000000
00000000
00000000
00110000
00000000

00000000
00000000
00000000
00111100
00100100
01111000
00000000
00000000

00001000
00001100
00011111
00001111
00000001
00000000
00000000
00000000

00000000
00110000
00111100
00101100
00001100
00000000
00000000
00000000

11100000
11000000
11100000
10100000
10000000
00000000
00000000
00000000

00000000
00000000
00000000
00000000
10000000
00000000
00000000
00000000

00000000
00000000
00000000
00000000
01001000
11111000
00111100
00100000

00110000
00000000
00000000
00000000
00000000
00000000
00000000
00000000

00000000
00001000
00001000
00000000
00000000
00000000
00000000
00000000

00000000
00000000
00000000
00011000
00001010
00011110
00011100
00011000

00000111
00001111
00000100
00000000
00000000
00000000
00000000
00000000

00000000
00000000
00000000
00000111
00000011
00000111
00000001
00000001

00000000
00000000
00000111
00000111
00000101
00000001
00000000
00000000

00000000
00000000
00000000
00000100
00000100
00001110
00001100
00000000

00000000
00000000
00000000
00000000
00000000
00000000
00001100
00001100

00010000
00110000
00000000
00000000
00000000
00000000
00000000
00000000

00000000
00000000
00000000
00000000
00000000
01111000
11100000
11100000

00000000
00000000
00000000
00000000
00000000
11000000
11000000
10000000

00000100
00000100
00000100
00011100
00000110
00000010
00000000
00000000

00000000
00000000
00000000
10000000
10000000
11000000
00000000
00000000

00000000
00000000
00000000
00000000
00001000
00001110
00000110
00000000

00001111
00000011
00000111
00000111
00000011
00000001
00000000
00000000

00000000
11100000
00111000
00000000
00000000
00000000
00000000
00000000

00000000
00010000
00010000
00000000
00000000
00000000
00000000
00000000

00000000
00000000
10000000
11000000
00000000
00000000
00000000
00000000

00000000
00000111
00001111
00011100
00010100
00000000
00000000
00000000

00000000
00000001
00000000
00000000
00000000
00000000
00000000
00000000

00000000
00000000
00000000
00000000
00000000
00000000
00000000
00000100

00000000
00000000
00000000
10000000
10000000
11000000
01000000
00000000

00000000
00000100
00000101
00011111
00000011
00000000
00000000
00000000

00000000
00000000
00000000
00000000
11110000
01000000
00000000
00000000

00000000
00000000
00000000
00000110
00000000
00000000
00000000
00000000

00011000
00001000
00000000
00000000
00000000
00000000
00000000
00000000

00000000
00000000
00000000
00000000
00000000
00000000
00100000
00100000

11000000
01000000
01000000
00000000
00000000
00000000
00000000
00000000

00000000
00000000
00000000
00000000
00000000
00000000
11000000
11000000

00000000
00000000
00000000
00000000
11000100
01111110
01100100
00110000

00000000
00000000
00000111
00000011
00000011
00000111
00001111
00001100

00000000
00000000
00000000
00000000
00000000
00000100
00000100
00000110

00000000
00000000
00000000
00001000
00001111
00011110
00000110
00001100

11110000
11000000
11110000
10100000
10000000
10000000
00000000
00000000

00000000
00000000
00000000
00000000
10000000
10000000
11000000
11000000

00000000
00110000
00110000
11100000
10110000
00110000
00000000
00000000

00000000
00001000
00011000
01111100
00001000
00000000
00000000
00000000

00000000
00000000
00000000
00000000
00000000
00000011
00000000
00000000

00000000
00000000
00000000
00000000
00000000
00011000
00000000
00000000

00000000
00000000
00000000
00000000
00000000
00000000
00100000
11110000

00000000
00000000
00000000
01000000
11111000
00011100
00011100
00111100

00000000
00001000
00001110
00001110
00011000
00000000
00000000
00000000

00000000
00000000
00000000
00001000
00001000
00011110
00011010
00001000

00000000
00000000
00000000
01000000
00000000
00000000
00000000
00000000

00000000
11100000
00100000
00110000
00000000
00000000
00000000
00000000

00011111
00011111
00001100
00011100
00000000
00000000
00000000
00000000

00000001
00000001
00000111
00000001
00000000
00000000
00000000
00000000

00000111
00001111
00000110
00000110
00000000
00000000
00000000
00000000

00000000
00000000
00000000
00000010
00001111
00000111
00000011
00000001

00000111
00000111
00000001
00000000
00000000
00000000
00000000
00000000

00000000
00000000
00000000
01000000
01000000
11000000
10000000
11000000

00000000
00000000
00000000
00000000
00111100
00110110
00000000
00000000

00001111
00001111
00000101
00000001
00000001
00000001
00000000
00000000

00000000
00000000
00000000
00000000
00000000
00000000
00000010
00000111

00000000
00000000
00001000
00001100
00011111
00000101
00000000
00000000

00000000
00000000
00000000
00000000
00000000
00100000
00100000
01111100

00000000
00000110
00001110
00000010
00000000
00000000
00000000
00000000

00000000
00000000
00000010
00000011
00000011
00000000
00000000
00000000

00000000
00000100
00001110
00000100
00000110
00011111
00000111
00000100

00000000
00000000
00000000
00000000
00000000
00000000
00000110
00000100

11000000
11110000
11110000
11100000
00000000
00000000
00000000
00000000

00000000
00000000
00000000
00000000
00000100
00000000
00000000
00000000

10000000
11110000
11000000
11000000
01100000
00110000
00000000
00000000

00000000
00000000
00000000
00001000
00001000
00111100
00111000
01111000

00000100
00111100
01111100
01110000
01010000
00000000
00000000
00000000

00000000
00000000
00000001
00000011
00000011
00000111
00000000
00000000

00000000
00000000
00000000
00000000
01010000
01111000
01111000
11111100

00011000
01110000
01110000
01010000
00000000
00000000
00000000
00000000

00000010
00000000
00000000
00000000
00000000
00000000
00000000
00000000

00000000
00000000
00000110
00001111
00000011
00000111
00000011
00000000

00000000
00000000
00000000
00000100
00000111
00000011
00000111
00001111

00000000
00000000
00011100
00001111
00000000
00000000
00000000
00000000

00000000
00000000
00111110
00001000
00000000
00000000
00000000
00000000

11000000
11000000
11000000
11100000
11100000
11000000
00000000
00000000

00000000
00000000
00000000
00100000
00110000
01111000
01110000
01000000

11100000
11110000
11100000
11100000
00110000
00100000
00000000
00000000

00010000
00010000
00010000
11111000
00001110
00001100
00000000
00000000

00000001
00000011
00000011
00000111
00001111
00000001
00000111
00000000

00001000
00011000
00011111
00011110
00011000
00001100
00000000
00000000

00000000
00000000
00000000
00000000
00000000
00010000
00011000
00000000

00000000
00000000
00000000
00000000
00000000
10000000
00000000
00000000

00000000
00000000
00000000
00000000
00000000
00000000
00000011
00000000

00000000
00000011
00000001
00000001
00000001
00000000
00000000
00000000

00000000
00000000
00000000
00000000
00000000
00001100
00111100
00111000

00011111
00000111
00000111
00001111
00000000
00000000
00000000
00000000

00000000
00000000
00000000
10000000
11100000
11110000
00100000
00000000

00000000
00001000
00011100
00001100
00000000
00000000
00000000
00000000

00000000
00000000
00000000
11100000
11111000
11100000
10100000
10000000

00000000
00000110
00000110
00000110
00011110
00000000
00000000
00000000

00000010
00000110
00011111
00000000
00000000
00000000
00000000
00000000

00000000
00000001
00000111
00000111
00011110
00000110
00000111
00000000

00000000
00000000
11110111
00111110
00100100
00000100
00000000
00000000

00000010
00001110
00111000
00100000
00000000
00000000
00000000
00000000

00000000
00001000
00001000
00111110
00001100
00000100
00000000
00000000

00000000
00000000
00000000
00000000
00001100
00001000
00001000
00001000

00000000
00000100
00000111
00000010
00000000
00000000
00000000
00000000

00000000
00000000
00000000
00000100
00011110
00011110
00000100
00000000

00001000
01111100
01111110
00011000
00000000
00000000
00000000
00000000

00000000
00000000
00000000
00000000
00110000
00111110
01100010
11100011

00000000
00000000
00000000
00000000
00001000
00000000
00000000
00000000

00000000
00000000
00000000
00000000
00000011
00001011
00001111
00000111

00000100
00001100
00001100
00000000
00000000
00000000
00000000
00000000

00000000
00000000
00010000
00111100
00011100
00010000
00000000
00000000

00000000
00000000
01100000
11100000
11111000
11100000
00000000
00000000

00000000
00000000
00000000
00000001
00000001
00000000
00000000
00000000

00110000
00010000
00000000
00000000
00000000
00000000
00000000
00000000

00000001
00000001
00000011
00000011
00000001
00000001
00000000
00000000

00000000
00100000
00100000
01110000
00111000
01111000
00101000
00001100

00000111
00001111
00001010
00001010
00001000
00000000
00000000
00000000

00000000
00000000
00000000
00000001
00000001
00000001
00000000
00000000

00000100
00111111
00111011
00000010
00000000
00000000
00000000
00000000

01110000
01111110
01000000
00000000
00000000
00000000
00000000
00000000

00000000
00000000
11100000
00100000
00000000
00000000
00000000
00000000

00000000
00010000
00011100
00011110
00000100
00000000
00000000
00000000

00000000
00000000
00010000
00010000
00110000
00100000
00000000
00000000

00000000
00001111
00000011
00000001
00000001
00000000
00000000
00000000

00001111
00000111
00011111
00000111
00000000
00000000
00000000
00000000

00000000
00000000
00000000
00000000
00000000
00010100
00011100
00110000

00000000
00000000
00001000
00111110
00111100
00001110
00001110
00000000

00000000
00000000
00000000
00000000
00000000
00111100
00101000
00001000

00000000
00000000
00000000
00001000
00001000
00001100
00000110
00000000

00011100
00011000
00111110
00001000
00001000
00011000
00000000
00000000

00000000
00000000
00010000
00011000
00011000
00000000
00000000
00000000

00000000
00000000
00000000
00000000
00011000
11111100
01010000
00000000

00000000
00011111
00000110
00000110
00000100
00000000
00000000
00000000

00000000
00000000
00000000
00000000
00000100
00001100
00001111
00001111

00000100
00000110
00000111
00000000
00000000
00000000
00000000
00000000

00001110
00001110
00100110
00111110
00001000
00000000
00000000
00000000

00000000
00000000
00000000
00000000
00000000
00000000
00000011
00000111

00000000
00000000
00000000
00000000
00000011
00000001
00000000
00000000

00000111
00000011
00000000
00000000
00000000
00000000
00000000
00000000

00000000
00111100
00111000
01111100
00010000
00000000
00000000
00000000

00000000
00000000
00000000
00000000
10000000
11000000
10000000
00000000

00000000
00000000
00000000
00000001
00000011
00000001
00001111
00001111

00000000
00000111
00000110
00000010
00000011
00000000
00000000
00000000

00000000
00000000
00000000
00000000
00000000
00000000
00000000
00000100

00000000
00000000
00000000
00000000
00000000
00000100
00001100
00011000

11111100
11110100
00010100
00010000
00000000
00000000
00000000
00000000

00000000
00000000
00000000
00000000
00000000
00011000
00000000
00000000

00000000
00000000
00000000
00000000
00000000
00001000
00011000
00001000

00000000
00000000
00000000
00000000
00000100
00000000
00000000
00000000

00000000
00000000
00000000
00000000
00000001
00000001
00000111
00000000

00000000
00000000
00100000
00100000
00110000
00100000
00100000
00000000

00000000
00000000
00000000
00000000
00001101
00000111
00000011
00000111

00000000
00000000
00000000
00000000
00000000
00000100
00001111
00000011

00000000
00100000
11100000
11110000
00110000
00111100
00011000
00000000

00000000
00000000
00000001
00000011
00000111
00001101
00001101
00000100

00000000
11000000
00000000
00000000
00000000
00000000
00000000
00000000

00000010
00000010
00000111
00000011
00000001
00000000
00000000
00000000

00000000
00000000
00000000
00010000
00110000
10100000
11111100
11110000

00000000
00000000
00000000
00010000
01111000
00111100
00111000
00111000

00001000
00000000
00000000
00000000
00000000
00000000
00000000
00000000

00000000
00000000
00000000
00010000
00110000
00110000
00110000
00100000

00000000
00000000
00000000
00000000
00110000
01110000
01110000
01000000

00000000
00000000
00001000
00001100
00011000
00011000
00010000
00000000

00000000
00000000
00000000
00010100
00011100
00001100
00000100
00000000

00000000
00000000
00000000
00000000
00001110
00000111
00000111
00001111

00000000
00000110
00001100
00001000
00001110
00001000
00000000
00000000

00000000
00000000
00000000
00101110
00111111
00011010
00001010
00000000

00000000
00000000
00000000
00000000
00110000
00100000
01110000
01111100

00110000
01111100
11101100
11001000
00000000
00000000
00000000
00000000

11110000
11011000
00011100
00000000
00000000
00000000
00000000
00000000

00000000
00000000
00000000
01100000
00000000
00000000
00000000
00000000

00000000
00110000
00111110
00001100
00001100
00011000
00000000
00000000

00111111
00101110
00000100
00000110
00000000
00000000
00000000
00000000

00000000
00100000
00100000
01110000
01110000
11100000
10000000
00000000

00000000
00000000
00000000
01010000
01110000
00011000
00011000
00000000

00000000
00000000
00000110
00000111
00000000
00000000
00000000
00000000

00011000
00011000
00000000
00000000
00000000
00000000
00000000
00000000

00000000
00000000
00000000
01110000
01100000
00000000
00000000
00000000

00000000
00000000
00000000
00000100
00001100
00000100
00000000
00000000

00000000
00000000
00000000
00000000
00000000
00001000
00000000
00000000

11000000
01100000
01100000
00000000
00000000
00000000
00000000
00000000

00000000
00000000
00000000
00000000
00000000
00000000
00011000
00000000

00000000
00000000
00001100
00011100
00011110
00001110
00000000
00000000

00000000
00000000
00000001
00000000
00000000
00000000
00000000
00000000

00000011
00000011
00000111
00000001
00000001
00000000
00000000
00000000

00000000
00000000
00000000
00000000
00000000
00000000
00010000
00011000

00000000
00000000
01010000
11110000
10000000
10000000
00000000
00000000

00000000
00000000
00100000
01110000
00110000
01110000
00110000
00000000

00000000
00000000
00001100
00111111
00001100
00000000
00000000
00000000

00000100
00001100
00001110
00000100
00001100
00000110
00001100
00000000

00000000
00010000
00010000
00011000
00010000
00000000
00000000
00000000

00000000
00000000
00000000
00000001
00000111
00000001
00000011
00000001

00000000
00010000
00010000
00000000
00000000
00000000
00000000
00000000

00000000
00000000
00000000
00000000
00000000
00000010
00000010
00000011

00000000
00000000
00000000
00000000
00000111
00000011
00000001
00000000

00000000
00000000
00000000
00000000
00000000
00000000
00000000
10000000

10000000
11100000
11100000
01100000
00000000
00000000
00000000
00000000

00000000
00000000
00000000
00100100
01111100
01111000
00110000
00010000

00000000
00000000
00000000
00000000
00001000
00011000
00001110
00001100

01000000
01000000
11110000
01111000
01110000
00010000
00000000
00000000

00001111
00111110
01111100
01000000
00000000
00000000
00000000
00000000

00000000
00000000
00000000
00010000
00010000
00010000
00011000
00000000

00000000
00000000
00000000
00011100
00001111
00011010
00000000
00000000

00000000
00000000
00000000
00000000
01110000
01110000
01111000
01110000

11111110
01111110
00001000
00000000
00000000
00000000
00000000
00000000

00011111
00000011
00000001
00000001
00000000
00000000
00000000
00000000

00000000
00000000
00000000
11110000
11110000
10000000
00000000
00000000

00000000
00000000
00011000
00001100
00000000
00000000
00000000
00000000

00000010
00000010
00000010
00000000
00000000
00000000
00000000
00000000

00000000
01100000
11100000
11000000
01000000
01000000
00000000
00000000

00000000
00000000
00000001
00000011
00001111
00000001
00000001
00000000

00000000
00000000
00000000
00000000
00000000
00000000
00001110
00001110

00000000
00000000
00000000
00000000
00110000
00111000
01110000
00010000

00000000
00000001
00000001
00000001
00000101
00001111
00000000
00000000

00000000
00000000
00100000
00110000
01100000
01101000
01111000
11110000

00000111
00011111
00001010
00000010
00000000
00000000
00000000
00000000

00000000
00000000
00000000
00000000
00010000
00000000
00000000
00000000

00000000
00000000
00000000
00000000
00000000
00000000
00000000
01000000

00000000
00000000
00011000
11111000
10001000
00000000
00000000
00000000

00000000
00000000
00000000
00000000
00001000
00111100
00011100
00011100

00000000
00000000
00000001
00000001
00000000
00000000
00000000
00000000

00000000
00001100
00001100
00001000
00011100
00010100
00000000
00000000

00000000
00000100
00000110
00001100
00000000
00000000
00000000
00000000

00001000
00111000
00010000
00000000
00000000
00000000
00000000
00000000

00000000
11000000
10010000
11111000
10111100
00110000
00000000
00000000

00000000
00000000
00000001
00000001
00000000
00000000
00000000
00000000

00000000
00000000
00000000
00010000
00110000
00011000
00011000
00000000

00000000
00000000
00000000
00000000
00000000
00000000
00001000
00001000

00000000
00000000
00000000
00000000
00000100
00011110
00111110
00111000

00000000
00100000
10100000
10110000
11110000
11100000
00000000
00000000

00000000
00000000
00000000
10000000
10000000
00000000
00000000
00000000

00011100
00000000
00000000
00000000
00000000
00000000
00000000
00000000

00111000
00111111
00011110
00000000
00000000
00000000
00000000
00000000

00000000
00000000
00010000
00010000
11111000
00111110
00000100
00000000

00000000
00000000
00000000
00000000
01100000
01111000
00110000
00010000

00001000
00000000
00000000
00000000
00000000
00000000
00000000
00000000

00000000
00000000
00000000
00000000
00000000
00111000
00011100
00000000

00000000
00000000
00000010
00000010
00000011
00000001
00000000
00000000

00011000
00111100
00011000
01111000
00001000
00011100
00000000
00000000

00000000
01100000
00101000
01111000
11110000
00110000
00010000
00000000
