00000010000000000000000000111111
00000000000000000000100000111111
00010000000000000011000000111111
00000000000000000000000000111111
00001010100010010000000000111111
00000000000000000000000000111111
00000000000000000000000100111111
00100000000000000010010000111111
00100000000100010000000000111111
00000000100000001000000000111111
00000000000000000000011000111111
00001000000000000000000101111111
00000000000000000001000000111111
00110000000000000000000000111111
10000000010000000000001000111111
00000000000000000000000000111111
01000000010000000010010000111111
00000000000000000000000000111111
01000000000000000000000000111111
01000000000000000000001000111111
00000000000000001100100000111111
00000000000000000000000000111111
00000000000100000000000000111111
00000010000000000000100000111111
00000000000100001000000000111111
00000000001000000000000000111111
00000000100000001000000000111111
00000000000000000000000000111111
11111111111111111111111111111111
11111111111111111111111111111111
11111111111111111111111111111111
11111111111111111111111111111111

50
00000000
00000000
00000000
00011000
11111000
00011000
00011100
00001000

00000000
00000000
00000000
00000000
11000000
01100000
01111000
00001000

00111111
00000111
00000000
00000000
00000000
00000000
00000000
00000000

00110000
01111000
00100000
00100000
00000000
00000000
00000000
00000000

00000000
00000000
00000000
00011100
00001110
00001111
00000010
00000000

00000000
00000000
00010000
00110000
01111000
01110000
01100000
00000000

00110000
00110000
00110000
00000000
00000000
00000000
00000000
00000000

00000000
00000000
00000110
00000000
00000000
00000000
00000000
00000000

00000000
00000000
00000000
00000000
00001100
00111110
00011000
00001000

00000000
00000000
00000000
00000011
00000000
00000000
00000000
00000000

00000000
00000000
00000000
00000000
00000000
10000000
11110000
11110000

00000000
00000110
00000011
00000111
00001110
00000000
00000000
00000000

00000000
00000000
00000000
00000000
00000000
00000010
00000000
00000000

00000000
00000000
00000000
00000000
01000000
01000000
00000000
00000000

00000000
00000000
00000000
00000000
01000000
11111000
11100000
11100000

00000000
00000000
00000000
00010000
01111000
00110000
00010000
00010000

00001111
00111010
00010000
00000000
00000000
00000000
00000000
00000000

00000000
00000000
00000000
00000000
00000010
00000111
00001111
00001111

11110000
11111000
01100000
01110000
00100000
00000000
00000000
00000000

00000000
00000000
00000000
00000000
00011000
00000000
00000000
00000000

00000000
00000000
00000000
00000000
00010000
11111100
00000000
00000000

00000000
00000000
00000000
00000000
00000000
00000000
00001000
00111100

00000000
00000000
00000000
00001100
00111000
00011000
00000000
00000000

00000000
00000000
00000000
00010000
01110000
00111110
00111100
00011000

11000000
11100000
10000000
11000000
10000000
00000000
00000000
00000000

01111110
01010000
00010000
00000000
00000000
00000000
00000000
00000000

00000000
00000001
00000000
00000000
00000000
00000000
00000000
00000000

00000000
00000000
00000000
00001000
00001110
00011111
00010011
00010111

00000011
00000001
00000001
00000001
00000000
00000000
00000000
00000000

00000000
00110000
00000000
00000000
00000000
00000000
00000000
00000000

00000000
00000000
01100000
11110000
11100000
11000000
00000000
00000000

00000000
00000000
00000000
00000000
00000000
00000111
00000010
00000000

00000000
00000100
00111100
00011110
00001110
00001000
00011000
00001000

00000000
00000000
00000101
00000111
00001110
00000110
00000100
00000000

00111000
00011000
00000000
00000000
00000000
00000000
00000000
00000000

00000000
00000000
00000001
00000001
00000011
00000011
00000011
00000111

00000000
00000000
00000000
00000000
00000010
00000111
00000011
00000000

00000000
00000000
00000000
00000000
01000000
11011100
01111100
01111100

00000000
00000000
00000000
00000000
00000010
00000111
00000111
00011111

00000000
00000000
00000000
00000010
00000011
00000010
00000010
00000000

00000000
00000010
00011111
00010101
00000000
00000000
00000000
00000000

00000000
00011110
00001111
00011100
00001100
00001100
00001000
00000000

00000000
00000000
00000000
00000000
00000000
00000010
00000011
00000000

00000000
00000000
00000110
00000111
00001101
00000001
00000000
00000000

00000000
00000000
00000001
00000011
00000000
00000000
00000000
00000000

00000100
00001100
00111000
00001011
00001110
00000110
00000000
00000000

00000000
00000000
00000000
00000000
01100000
01101000
11111100
00111110

00110000
00011000
00000000
00000000
00000000
00000000
00000000
00000000

00000000
00000000
00010000
00110000
00000000
00000000
00000000
00000000

11100000
10000000
11100000
11110000
10000000
00000000
00000000
00000000
