11111111111111111111111111111111
10000000000000000000000000000001
10111111111111110111111111111101
10111111111111110111111111111101
10111111111111110111111111111101
10111111111111110111111111111101
10000000000011110111100000111101
10000000000011110111100000111101
10000000000111110111100000111101
10000000011111110111100000111101
10000001111111110111100000111101
10000111111111100111100001111101
10001111111110000111101111111101
10001111111000100111101111111001
10000111100010010111101111110001
10000011000001100111101111100001
10000000000000000000000000000001
10111111111111110001100000000001
10111111111111110011110000110001
10111111111111110111111000111001
10111111111111110011111001111101
10000000000011110001110001111101
10000000000011110000100011111001
10000000000011110000000011111001
10000000000011110000000111110001
10000000000111110000000111110001
10111111111111110111111111100001
10111111111111100111111111100001
10111111111111000111111111000001
10111111111110000111111111000001
10000000000000000000000000000001
11111111111111111111111111111111

107
10000000
10000000
00000000
00000000
00000000
00000000
00000000
00000000

10000000
10000000
10000000
10000000
00000000
00000000
00000000
00000000

01000000
01000000
01000000
11000000
00000000
00000000
00000000
00000000

11100000
00000000
00000000
00000000
00000000
00000000
00000000
00000000

00111111
00000000
00000000
00000000
00000000
00000000
00000000
00000000

01000000
11000000
00000000
00000000
00000000
00000000
00000000
00000000

01000000
01100000
00100000
00000000
00000000
00000000
00000000
00000000

11100000
10000000
00000000
00000000
00000000
00000000
00000000
00000000

11100000
01000000
00000000
00000000
00000000
00000000
00000000
00000000

01110000
00100000
00000000
00000000
00000000
00000000
00000000
00000000

10000000
11000000
01000000
00000000
00000000
00000000
00000000
00000000

01000000
01000000
01100000
01000000
00000000
00000000
00000000
00000000

11000000
10000000
11000000
00000000
00000000
00000000
00000000
00000000

01000000
01000000
11000000
10000000
00000000
00000000
00000000
00000000

00000000
00100000
01100000
00000000
00000000
00000000
00000000
00000000

11000000
01100000
00000000
00000000
00000000
00000000
00000000
00000000

11000000
10000000
10000000
00000000
00000000
00000000
00000000
00000000

01000000
01100000
01000000
01000000
00000000
00000000
00000000
00000000

01000000
11000000
10000000
00000000
00000000
00000000
00000000
00000000

01100000
01000000
11000000
10000000
00000000
00000000
00000000
00000000

10000000
10000000
11000000
00000000
00000000
00000000
00000000
00000000

00000000
11000000
11000000
00000000
00000000
00000000
00000000
00000000

00110000
00100000
00100000
01100000
00000000
00000000
00000000
00000000

11100000
00100000
00000000
00000000
00000000
00000000
00000000
00000000

00000000
10000000
11000000
10000000
00000000
00000000
00000000
00000000

10000000
10000000
10000000
11000000
00000000
00000000
00000000
00000000

10000000
11100000
00100000
00000000
00000000
00000000
00000000
00000000

10000000
11000000
01000000
00000000
00000000
00000000
00000000
00000000

01000000
01000000
11000000
00000000
00000000
00000000
00000000
00000000

11000000
01100000
11000000
00000000
00000000
00000000
00000000
00000000

11111111
00000000
00000000
00000000
00000000
00000000
00000000
00000000

11100000
10000000
00000000
00000000
00000000
00000000
00000000
00000000

00100000
00100000
00100000
01100000
00000000
00000000
00000000
00000000

10000000
11000000
10000000
00000000
00000000
00000000
00000000
00000000

11000000
10000000
10000000
10000000
10000000
00000000
00000000
00000000

01000000
01000000
01000000
11000000
00000000
00000000
00000000
00000000

11100000
00100000
00000000
00000000
00000000
00000000
00000000
00000000

01000000
01111100
00000000
00000000
00000000
00000000
00000000
00000000

00000000
01100000
00110000
00000000
00000000
00000000
00000000
00000000

00000001
00000011
00000010
00000000
00000000
00000000
00000000
00000000

10000000
10000000
10000000
10000000
10000000
10000000
10000000
10000000

01000000
11000000
10000000
00000000
00000000
00000000
00000000
00000000

11010000
01110000
00000000
00000000
00000000
00000000
00000000
00000000

10000000
11000000
01000000
00000000
00000000
00000000
00000000
00000000

01000000
11100000
00000000
00000000
00000000
00000000
00000000
00000000

11000000
01100000
00000000
00000000
00000000
00000000
00000000
00000000

11000000
10000000
10000000
10000000
00000000
00000000
00000000
00000000

11000000
01100000
00000000
00000000
00000000
00000000
00000000
00000000

11000000
01000000
01000000
01000000
00000000
00000000
00000000
00000000

01100000
11000000
00000000
00000000
00000000
00000000
00000000
00000000

11111000
00001000
00000000
00000000
00000000
00000000
00000000
00000000

01000000
11000000
01000000
00000000
00000000
00000000
00000000
00000000

10000000
10000000
10000000
10000000
00000000
00000000
00000000
00000000

10000000
10000000
10000000
10000000
10000000
10000000
10000000
10000000

10000000
10000000
10000000
10000000
10000000
11000000
00000000
00000000

11000000
01100000
00000000
00000000
00000000
00000000
00000000
00000000

01000000
11000000
01000000
00000000
00000000
00000000
00000000
00000000

01000000
11000000
10000000
00000000
00000000
00000000
00000000
00000000

10000000
11000000
10000000
00000000
00000000
00000000
00000000
00000000

00000000
11111111
00000000
00000000
00000000
00000000
00000000
00000000

00000000
01000000
01000000
11000000
01000000
00000000
00000000
00000000

01100000
01000000
01000000
00000000
00000000
00000000
00000000
00000000

10000000
10000000
10000000
10000000
11000000
00000000
00000000
00000000

11000000
10000000
00000000
00000000
00000000
00000000
00000000
00000000

00100000
00100000
01100000
00100000
00000000
00000000
00000000
00000000

01110000
01000000
00000000
00000000
00000000
00000000
00000000
00000000

00110000
01100000
00000000
00000000
00000000
00000000
00000000
00000000

01000000
01000000
01100000
00000000
00000000
00000000
00000000
00000000

01100000
01000000
11000000
00000000
00000000
00000000
00000000
00000000

00000000
01110000
00000000
00000000
00000000
00000000
00000000
00000000

11100000
01000000
00000000
00000000
00000000
00000000
00000000
00000000

01100000
01000000
01000000
00000000
00000000
00000000
00000000
00000000

10000000
11000000
01000000
00000000
00000000
00000000
00000000
00000000

00100000
00100000
00100000
01100000
00100000
00000000
00000000
00000000

01000000
11100000
00100000
00000000
00000000
00000000
00000000
00000000

11110000
01000000
00000000
00000000
00000000
00000000
00000000
00000000

10000000
10000000
11000000
11100000
10000000
10000000
10000000
00000000

00000010
01111110
00000000
00000000
00000000
00000000
00000000
00000000

11100000
01000000
01000000
00000000
00000000
00000000
00000000
00000000

11000000
10000000
10000000
00000000
00000000
00000000
00000000
00000000

01000000
01000000
11000000
11000000
01000000
01000000
00000000
00000000

11000000
01000000
11000000
00000000
00000000
00000000
00000000
00000000

11000000
01000000
11000000
00000000
00000000
00000000
00000000
00000000

11000000
01100000
11000000
00000000
00000000
00000000
00000000
00000000

00000000
00001000
00011000
01110000
00000000
00000000
00000000
00000000

01110000
01100000
00000000
00000000
00000000
00000000
00000000
00000000

01000000
11100000
10000000
00000000
00000000
00000000
00000000
00000000

00110000
00100000
01100000
00000000
00000000
00000000
00000000
00000000

01000000
01100000
11000000
00000000
00000000
00000000
00000000
00000000

00100000
11100000
00000000
00000000
00000000
00000000
00000000
00000000

01000000
01100000
00100000
00000000
00000000
00000000
00000000
00000000

00000000
00000000
11100000
10000000
00000000
00000000
00000000
00000000

11110000
00000000
00000000
00000000
00000000
00000000
00000000
00000000

01000000
11110000
00000000
00000000
00000000
00000000
00000000
00000000

00010000
00110000
00100000
00000000
00000000
00000000
00000000
00000000

10000000
10000000
10000000
00000000
00000000
00000000
00000000
00000000

01100000
11000000
00000000
00000000
00000000
00000000
00000000
00000000

11110000
00000000
00000000
00000000
00000000
00000000
00000000
00000000

01000000
01100000
00000000
00000000
00000000
00000000
00000000
00000000

10000000
11000000
01000000
00000000
00000000
00000000
00000000
00000000

00000000
00100000
01100000
00000000
00000000
00000000
00000000
00000000

01000000
11000000
10000000
00000000
00000000
00000000
00000000
00000000

01000000
01100000
01000000
00000000
00000000
00000000
00000000
00000000

10000000
10000000
11000000
10000000
00000000
00000000
00000000
00000000

01000000
01110000
00000000
00000000
00000000
00000000
00000000
00000000

10000000
10000000
11000000
00000000
00000000
00000000
00000000
00000000

10000000
10000000
11000000
00000000
00000000
00000000
00000000
00000000
