00000000000000000000000000000000
00000000000000000000000000000000
00000000000000000000000000000000
00000000000001111111100000000000
00000000001111111111111000000000
00000000011100000000001110000000
00000001110000001000000111000000
00000011000000001000000011100000
00000110000000001000000001110000
00001100000000001000000000111000
00001100000000011000000000011000
00011000000000010000000000011100
00011000000000010000000000001100
00110000000000010000000000001100
00110000000000010000000000001100
00110000000000110000000000001100
00110000000000110000000000001100
00110000000000110000000000001100
00110000000000110000000000001100
00111000000001100000000000001000
00011000000011100000000000011000
00011100000011100000000000011000
00001110000111000000000000110000
00001110001110000000000001100000
00000111001110000000000011100000
00000011111100000000001110000000
00000001110000000000111000000000
00000000000000001111000000000000
00000000000000000000000000000000
00000000000000000000000000000000
00000000000000000000000000000000
00000000000000000000000000000000

160
01000000
01000000
01000000
11000000
00000000
00000000
00000000
00000000

10000000
11110000
00000000
00000000
00000000
00000000
00000000
00000000

11000000
01000000
01000000
01000000
01000000
00000000
00000000
00000000

11000000
01100000
00000000
00000000
00000000
00000000
00000000
00000000

10000000
11000000
10000000
00000000
00000000
00000000
00000000
00000000

11000000
01100000
11100000
00000000
00000000
00000000
00000000
00000000

01000000
11000000
10000000
00000000
00000000
00000000
00000000
00000000

01100000
11000000
10000000
00000000
00000000
00000000
00000000
00000000

11110000
00011000
00000000
00000000
00000000
00000000
00000000
00000000

10000000
11100000
00110000
00000000
00000000
00000000
00000000
00000000

00000100
00000111
00000011
00000000
00000000
00000000
00000000
00000000

00000000
00000000
00000100
00000110
00000010
00000010
00000010
00000000

11111100
00000110
00000000
00000000
00000000
00000000
00000000
00000000

11000000
01100000
00000000
00000000
00000000
00000000
00000000
00000000

11000000
01100000
00000000
00000000
00000000
00000000
00000000
00000000

11000000
01100000
00000000
00000000
00000000
00000000
00000000
00000000

11000000
01111110
00000000
00000000
00000000
00000000
00000000
00000000

01100000
11000000
10000000
00000000
00000000
00000000
00000000
00000000

00100000
11100000
10000000
00000000
00000000
00000000
00000000
00000000

00001110
00000010
00000010
00000010
00000011
00000001
00000000
00000000

10000000
10000000
10000000
10000000
11000000
00000000
00000000
00000000

10000000
11100000
00000000
00000000
00000000
00000000
00000000
00000000

00010000
00010000
01110000
11000000
00000000
00000000
00000000
00000000

00011000
00001111
00000001
00000000
00000000
00000000
00000000
00000000

11111111
00000000
00000000
00000000
00000000
00000000
00000000
00000000

01100000
01000000
11000000
00000000
00000000
00000000
00000000
00000000

11000000
01100000
00110000
00000000
00000000
00000000
00000000
00000000

11100000
00111000
00000000
00000000
00000000
00000000
00000000
00000000

11111111
00000000
00000000
00000000
00000000
00000000
00000000
00000000

11000000
01000000
01000000
01100000
00100000
00000000
00000000
00000000

10000000
10000000
11100000
00000000
00000000
00000000
00000000
00000000

10000000
11000000
01000000
00000000
00000000
00000000
00000000
00000000

10000000
11000000
10000000
10000000
00000000
00000000
00000000
00000000

01000000
01000000
11000000
10000000
10000000
10000000
10000000
00000000

00111100
11100000
10000000
00000000
00000000
00000000
00000000
00000000

00000011
00000110
00000000
00000000
00000000
00000000
00000000
00000000

01000000
11100000
00000000
00000000
00000000
00000000
00000000
00000000

10000000
10000000
10000000
10000000
11000000
00000000
00000000
00000000

00100000
01100000
11000000
00000000
00000000
00000000
00000000
00000000

01000000
11000000
01000000
00000000
00000000
00000000
00000000
00000000

01000000
11000000
10000000
10000000
10000000
00000000
00000000
00000000

00000011
11111110
00000000
00000000
00000000
00000000
00000000
00000000

11110000
10000000
10000000
10000000
00000000
00000000
00000000
00000000

11000000
01100000
00110000
00000000
00000000
00000000
00000000
00000000

11000000
01100000
00100000
00110000
00000000
00000000
00000000
00000000

11100000
00111110
00000000
00000000
00000000
00000000
00000000
00000000

00110000
01100000
11000000
00000000
00000000
00000000
00000000
00000000

00100000
11100000
10000000
00000000
00000000
00000000
00000000
00000000

11110000
10000000
10000000
10000000
10000000
00000000
00000000
00000000

10000000
10000000
10000000
10000000
10000000
10000000
11000000
01000000

01100000
11000000
00000000
00000000
00000000
00000000
00000000
00000000

10000000
11000000
10000000
00000000
00000000
00000000
00000000
00000000

01000000
11000000
01000000
00000000
00000000
00000000
00000000
00000000

00100000
01100000
11000000
00000000
00000000
00000000
00000000
00000000

00000011
00000011
00000000
00000000
00000000
00000000
00000000
00000000

11111111
00000000
00000000
00000000
00000000
00000000
00000000
00000000

01000000
11000000
01000000
01000000
00000000
00000000
00000000
00000000

10000000
11000000
10000000
00000000
00000000
00000000
00000000
00000000

11000000
01100000
00000000
00000000
00000000
00000000
00000000
00000000

11100000
00111000
00000000
00000000
00000000
00000000
00000000
00000000

11110000
00011110
00000000
00000000
00000000
00000000
00000000
00000000

00000011
00000001
00000001
00000001
00000001
00000001
00000001
00000001

00000110
00000111
00000001
00000001
00000001
00000000
00000000
00000000

00100000
01100000
11000000
00000000
00000000
00000000
00000000
00000000

01000000
01000000
01000000
11000000
10000000
10000000
00000000
00000000

11111111
00000000
00000000
00000000
00000000
00000000
00000000
00000000

01000000
01000000
01000000
11000000
01000000
00000000
00000000
00000000

10000000
11000000
10000000
00000000
00000000
00000000
00000000
00000000

01000000
11000000
01000000
00000000
00000000
00000000
00000000
00000000

01000000
11110000
00000000
00000000
00000000
00000000
00000000
00000000

00000010
11111110
00000000
00000000
00000000
00000000
00000000
00000000

01000000
11000000
01000000
00000000
00000000
00000000
00000000
00000000

01000000
11100000
00110000
00000000
00000000
00000000
00000000
00000000

10000000
10000000
10000000
10000000
10000000
10000000
10000000
11000000

10000000
10000000
11000000
10000000
00000000
00000000
00000000
00000000

11000000
01000000
01111000
00000000
00000000
00000000
00000000
00000000

01000000
01000000
11000000
01000000
01000000
00000000
00000000
00000000

11000000
01100000
00000000
00000000
00000000
00000000
00000000
00000000

00000000
10000000
11000000
11000000
10000000
00000000
00000000
00000000

11000000
01100000
00000000
00000000
00000000
00000000
00000000
00000000

11111000
00010000
00000000
00000000
00000000
00000000
00000000
00000000

10000000
11000000
01000000
01000000
00000000
00000000
00000000
00000000

00110000
01100000
11100000
10000000
00000000
00000000
00000000
00000000

01000000
11000000
11000000
00000000
00000000
00000000
00000000
00000000

10000000
10000000
10000000
10000000
10000000
10000000
10000000
00000000

01000000
11000000
01000000
01000000
01000000
01000000
00000000
00000000

10000000
11000000
10000000
00000000
00000000
00000000
00000000
00000000

11000000
10000000
10000000
00000000
00000000
00000000
00000000
00000000

01000000
01000000
01000000
11000000
10000000
00000000
00000000
00000000

11100000
00100000
00000000
00000000
00000000
00000000
00000000
00000000

01000000
11000000
01000000
00000000
00000000
00000000
00000000
00000000

10000000
11000000
11000000
00000000
00000000
00000000
00000000
00000000

10000000
11000000
11000000
10000000
10000000
00000000
00000000
00000000

00000001
00000001
00000011
00000001
00000001
00000001
00000001
00000001

10000000
10000000
11000000
01000000
00000000
00000000
00000000
00000000

11000000
01000000
01000000
01000000
01100000
00000000
00000000
00000000

10000000
10000000
10000000
10000000
11000000
00000000
00000000
00000000

01100000
11000000
00000000
00000000
00000000
00000000
00000000
00000000

01111111
11000000
00000000
00000000
00000000
00000000
00000000
00000000

11110000
11000000
00000000
00000000
00000000
00000000
00000000
00000000

00110000
11100000
00000000
00000000
00000000
00000000
00000000
00000000

01000000
11100000
00000000
00000000
00000000
00000000
00000000
00000000

00000010
00000111
00000000
00000000
00000000
00000000
00000000
00000000

00000001
00000011
00000000
00000000
00000000
00000000
00000000
00000000

10000000
10000000
11000000
00000000
00000000
00000000
00000000
00000000

00000000
00000000
00000000
00000000
00000000
00000000
00001111
00000001

01100000
00100000
00100000
00000000
00000000
00000000
00000000
00000000

10000000
11000000
00000000
00000000
00000000
00000000
00000000
00000000

10110000
11110000
00000000
00000000
00000000
00000000
00000000
00000000

11110000
00010000
00000000
00000000
00000000
00000000
00000000
00000000

01000000
01000000
01000000
01000000
01000000
01000000
01000000
01000000

10000000
11000000
01100000
00000000
00000000
00000000
00000000
00000000

10000000
10000000
11000000
00000000
00000000
00000000
00000000
00000000

00001111
00000000
00000000
00000000
00000000
00000000
00000000
00000000

00000011
00000010
00000010
00000010
00000000
00000000
00000000
00000000

01000000
11000000
10000000
00000000
00000000
00000000
00000000
00000000

00000000
00000000
00000000
00000000
01000000
01000000
11000000
00000000

01000000
01000000
11000000
10000000
10000000
00000000
00000000
00000000

00000110
00000011
00000000
00000000
00000000
00000000
00000000
00000000

00000011
00000011
00000000
00000000
00000000
00000000
00000000
00000000

11000000
11000000
00000000
00000000
00000000
00000000
00000000
00000000

11100000
10000000
00000000
00000000
00000000
00000000
00000000
00000000

11100000
10000000
00000000
00000000
00000000
00000000
00000000
00000000

10000000
11000000
10000000
00000000
00000000
00000000
00000000
00000000

01000000
11100000
00000000
00000000
00000000
00000000
00000000
00000000

00000011
00000110
00000000
00000000
00000000
00000000
00000000
00000000

10000000
11000000
10000000
00000000
00000000
00000000
00000000
00000000

00000111
00001100
00000000
00000000
00000000
00000000
00000000
00000000

01000000
11000000
01000000
00000000
00000000
00000000
00000000
00000000

10000000
11000000
10000000
00000000
00000000
00000000
00000000
00000000

10000000
10000000
11000000
00000000
00000000
00000000
00000000
00000000

11000000
01100000
00000000
00000000
00000000
00000000
00000000
00000000

11000000
11000000
00000000
00000000
00000000
00000000
00000000
00000000

11000000
10000000
00000000
00000000
00000000
00000000
00000000
00000000

00000111
00000010
00000010
00000000
00000000
00000000
00000000
00000000

01000000
11000000
01000000
00000000
00000000
00000000
00000000
00000000

10000000
11100000
00000000
00000000
00000000
00000000
00000000
00000000

01000000
11000000
10000000
00000000
00000000
00000000
00000000
00000000

00001000
00001000
00001000
00001100
00000000
00000000
00000000
00000000

11000000
10000000
10000000
00000000
00000000
00000000
00000000
00000000

01000000
01000000
11000000
10000000
10000000
00000000
00000000
00000000

01000000
11000000
10000000
00000000
00000000
00000000
00000000
00000000

01000000
11000000
10000000
00000000
00000000
00000000
00000000
00000000

01000000
01000000
11000000
01000000
01000000
00000000
00000000
00000000

01000000
11000000
10000000
00000000
00000000
00000000
00000000
00000000

01000000
11000000
10000000
00000000
00000000
00000000
00000000
00000000

11111111
00000000
00000000
00000000
00000000
00000000
00000000
00000000

10000000
11000000
11000000
10000000
00000000
00000000
00000000
00000000

11000000
01100000
01000000
00000000
00000000
00000000
00000000
00000000

11111111
00000000
00000000
00000000
00000000
00000000
00000000
00000000

00001111
00000100
00000000
00000000
00000000
00000000
00000000
00000000

01000000
11000000
01000000
01000000
00000000
00000000
00000000
00000000

01000000
11100000
00000000
00000000
00000000
00000000
00000000
00000000

01000000
11000000
10000000
00000000
00000000
00000000
00000000
00000000

01000000
01000000
01000000
01000000
11000000
01000000
00000000
00000000

11111100
00000000
00000000
00000000
00000000
00000000
00000000
00000000

01100000
11000000
00000000
00000000
00000000
00000000
00000000
00000000

01100000
11000000
00000000
00000000
00000000
00000000
00000000
00000000

01000000
01100000
01000000
11000000
00000000
00000000
00000000
00000000

11000000
11000000
11000000
00000000
00000000
00000000
00000000
00000000
