00000000011111000000000000000000
00000001110001111111111000000000
00000001000110000000000000000000
00000001010011111111111000000000
00000001011000000000000000000000
00000001101100111111111000000000
01010100100111000000000001000101
01010100110001111111110101010101
01010100011100000000000101010101
01010101000111111111110101010101
01010101000000000000000101010101
11010101001111111111110101010101
10010101011000000000000101000101
10110110010011111111110101101101
10100011010110000000000100101001
10100001010101111111100110101011
10110101010100000000000010101010
10010101010111001111111010101010
11011101011001111000000110101010
01000001001100000011110100101010
01111111000111111110000110111010
00000000000000000000000010000110
00000000000111111111111011111100
00000001111100000000000000000000
00000001000011111111111000000000
00000001011110000000000000000000
00000001010011111111111000000000
00000001011000000000000000000000
00000001001111011111111000000000
00000001100001110000000000000000
00000000111100000111111000000000
00000000000111111000000000000000

145
10000000
11000000
00000000
00000000
00000000
00000000
00000000
00000000

01000000
01000000
11000000
01000000
00000000
00000000
00000000
00000000

10000000
11111000
00000000
00000000
00000000
00000000
00000000
00000000

10000000
11000000
01000000
01000000
01000000
00000000
00000000
00000000

01100000
11000000
00000000
00000000
00000000
00000000
00000000
00000000

11111100
00000100
00000000
00000000
00000000
00000000
00000000
00000000

10000000
11111000
00000000
00000000
00000000
00000000
00000000
00000000

01000000
11000000
01000000
00000000
00000000
00000000
00000000
00000000

00010000
00010000
11110000
00000000
00000000
00000000
00000000
00000000

01000000
11000000
01000000
01000000
00000000
00000000
00000000
00000000

10000000
11111110
00000000
00000000
00000000
00000000
00000000
00000000

11110000
00010000
00000000
00000000
00000000
00000000
00000000
00000000

10000000
10000000
11000000
01000000
00000000
00000000
00000000
00000000

11010000
01010000
01110000
00000000
00000000
00000000
00000000
00000000

00100000
00100000
11100000
00000000
00000000
00000000
00000000
00000000

11100000
00100000
00000000
00000000
00000000
00000000
00000000
00000000

11000000
01111100
00000000
00000000
00000000
00000000
00000000
00000000

11100000
11000000
00000000
00000000
00000000
00000000
00000000
00000000

00000001
00000001
00000001
00000001
00000001
00000001
00000001
00000001

01000000
01000000
01000000
11000000
00000000
00000000
00000000
00000000

01000000
01000000
01000000
01000000
11000000
10000000
00000000
00000000

01000000
01000000
11000000
00000000
00000000
00000000
00000000
00000000

10000000
10000000
10000000
10000000
10000000
10000000
10000000
00000000

01000000
11110000
00000000
00000000
00000000
00000000
00000000
00000000

11000000
10000000
10000000
00000000
00000000
00000000
00000000
00000000

00111111
00000000
00000000
00000000
00000000
00000000
00000000
00000000

00000000
00000000
00000000
11111000
00000000
00000000
00000000
00000000

00000001
01111111
00000000
00000000
00000000
00000000
00000000
00000000

11111111
00000000
00000000
00000000
00000000
00000000
00000000
00000000

01000000
11100000
00100000
00000000
00000000
00000000
00000000
00000000

11100000
10000000
00000000
00000000
00000000
00000000
00000000
00000000

10000000
10000000
10000000
11000000
00000000
00000000
00000000
00000000

11111110
00000000
00000000
00000000
00000000
00000000
00000000
00000000

01100000
01000000
01000000
01000000
00000000
00000000
00000000
00000000

00001111
00000000
00000000
00000000
00000000
00000000
00000000
00000000

00100000
00111000
00000000
00000000
00000000
00000000
00000000
00000000

10000000
11000000
01000000
00000000
00000000
00000000
00000000
00000000

00110000
00100000
11100000
00000000
00000000
00000000
00000000
00000000

10000000
11110000
00000000
00000000
00000000
00000000
00000000
00000000

11000000
10000000
10000000
10000000
00000000
00000000
00000000
00000000

10000000
11100000
10100000
00000000
00000000
00000000
00000000
00000000

10000000
10000000
10000000
10000000
10000000
00000000
00000000
00000000

10000000
10000000
10000000
10000000
11000000
00000000
00000000
00000000

10000000
11110000
00000000
00000000
00000000
00000000
00000000
00000000

10000000
10000000
10000000
10000000
00000000
00000000
00000000
00000000

00100000
00100000
00100000
00100000
11100000
00000000
00000000
00000000

01000000
01000000
11000000
10000000
00000000
00000000
00000000
00000000

10000000
10000000
10000000
10000000
00000000
00000000
00000000
00000000

10000000
10000000
10000000
00000000
00000000
00000000
00000000
00000000

11100000
10000000
00000000
00000000
00000000
00000000
00000000
00000000

10000000
11111111
10000000
00000000
00000000
00000000
00000000
00000000

00100000
11100000
00100000
00000000
00000000
00000000
00000000
00000000

10000000
10000000
10000000
10000000
10000000
00000000
00000000
00000000

11111111
00000000
00000000
00000000
00000000
00000000
00000000
00000000

11000000
11000000
00000000
00000000
00000000
00000000
00000000
00000000

01000000
11000000
10000000
00000000
00000000
00000000
00000000
00000000

11100000
00000000
00000000
00000000
00000000
00000000
00000000
00000000

11000000
10000000
10000000
00000000
00000000
00000000
00000000
00000000

01100000
11000000
10000000
00000000
00000000
00000000
00000000
00000000

11000000
10000000
10000000
10000000
11111000
00000000
00000000
00000000

11110000
10000000
00000000
00000000
00000000
00000000
00000000
00000000

01000000
01100000
00110000
00000000
00000000
00000000
00000000
00000000

01100000
01000000
01000000
11000000
00000000
00000000
00000000
00000000

11111111
00000000
00000000
00000000
00000000
00000000
00000000
00000000

11000000
01100000
00000000
00000000
00000000
00000000
00000000
00000000

01100000
00100000
00100000
00100000
00100000
00100000
00000000
00000000

10000000
11000000
10000000
00000000
00000000
00000000
00000000
00000000

01000000
01000000
01000000
11100000
00000000
00000000
00000000
00000000

11000000
10000000
00000000
00000000
00000000
00000000
00000000
00000000

01000000
01000000
01000000
01000000
00000000
00000000
00000000
00000000

01111111
00000000
00000000
00000000
00000000
00000000
00000000
00000000

00000001
00000001
00000001
00000001
00000001
00000000
00000000
00000000

00100000
11100000
00000000
00000000
00000000
00000000
00000000
00000000

11110000
10000000
00000000
00000000
00000000
00000000
00000000
00000000

11110000
00000000
00000000
00000000
00000000
00000000
00000000
00000000

11000000
10000000
00000000
00000000
00000000
00000000
00000000
00000000

00100000
11100000
10000000
00000000
00000000
00000000
00000000
00000000

11111110
00000000
00000000
00000000
00000000
00000000
00000000
00000000

11111100
00000110
00000000
00000000
00000000
00000000
00000000
00000000

10000000
10000000
10000000
10000000
00000000
00000000
00000000
00000000

10000000
10000000
11000000
00000000
00000000
00000000
00000000
00000000

01111000
11000000
00000000
00000000
00000000
00000000
00000000
00000000

11100000
00100000
00100000
00100000
00100000
00000000
00000000
00000000

01000000
11100000
00000000
00000000
00000000
00000000
00000000
00000000

01000000
11000000
00000000
00000000
00000000
00000000
00000000
00000000

11000000
10000000
11000000
00000000
00000000
00000000
00000000
00000000

01000000
11000000
10000000
00000000
00000000
00000000
00000000
00000000

01000000
11100000
00000000
00000000
00000000
00000000
00000000
00000000

11111000
00000000
00000000
00000000
00000000
00000000
00000000
00000000

11111000
00000000
00000000
00000000
00000000
00000000
00000000
00000000

10000000
11000000
01000000
00000000
00000000
00000000
00000000
00000000

01000000
11000000
10000000
00000000
00000000
00000000
00000000
00000000

00001000
11111000
00000000
00000000
00000000
00000000
00000000
00000000

01000000
01000000
01000000
11000000
00000000
00000000
00000000
00000000

11100000
00000000
00000000
00000000
00000000
00000000
00000000
00000000

11100000
10000000
00000000
00000000
00000000
00000000
00000000
00000000

00110000
11100000
00000000
00000000
00000000
00000000
00000000
00000000

11000000
01000000
01000000
01000000
00000000
00000000
00000000
00000000

11000000
11000000
00000000
00000000
00000000
00000000
00000000
00000000

01100000
01100000
01000000
11000000
00000000
00000000
00000000
00000000

11100000
00100000
00000000
00000000
00000000
00000000
00000000
00000000

11110000
00100000
00000000
00000000
00000000
00000000
00000000
00000000

10000000
10000000
10000000
10000000
10000000
10000000
10000000
00000000

11000000
10000000
10000000
10000000
00000000
00000000
00000000
00000000

01000000
01000000
11000000
10000000
00000000
00000000
00000000
00000000

10000000
10000000
10000000
00000000
00000000
00000000
00000000
00000000

10000000
11000000
10000000
00000000
00000000
00000000
00000000
00000000

10000000
11000000
10000000
00000000
00000000
00000000
00000000
00000000

00100000
11100000
00000000
00000000
00000000
00000000
00000000
00000000

10000000
10000000
10000000
10000000
10000000
11000000
00000000
00000000

01000000
11000000
01000000
01000000
00000000
00000000
00000000
00000000

00010000
11110000
00000000
00000000
00000000
00000000
00000000
00000000

10000000
11100000
00000000
00000000
00000000
00000000
00000000
00000000

00110000
11100000
00000000
00000000
00000000
00000000
00000000
00000000

10000000
10000000
00000000
00000000
00000000
00000000
00000000
00000000

10000000
11000000
01111000
00000000
00000000
00000000
00000000
00000000

01111000
01000000
00000000
00000000
00000000
00000000
00000000
00000000

11110000
00010000
00000000
00000000
00000000
00000000
00000000
00000000

11100000
00100000
00000000
00000000
00000000
00000000
00000000
00000000

10000000
10000000
00000000
00000000
00000000
00000000
00000000
00000000

10000000
10000000
10000000
10000000
10000000
10000000
10000000
11000000

01000000
11000000
10000000
10000000
00000000
00000000
00000000
00000000

10000000
00000000
00000000
00000000
00000000
00000000
00000000
00000000

11000000
01000000
01000000
00000000
00000000
00000000
00000000
00000000

01000000
01000000
11000000
10000000
00000000
00000000
00000000
00000000

01110000
11000000
00000000
00000000
00000000
00000000
00000000
00000000

11000000
01000000
01100000
00000000
00000000
00000000
00000000
00000000

01000000
01000000
01000000
11000000
00000000
00000000
00000000
00000000

00110000
01100000
00000000
00000000
00000000
00000000
00000000
00000000

00100000
00110000
00100000
00000000
00000000
00000000
00000000
00000000

11000000
01000000
01000000
01000000
01000000
01000000
00000000
00000000

01000000
11000000
01000000
01000000
00000000
00000000
00000000
00000000

01100000
11000000
00000000
00000000
00000000
00000000
00000000
00000000

11000000
01100000
01000000
00000000
00000000
00000000
00000000
00000000

01000000
11000000
11000000
01000000
00000000
00000000
00000000
00000000

01100000
11000000
00000000
00000000
00000000
00000000
00000000
00000000

00100000
11100000
00100000
00000000
00000000
00000000
00000000
00000000

00100000
00100000
01100000
11000000
00000000
00000000
00000000
00000000

11000000
11100000
00000000
00000000
00000000
00000000
00000000
00000000

10000000
11100000
00100000
00000000
00000000
00000000
00000000
00000000

10000000
10000000
10000000
11000000
00000000
00000000
00000000
00000000

10000000
10000000
11000000
00000000
00000000
00000000
00000000
00000000

01100000
01000000
11000000
00000000
00000000
00000000
00000000
00000000

10000000
11000000
01000000
00000000
00000000
00000000
00000000
00000000

01100000
01100000
11000000
00000000
00000000
00000000
00000000
00000000
