11111111111111111111111111111111
11111111100011111111000111111111
11111111110001111110001111111111
11111111000000111100000011111111
11111100000000111100000000111111
11111000000000100100000000011111
11111110001001000010010001111111
11111111111000000000011111111111
11111111000111000011100011111111
11111111100000000000000111111111
11111100111101000010111100111111
11111100000010000001000000111111
11111110000000000000000011111111
11001111000111000011100011110011
10000011111100000000111111000001
10000000000000000000000000000001
10000000000000000000000000000001
11000000000000000000000000000011
11100011100111000011100111100111
11111110000000000000000001111111
11111100000000000000000000011111
11111100000000000000000000011111
11111111000111111111111001111111
11111001011100000000001111001111
11111000000000000000000000001111
11111000000000000000000000001111
11111100000011111111100000001111
11111110001111111111111000111111
11111111001100000000011001111111
11111111000000000000000001111111
11111111100001111111000011111111
11111111111111111111111111111111

105
01100000
11000000
00000000
00000000
00000000
00000000
00000000
00000000

11000000
11000000
00000000
00000000
00000000
00000000
00000000
00000000

11111000
00000000
00000000
00000000
00000000
00000000
00000000
00000000

01000000
11100000
10100000
00000000
00000000
00000000
00000000
00000000

10000000
00000000
00000000
00000000
00000000
00000000
00000000
00000000

00111000
11100000
00000000
00000000
00000000
00000000
00000000
00000000

11100000
10000000
10000000
10000000
00000000
00000000
00000000
00000000

10000000
11000000
01000000
00000000
00000000
00000000
00000000
00000000

11100000
10100000
00100000
00100000
00000000
00000000
00000000
00000000

01000000
01000000
01000000
01000000
01000000
11000000
10000000
00000000

11000000
01100000
00000000
00000000
00000000
00000000
00000000
00000000

11000000
01000000
11000000
00000000
00000000
00000000
00000000
00000000

10000000
11000000
01000000
01000000
01000000
01000000
00000000
00000000

11100000
01000000
01110000
00000000
00000000
00000000
00000000
00000000

11000000
11100000
00000000
00000000
00000000
00000000
00000000
00000000

10000000
11000000
01100000
00000000
00000000
00000000
00000000
00000000

01100000
00100000
11110000
00000000
00000000
00000000
00000000
00000000

10000000
11000000
01100000
00100000
00000000
00000000
00000000
00000000

10100000
11100000
00000000
00000000
00000000
00000000
00000000
00000000

10000000
11000000
01000000
00000000
00000000
00000000
00000000
00000000

11000000
01000000
01100000
00000000
00000000
00000000
00000000
00000000

11100000
01110000
00000000
00000000
00000000
00000000
00000000
00000000

10000000
11000000
01000000
11000000
00000000
00000000
00000000
00000000

00110000
00011110
00000000
00000000
00000000
00000000
00000000
00000000

00000011
00111111
01100000
00000000
00000000
00000000
00000000
00000000

01000000
01000000
11100000
00000000
00000000
00000000
00000000
00000000

01000000
11000000
11000000
11000000
00000000
00000000
00000000
00000000

11110000
00100000
00000000
00000000
00000000
00000000
00000000
00000000

01000000
01000000
01000000
01000000
01000000
01000000
11000000
00000000

01000000
11000000
01000000
00000000
00000000
00000000
00000000
00000000

10010000
11111111
00000000
00000000
00000000
00000000
00000000
00000000

00100000
00100000
01100000
11000000
00000000
00000000
00000000
00000000

11100000
01000000
01000000
01000000
01000000
00000000
00000000
00000000

00001100
11111100
00000000
00000000
00000000
00000000
00000000
00000000

11100000
11100000
00000000
00000000
00000000
00000000
00000000
00000000

10000000
11000000
01100000
00000000
00000000
00000000
00000000
00000000

01000000
11110000
00000000
00000000
00000000
00000000
00000000
00000000

01100000
01000000
11000000
00000000
00000000
00000000
00000000
00000000

10000000
10000000
10000000
10000000
10000000
10000000
10000000
00000000

00000010
11111110
10000000
00000000
00000000
00000000
00000000
00000000

11110000
00100000
00000000
00000000
00000000
00000000
00000000
00000000

00110000
00110000
11100000
00000000
00000000
00000000
00000000
00000000

10000000
11100000
00110000
00011000
00000000
00000000
00000000
00000000

10100000
11100000
00100000
00000000
00000000
00000000
00000000
00000000

11000000
10000000
10000000
10000000
10000000
10000000
10000000
00000000

01000000
01000000
11000000
10000000
00000000
00000000
00000000
00000000

01100000
11110000
00000000
00000000
00000000
00000000
00000000
00000000

10000000
11000000
10000000
00000000
00000000
00000000
00000000
00000000

10000000
11100000
00110000
00000000
00000000
00000000
00000000
00000000

00000001
00000001
01111111
00000000
00000000
00000000
00000000
00000000

11000000
11000000
00000000
00000000
00000000
00000000
00000000
00000000

01000000
01000000
01000000
01000000
11000000
00000000
00000000
00000000

01000000
11000000
10000000
00000000
00000000
00000000
00000000
00000000

11000000
11000000
11000000
11000000
00000000
00000000
00000000
00000000

10000000
11000000
10000000
00000000
00000000
00000000
00000000
00000000

11000000
01100000
00110000
00000000
00000000
00000000
00000000
00000000

10000000
11000000
10000000
00000000
00000000
00000000
00000000
00000000

10000000
11000000
10000000
00000000
00000000
00000000
00000000
00000000

00000100
00111100
11100000
00000000
00000000
00000000
00000000
00000000

11100000
11000000
01000000
01000000
00000000
00000000
00000000
00000000

10000000
11000000
01111100
00000000
00000000
00000000
00000000
00000000

10000000
11111110
00000010
00000000
00000000
00000000
00000000
00000000

11000000
00000000
00000000
00000000
00000000
00000000
00000000
00000000

10000000
11000000
00000000
00000000
00000000
00000000
00000000
00000000

11000000
01110000
00011000
00001000
00000000
00000000
00000000
00000000

01000000
11100000
00000000
00000000
00000000
00000000
00000000
00000000

01100000
11100000
00000000
00000000
00000000
00000000
00000000
00000000

11100000
11000000
00000000
00000000
00000000
00000000
00000000
00000000

10000000
11000000
10000000
11000000
10000000
00000000
00000000
00000000

11000000
01000000
01000000
11000000
01000000
00000000
00000000
00000000

11010000
01110000
00000000
00000000
00000000
00000000
00000000
00000000

00010000
00110000
01100000
11000000
10000000
10000000
00000000
00000000

01000000
01100000
11000000
01000000
00000000
00000000
00000000
00000000

10110000
11100000
00000000
00000000
00000000
00000000
00000000
00000000

10000000
11100000
00000000
00000000
00000000
00000000
00000000
00000000

01000000
11000000
01100000
00000000
00000000
00000000
00000000
00000000

00100000
01100000
11000000
00000000
00000000
00000000
00000000
00000000

11100000
00100000
00000000
00000000
00000000
00000000
00000000
00000000

10100000
11100000
00000000
00000000
00000000
00000000
00000000
00000000

11000000
10000000
10000000
11000000
10000000
00000000
00000000
00000000

11000000
10000000
11000000
00000000
00000000
00000000
00000000
00000000

01100000
01000000
11100000
00000000
00000000
00000000
00000000
00000000

01100000
11000000
00000000
00000000
00000000
00000000
00000000
00000000

10000000
11000000
10000000
00000000
00000000
00000000
00000000
00000000

00100000
01100000
11000000
00000000
00000000
00000000
00000000
00000000

01000000
11111111
00000000
00000000
00000000
00000000
00000000
00000000

11100000
11111000
00000000
00000000
00000000
00000000
00000000
00000000

10000000
11000000
01000000
00000000
00000000
00000000
00000000
00000000

11110000
01000000
00000000
00000000
00000000
00000000
00000000
00000000

01100000
11100000
00000000
00000000
00000000
00000000
00000000
00000000

01000000
11000000
10000000
00000000
00000000
00000000
00000000
00000000

01000000
01110000
11000000
00000000
00000000
00000000
00000000
00000000

10000000
00000000
00000000
00000000
00000000
00000000
00000000
00000000

11000000
11000000
00000000
00000000
00000000
00000000
00000000
00000000

11000000
11000000
00000000
00000000
00000000
00000000
00000000
00000000

10000000
11000000
01000000
01000000
11000000
00000000
00000000
00000000

11000000
11000000
00000000
00000000
00000000
00000000
00000000
00000000

11000000
11000000
00000000
00000000
00000000
00000000
00000000
00000000

10000000
11000000
10000000
10000000
00000000
00000000
00000000
00000000

10000000
11000000
01000000
01000000
11000000
00000000
00000000
00000000

10000000
11000000
11000000
11000000
01000000
00000000
00000000
00000000

01000000
11000000
10000000
10000000
10000000
10000000
10000000
10000000

00010000
11110000
01010000
00000000
00000000
00000000
00000000
00000000

10000000
11100000
00000000
00000000
00000000
00000000
00000000
00000000

11000000
01000000
11000000
01000000
00000000
00000000
00000000
00000000
