00000000000000000000000000000000
00000000000000000000000000000000
00000110000000000000000000000000
00011111100000000000000000000000
00011111100000000000000000000000
00111111110000000000000000000000
00111111110000000000000000000000
00011111100000000000000000000000
00011111100000000000000000000000
00000110000000000000000000000000
00000000000000000000000000000000
00000000000000000000000000000000
00000000000000000000000000000000
00000000000000000000000000000000
00000000000000000000000000000000
00000000000000000000000000000000
00000000000000000000000000000000
00000000000000000000000000000000
00000000000000000000000000000000
00000000000000000000000000000000
00000000000000000000000000000000
00000000000000000000000000000000
00000000000000000000000001100000
00000000000000000000000111111000
00000000000000000000000111111000
00000000000000000000001111111100
00000000000000000000001111111100
00000000000000000000000111111000
00000000000000000000000111111000
00000000000000000000000001100000
00000000000000000000000000000000
00000000000000000000000000000000

164
00100000
00100000
00100000
11100000
10000000
00000000
00000000
00000000

00000000
00000000
00000000
00000000
00000000
00000000
11000000
11100000

01000000
11000000
10000000
10000000
00000000
00000000
00000000
00000000

10000000
11000000
10000000
00000000
00000000
00000000
00000000
00000000

11100000
00100000
00100000
00000000
00000000
00000000
00000000
00000000

10000000
10000000
11000000
01000000
00000000
00000000
00000000
00000000

01000000
11000000
10000000
10000000
11000000
00000000
00000000
00000000

01000000
01000000
11000000
00000000
00000000
00000000
00000000
00000000

10000000
10000000
10000000
11000000
00000000
00000000
00000000
00000000

01000000
11000000
01000000
01000000
00000000
00000000
00000000
00000000

11110000
00100000
00000000
00000000
00000000
00000000
00000000
00000000

00100000
11100000
00100000
00100000
00000000
00000000
00000000
00000000

00000110
00000011
00000010
00000000
00000000
00000000
00000000
00000000

11111100
00001000
00000000
00000000
00000000
00000000
00000000
00000000

11100000
01000000
00000000
00000000
00000000
00000000
00000000
00000000

10000000
10000000
11000000
10000000
00000000
00000000
00000000
00000000

10000000
11000000
01000000
00000000
00000000
00000000
00000000
00000000

11000000
01000000
01000000
01100000
00100000
00000000
00000000
00000000

10000000
11000000
11000000
01000000
00000000
00000000
00000000
00000000

11111000
10001000
11000000
00000000
00000000
00000000
00000000
00000000

11111110
00000000
00000000
00000000
00000000
00000000
00000000
00000000

11111100
10000000
00000000
00000000
00000000
00000000
00000000
00000000

01000000
11000000
10000000
10000000
00000000
00000000
00000000
00000000

01000000
11000000
10000000
00000000
00000000
00000000
00000000
00000000

01100000
11000000
10000000
00000000
00000000
00000000
00000000
00000000

01000000
01000000
11000000
10000000
00000000
00000000
00000000
00000000

01000000
11000000
01000000
01000000
11000000
00000000
00000000
00000000

01000000
01000000
11000000
01000000
01000000
00000000
00000000
00000000

01000000
01000000
11000000
00000000
00000000
00000000
00000000
00000000

10010000
11110000
10000000
00000000
00000000
00000000
00000000
00000000

10000000
11100000
00100000
00000000
00000000
00000000
00000000
00000000

10000000
11000000
10000000
00000000
00000000
00000000
00000000
00000000

01100000
11000000
10000000
10000000
00000000
00000000
00000000
00000000

11000000
01110000
00000000
00000000
00000000
00000000
00000000
00000000

10000000
11000000
10000000
10000000
00000000
00000000
00000000
00000000

00100000
01100000
11000000
00000000
00000000
00000000
00000000
00000000

11000000
01000000
01000000
01000000
01100000
00000000
00000000
00000000

10000000
10100000
11100000
01000000
00000000
00000000
00000000
00000000

00100000
00100000
11100000
00100000
00000000
00000000
00000000
00000000

00100000
11111000
10000000
00000000
00000000
00000000
00000000
00000000

01000000
01000000
01000000
11110000
01000000
00000000
00000000
00000000

01000000
11100000
01000000
01000000
00000000
00000000
00000000
00000000

11000000
01100000
11000000
00000000
00000000
00000000
00000000
00000000

01000000
11100000
01000000
01000000
01100000
00000000
00000000
00000000

01010000
11111000
00000000
00000000
00000000
00000000
00000000
00000000

11111000
01010000
00000000
00000000
00000000
00000000
00000000
00000000

10000000
11000000
11000000
11000000
00000000
00000000
00000000
00000000

10000000
10000000
10000000
10000000
10000000
10000000
10000000
10000000

11000000
01000000
01000000
01000000
01000000
11000000
00000000
00000000

00000000
00000000
00000000
00000000
00000000
11110000
10000000
11100000

00000010
00000010
00000010
00000111
00000000
00000000
00000000
00000000

01000000
01000000
01000000
11000000
10000000
00000000
00000000
00000000

01000000
11000000
01000000
01000000
01000000
01000000
11000000
00000000

01000000
01000000
11000000
10000000
00000000
00000000
00000000
00000000

11000000
11000000
01000000
01000000
01000000
01000000
01000000
00000000

00000001
00000001
00000001
00000001
00000001
00000001
00000001
00000001

00001100
11111000
00000000
00000000
00000000
00000000
00000000
00000000

10000000
10000000
10000000
11000000
00000000
00000000
00000000
00000000

00110000
11100000
00000000
00000000
00000000
00000000
00000000
00000000

00010000
00010000
00010000
00010000
00010000
11110000
00110000
00000000

10100000
11100000
00000000
00000000
00000000
00000000
00000000
00000000

10000000
11000000
10000000
10000000
11000000
00000000
00000000
00000000

10000000
11000000
01000000
01000000
01000000
01000000
00000000
00000000

10000000
11110000
00011000
00000000
00000000
00000000
00000000
00000000

11000000
01000000
01000000
01000000
01000000
01100000
00000000
00000000

10000000
11110000
10000000
00000000
00000000
00000000
00000000
00000000

10000000
10000000
10000000
11000000
00000000
00000000
00000000
00000000

11000000
01000000
00000000
00000000
00000000
00000000
00000000
00000000

10000000
11000000
11100000
00100000
00000000
00000000
00000000
00000000

11110000
10000000
00000000
00000000
00000000
00000000
00000000
00000000

10000000
11000000
01000000
01000000
01000000
01000000
01100000
00000000

01000000
11000000
10000000
00000000
00000000
00000000
00000000
00000000

11000000
01100000
00000000
00000000
00000000
00000000
00000000
00000000

01000000
01000000
11000000
10000000
00000000
00000000
00000000
00000000

01000000
11000000
10000000
00000000
00000000
00000000
00000000
00000000

11111000
10000000
10000000
00000000
00000000
00000000
00000000
00000000

11000000
01100000
00000000
00000000
00000000
00000000
00000000
00000000

11100000
10000000
00000000
00000000
00000000
00000000
00000000
00000000

01000000
01000000
11000000
00000000
00000000
00000000
00000000
00000000

01000000
11110000
00000000
00000000
00000000
00000000
00000000
00000000

11000000
11000000
00000000
00000000
00000000
00000000
00000000
00000000

10000000
11000000
01000000
00000000
00000000
00000000
00000000
00000000

11111000
00010000
00011000
00000000
00000000
00000000
00000000
00000000

00010000
01110000
01000000
11000000
10000000
00000000
00000000
00000000

10000000
10000000
11000000
01000000
00000000
00000000
00000000
00000000

01000000
01000000
11000000
00000000
00000000
00000000
00000000
00000000

11000000
10000000
11000000
01000000
00000000
00000000
00000000
00000000

10000000
11000000
01000000
01100000
00000000
00000000
00000000
00000000

00100000
11100000
10000000
00000000
00000000
00000000
00000000
00000000

11000000
01000000
01000000
01000000
01000000
01000000
11000000
00000000

10000000
10000000
10000000
10000000
10000000
10000000
10000000
10000000

01000000
01000000
01000000
11000000
00000000
00000000
00000000
00000000

00100000
11100000
00000000
00000000
00000000
00000000
00000000
00000000

10000000
10000000
11000000
00000000
00000000
00000000
00000000
00000000

11000000
11000000
00000000
00000000
00000000
00000000
00000000
00000000

00100000
11100000
01000000
00000000
00000000
00000000
00000000
00000000

00100000
11100000
01000000
00000000
00000000
00000000
00000000
00000000

10000000
10000000
11000000
00000000
00000000
00000000
00000000
00000000

11000000
01000000
01000000
00000000
00000000
00000000
00000000
00000000

01100000
11000000
10000000
11000000
00000000
00000000
00000000
00000000

10000000
11100000
01000000
00000000
00000000
00000000
00000000
00000000

01100000
11000000
00000000
00000000
00000000
00000000
00000000
00000000

00100000
11100000
00000000
00000000
00000000
00000000
00000000
00000000

11000000
01000000
01000000
11000000
00000000
00000000
00000000
00000000

10000000
10000000
10000000
11100000
00000000
00000000
00000000
00000000

11000000
10000000
11000000
01000000
00000000
00000000
00000000
00000000

01001000
11111000
00001000
00000000
00000000
00000000
00000000
00000000

01000000
11100000
11000000
00000000
00000000
00000000
00000000
00000000

11000000
01100000
00110000
00000000
00000000
00000000
00000000
00000000

11000000
01100000
00110000
00000000
00000000
00000000
00000000
00000000

11000000
11000000
00000000
00000000
00000000
00000000
00000000
00000000

10000000
10000000
11000000
00000000
00000000
00000000
00000000
00000000

11000000
01100000
00000000
00000000
00000000
00000000
00000000
00000000

00000000
00000000
00000000
00000000
00000011
00000010
00000011
00000001

01110000
11000000
10000000
00000000
00000000
00000000
00000000
00000000

11000000
01100000
00100000
00000000
00000000
00000000
00000000
00000000

10000000
10000000
10000000
10000000
10000000
10000000
10000000
10000000

01000000
01000000
11000000
00000000
00000000
00000000
00000000
00000000

11100000
00100000
00000000
00000000
00000000
00000000
00000000
00000000

01000000
11100000
00000000
00000000
00000000
00000000
00000000
00000000

10000000
11000000
10000000
00000000
00000000
00000000
00000000
00000000

01000000
01000000
11000000
00000000
00000000
00000000
00000000
00000000

10000000
11000000
01000000
00000000
00000000
00000000
00000000
00000000

10000000
11100000
00100000
00000000
00000000
00000000
00000000
00000000

00011000
11110000
00000000
00000000
00000000
00000000
00000000
00000000

11000000
01000000
11000000
01000000
00000000
00000000
00000000
00000000

10000000
11000000
10000000
00000000
00000000
00000000
00000000
00000000

10000000
10000000
10000000
10000000
11000000
01000000
00000000
00000000

11000000
01100000
01000000
00000000
00000000
00000000
00000000
00000000

00100000
11100000
00100000
00000000
00000000
00000000
00000000
00000000

11100000
01000000
00000000
00000000
00000000
00000000
00000000
00000000

10100000
11100000
10000000
00000000
00000000
00000000
00000000
00000000

11000000
01000000
01000000
00000000
00000000
00000000
00000000
00000000

10000000
11111000
00001000
00000000
00000000
00000000
00000000
00000000

11000000
01110000
00010000
00000000
00000000
00000000
00000000
00000000

01000000
11000000
01000000
00000000
00000000
00000000
00000000
00000000

11000000
10000000
11000000
10000000
00000000
00000000
00000000
00000000

10000000
11110000
00000000
00000000
00000000
00000000
00000000
00000000

00000001
00000001
00000001
00000001
00000001
00000001
00000001
00000001

10000000
10000000
11000000
01000000
01100000
00100000
00000000
00000000

10000000
10000000
10000000
10000000
11000000
00000000
00000000
00000000

10000000
10000000
11000000
10000000
00000000
00000000
00000000
00000000

01000000
01000000
01000000
01000000
11000000
00000000
00000000
00000000

01000000
11100000
00000000
00000000
00000000
00000000
00000000
00000000

01000000
11100000
00000000
00000000
00000000
00000000
00000000
00000000

00000010
00000011
00000001
00000000
00000000
00000000
00000000
00000000

01000000
11000000
10000000
00000000
00000000
00000000
00000000
00000000

00000000
00000000
00000000
00000000
00000000
01000000
11000000
10000000

01000000
11000000
10000000
00000000
00000000
00000000
00000000
00000000

01000000
11000000
10000000
10000000
10000000
00000000
00000000
00000000

10000000
10000000
10000000
10000000
10000000
10000000
10000000
10000000

01000000
11000000
10000000
00000000
00000000
00000000
00000000
00000000

11110000
01010000
01000000
11000000
00000000
00000000
00000000
00000000

11100000
00100000
00100000
00100000
00100000
00110000
00000000
00000000

11100000
01000000
11000000
00000000
00000000
00000000
00000000
00000000

10000000
10100000
11100000
00100000
00000000
00000000
00000000
00000000

10000000
10000000
11100000
00000000
00000000
00000000
00000000
00000000

01110000
11100000
00000000
00000000
00000000
00000000
00000000
00000000

10000000
11100000
00110000
00000000
00000000
00000000
00000000
00000000

10000000
11111110
00000000
00000000
00000000
00000000
00000000
00000000

01000000
11000000
01000000
00000000
00000000
00000000
00000000
00000000

11000000
11000000
11000000
00000000
00000000
00000000
00000000
00000000

11000000
11100000
00000000
00000000
00000000
00000000
00000000
00000000

10000000
10000000
11000000
10000000
00000000
00000000
00000000
00000000
