00000000000000011000000000000000
00000000000000100100000000000000
00000000000001000010000000000000
00000000000010011001000000000000
00000000000100100100100000000000
00000000001001000010010000000000
00000000000000011000000000000000
00011100011111111111111000111000
00010110000000000000000001101000
00010010101011111111010101001000
00011011000011000011000011011000
00001001001011011111010010010000
00001001000000000000000010010000
01001101011111111111111010110010
00100100011000000000011000100100
00010110011011111111011001101000
01001011011011000011011011010010
00100001011011000111011010000100
00010000000000011000000000001000
00100011101111111111110111000100
00010110000000011000000001101000
00001100100111111101100100110000
00011010010110011001101001011000
00010000100110111101100100001000
00110101000110011001100010101100
00100010010110111111101001000100
01100100000000000110000000100110
01001001001111111111100010010010
11010000100000000110001100001011
10100011100011100110000111100101
10001110000000000110000000110001
11111000000001111110000000011111

114
01100000
11000000
00000000
00000000
00000000
00000000
00000000
00000000

01100000
11000000
00000000
00000000
00000000
00000000
00000000
00000000

00100000
00110000
00011000
00000000
00000000
00000000
00000000
00000000

00110000
00010000
00010000
00010000
00010000
00010000
00011000
00000000

10000000
11000000
10000000
00000000
00000000
00000000
00000000
00000000

11000000
01100000
00000000
00000000
00000000
00000000
00000000
00000000

11000000
10000000
11000000
10000000
00000000
00000000
00000000
00000000

11000000
01100000
00000000
00000000
00000000
00000000
00000000
00000000

01100000
00100000
00100000
00100000
00100000
00000000
00000000
00000000

00000000
00000000
10000000
11000000
11000000
10000000
00000000
00000000

11000000
11000000
00000000
00000000
00000000
00000000
00000000
00000000

00100000
01100000
11000000
00000000
00000000
00000000
00000000
00000000

11000000
01000000
01100000
00000000
00000000
00000000
00000000
00000000

01000000
01100000
11000000
00000000
00000000
00000000
00000000
00000000

11000000
10000000
11000000
01000000
00000000
00000000
00000000
00000000

10000000
11000000
11000000
00000000
00000000
00000000
00000000
00000000

01000000
11100000
01000000
01000000
01000000
01000000
00000000
00000000

01100000
11100000
10000000
00000000
00000000
00000000
00000000
00000000

00000000
00000000
10000000
11000000
10000000
00000000
00000000
00000000

10000000
11000000
01100000
00100000
00000000
00000000
00000000
00000000

11000000
11000000
00000000
00000000
00000000
00000000
00000000
00000000

00000001
00000011
00000010
00000110
00000110
00000100
00011100
00011000

01100000
11000000
01100000
00000000
00000000
00000000
00000000
00000000

11110000
10000000
00000000
00000000
00000000
00000000
00000000
00000000

11110000
01000000
01000000
00000000
00000000
00000000
00000000
00000000

11000000
01000000
11100000
00000000
00000000
00000000
00000000
00000000

01100000
11100000
00100000
00000000
00000000
00000000
00000000
00000000

01100000
00100000
00100000
11100000
00000000
00000000
00000000
00000000

11000000
01000000
01000000
00000000
00000000
00000000
00000000
00000000

10000000
11000000
01000000
01100000
01100000
00100000
00111000
00011000

11000000
01100000
00110000
00011000
00000000
00000000
00000000
00000000

01000000
01000000
11000000
01100000
01000000
00000000
00000000
00000000

11111111
10000000
00000000
00000000
00000000
00000000
00000000
00000000

11100000
11000000
00000000
00000000
00000000
00000000
00000000
00000000

11000000
01000000
01100000
00000000
00000000
00000000
00000000
00000000

11110000
10000000
00000000
00000000
00000000
00000000
00000000
00000000

01000000
11100000
00000000
00000000
00000000
00000000
00000000
00000000

01111110
11000000
00000000
00000000
00000000
00000000
00000000
00000000

11111100
00001100
00000000
00000000
00000000
00000000
00000000
00000000

11000000
10000000
10000000
10000000
10000000
00000000
00000000
00000000

11100000
11000000
01000000
00000000
00000000
00000000
00000000
00000000

10000000
11000000
11000000
10000000
10000000
00000000
00000000
00000000

01111100
11000000
00000000
00000000
00000000
00000000
00000000
00000000

11000000
01000000
01000000
01000000
00000000
00000000
00000000
00000000

11000000
01000000
01000000
01000000
00000000
00000000
00000000
00000000

00000000
00000000
00000000
00000000
00000000
00000000
00000000
00000001

00000000
00100000
11100000
10000000
10000000
10000000
10000000
10000000

10000000
11000000
01000000
00000000
00000000
00000000
00000000
00000000

10000000
11100000
10000000
00000000
00000000
00000000
00000000
00000000

00000000
00000000
00000000
00000000
00000000
00000110
11111100
10000000

10000000
11000000
01000000
11000000
00000000
00000000
00000000
00000000

10000000
10000000
00000000
00000000
00000000
00000000
00000000
00000000

00100000
00100000
11100000
01000000
01000000
00000000
00000000
00000000

01100000
01000000
11000000
00000000
00000000
00000000
00000000
00000000

11000000
01000000
11000000
00000000
00000000
00000000
00000000
00000000

00001000
00011000
00010000
00110000
00110000
00100000
11100000
11000000

01100000
11000000
10000000
00000000
00000000
00000000
00000000
00000000

11100000
01000000
01000000
01000000
11000000
00000000
00000000
00000000

00100000
00100000
00100000
00100000
00100000
00100000
01100000
11000000

00000000
00000000
00000000
00000000
00000000
00001100
01111000
11010000

00000000
00001000
11111000
00000000
00000000
00000000
00000000
00000000

00000000
00000000
00000000
00000000
00000000
01000000
11100000
01100000

10000000
11100000
11100000
00000000
00000000
00000000
00000000
00000000

00100000
00100000
01100000
11000000
00000000
00000000
00000000
00000000

00110000
00110000
01110000
01110000
00000000
00000000
00000000
00000000

00010000
00011111
00000000
00000000
00000000
00000000
00000000
00000000

11111111
00000000
00000000
00000000
00000000
00000000
00000000
00000000

00000000
10000000
11000000
01100000
00000000
00000000
00000000
00000000

00000000
11100000
11100000
01000000
00000000
00000000
00000000
00000000

00000000
00001100
00111000
01111000
00000000
00000000
00000000
00000000

01000000
01000000
01000000
11000000
01000000
11000000
00000000
00000000

00001000
00001000
00001110
00000100
00000000
00000000
00000000
00000000

11110000
00010000
00010000
00010000
00010000
00000000
00000000
00000000

00100000
01100000
11100000
00100000
00000000
00000000
00000000
00000000

00000000
01000000
01100000
11000000
01100000
00000000
00000000
00000000

00100000
01100000
00100000
00110000
00000000
00000000
00000000
00000000

10000000
11000000
11000000
01110000
00100000
00000000
00000000
00000000

11000000
01100000
00000000
00000000
00000000
00000000
00000000
00000000

11111000
00001100
00001000
00000000
00000000
00000000
00000000
00000000

00000000
00000000
00100000
00111000
00010000
00000000
00000000
00000000

01100000
11111000
00000000
00000000
00000000
00000000
00000000
00000000

11110000
00010000
00000000
00000000
00000000
00000000
00000000
00000000

00000000
00000000
00000001
00000011
00000001
00000011
00000110
00000100

01100000
01110000
01100000
01100000
01000000
00000000
00000000
00000000

11101000
00111000
00001000
00000000
00000000
00000000
00000000
00000000

11111111
00000000
00000000
00000000
00000000
00000000
00000000
00000000

11111111
00000100
00000000
00000000
00000000
00000000
00000000
00000000

11000000
01111110
00000000
00000000
00000000
00000000
00000000
00000000

00000000
00001000
00001000
00011100
00001000
00000000
00000000
00000000

01100000
01000000
01100000
01000000
01100000
00000000
00000000
00000000

11000000
10000000
10000000
00000000
00000000
00000000
00000000
00000000

00100000
00100000
01100000
01000000
01000000
00000000
00000000
00000000

01000000
11100000
01000000
00000000
00000000
00000000
00000000
00000000

00010000
00110000
01100000
00110000
00000000
00000000
00000000
00000000

01000000
11000000
10000000
00000000
00000000
00000000
00000000
00000000

00000000
01110000
01100000
00110000
00000000
00000000
00000000
00000000

11110000
10110000
00010000
00000000
00000000
00000000
00000000
00000000

00000000
00110000
01100000
00110000
00000000
00000000
00000000
00000000

00000000
00000000
00000010
00001111
00000010
00000000
00000000
00000000

01100000
01000000
01100000
00100000
00000000
00000000
00000000
00000000

00000000
00000000
00000000
00000000
00110000
00100000
00100000
00100000

00000000
00000000
00001100
00000100
00001100
00000100
00111100
00000000

00000000
00000000
00010000
00111100
01110000
11000000
00000000
00000000

00000000
00000000
00000000
00000000
00000000
00000000
00011111
00110100

11111000
10000000
00000000
00000000
00000000
00000000
00000000
00000000

00000000
00000000
00000000
00000000
00000000
00000111
00000111
00000001

00111000
11100000
00000000
00000000
00000000
00000000
00000000
00000000

11000000
01111000
00000000
00000000
00000000
00000000
00000000
00000000

00000000
00000000
00000000
01110000
01011000
00001111
00000110
00000011

10000000
11100000
00000000
00000000
00000000
00000000
00000000
00000000

00000011
00000001
00000001
00000000
00000000
00000000
00000000
00000000

00000000
00000000
00000000
00000000
00000000
00000000
00100000
11100000

11110000
00000000
00000000
00000000
00000000
00000000
00000000
00000000

00001100
01111110
11111110
00000000
00000000
00000000
00000000
00000000
