00000000000001000000000111111111
00000000000000000000000111111111
00000000000000000000000111111111
10000000100000000000000111111111
00000000000000000000000111111111
00000000000000000000000111111111
00000000000000000000000111111111
00000000000000000000000111111111
00000000001000000000000111111111
00000000000000000000001111111111
00000000000000000000000111111111
00000000000000000000000111111111
00000000000000000000000111111111
00000000000000000000000111111111
00000000000000000000000111111111
00000000000000000000000111111111
00000000000000000000000111111111
00000000000000000000000111111111
00000000000000000000000111111111
00000000000000000000000111111111
00000000000000100000000111111111
00000000000000000000000111111111
00000001000000000000000111111111
00000000000000000000000111111111
00000000000000000000000111111111
00000000000000100010000111111111
00000000000000000000000111111111
00010000000000000000000111111111
11111111111111111111111111111111
11111111111111111111111111111111
11111111111111111111111111111111
11111111111111111111111111111111

47
11110000
11111000
11010000
10000000
00000000
00000000
00000000
00000000

00001111
00001111
00000111
00000001
00000000
00000000
00000000
00000000

01110000
00110000
00000000
00000000
00000000
00000000
00000000
00000000

00000000
00000000
00000000
00000000
00000000
11111000
11111000
01010000

00011000
00001000
00000000
00000000
00000000
00000000
00000000
00000000

00000011
00000001
00000111
00000111
00000011
00000001
00000000
00000000

00001000
00001000
00111110
00000000
00000000
00000000
00000000
00000000

00000000
00100000
00100000
01110000
11110000
10100000
00000000
00000000

00000000
00000000
00000000
00000000
00000001
00000001
00000011
00000011

10000000
10000000
00000000
00000000
00000000
00000000
00000000
00000000

00000000
00000000
00000000
00001100
00001000
00000000
00000000
00000000

00111100
01111100
01111100
00010000
00000000
00000000
00000000
00000000

00000000
00000000
00000000
00000000
00000000
00000000
00000000
11000000

00001110
00001100
00000100
00000000
00000000
00000000
00000000
00000000

00000000
00000000
00000000
00000000
00000000
00000000
00011110
00001010

00000000
00000000
00000000
00010000
10111000
11110000
11000000
11100000

00000000
00000000
00000000
00000000
00000000
00000000
00010000
00000000

00000000
00000000
00000000
01110000
11100000
11100000
00100000
00000000

00000000
00000000
00000000
00000000
00000000
00000000
00011000
00001110

00000000
00010000
00011000
11110000
01000000
00000000
00000000
00000000

00000000
00000000
00001000
00001000
00001000
00111000
00110000
00000000

00011110
01111110
00110111
00000010
00000000
00000000
00000000
00000000

00000000
00000000
00000000
11000000
10000000
00000000
00000000
00000000

00000000
00000000
00001000
00001100
00011000
00010000
00000000
00000000

00000000
00000000
00000000
00000000
00000000
00000000
00000010
00000000

00000000
00000000
00000000
00100000
00111000
01100000
01100000
00000000

00000000
00000000
00000000
00001000
00001100
00000100
00000000
00000000

00000000
00000000
00000000
00100000
01111000
01110000
01100000
01000000

00000000
00000000
00000000
00000001
00000011
00000111
00000100
00000100

11000000
11100000
01100000
01110000
11100000
00000000
00000000
00000000

00000000
00000000
00000000
00000000
00000000
00000000
00000000
00100000

01100000
11110000
11110000
11110000
00100000
00000000
00000000
00000000

00000000
00000000
00000000
00000000
00000100
00000111
00000000
00000000

00000000
00000000
00000001
00000001
00000011
00000001
00000000
00000000

00010000
01110000
00000000
00000000
00000000
00000000
00000000
00000000

00000000
00000110
00000110
00000100
00000000
00000000
00000000
00000000

00001111
00001101
00001100
00001000
00000000
00000000
00000000
00000000

00000000
00000000
00000000
10000000
10000000
00000000
00000000
00000000

00001000
00011100
00011110
00111111
00011000
00000000
00000000
00000000

00000000
00010000
00010100
00111110
01110110
01010000
00000000
00000000

00110000
10111000
11111000
01100000
00100000
00000000
00000000
00000000

00000000
00000000
00000000
00010111
00011111
00011100
00000100
00000000

00000000
00000000
00000000
10000000
11000000
11111000
11100000
11000000

01101111
11111000
00011100
00001000
00000000
00000000
00000000
00000000

00000000
00000000
00000000
00000000
00000001
00000111
00000111
00000111

00000111
00001111
00000011
00000000
00000000
00000000
00000000
00000000

00000000
00000000
00000000
00000000
00000000
00000000
00011000
00000000
