10000000001100000000000000000111
00000000000101000000001000000111
00001000000000000000000000000111
00000000000000000010000000000111
00010011000000000000000000001111
00000000000000000000000000000111
00000000000000000000100000010111
00100010000010000000000100000111
00000000000000000000000000000111
00000000000000000000000000001111
00000000000000000000000000000111
00000000000100000000000000000111
00000000000000100000000000000111
00000000000000000000000000000111
00000000100000000000000000000111
00000000000000000000000000000111
00000000100000000000000000000111
00010000000000000000000000000111
00000000010010000000000000000111
00000000000000000000000000000111
11111111111111111111111111111111
11111111111111111111111111111111
11111111111111111111111111111111
11111111111111111111111111111111
11111111111111111111111111111111
11111111111111111111111111111111
11111111111111111111111111111111
11111111111111111111111111111111
11111111111111111111111111111111
11111111111111111111111111111111
11111111111111111111111111111111
11111111111111111111111111111111

65
00000000
00000000
01000000
01000000
11100000
00000000
00000000
00000000

00000000
00000000
00000000
00000000
00000000
00000001
00000011
00000001

00000000
00000000
00000000
00111000
00111000
01111000
01110000
00000000

00000000
10000000
10000000
00000000
00000000
00000000
00000000
00000000

00000000
00000000
00000000
00000000
00000000
11000000
01000000
01000000

00000000
00000000
00000000
00000000
01001000
01011100
11111100
10011000

00000000
00000000
00000000
00000000
00000000
00111001
00011111
00011111

00000000
00000000
00000100
00000100
00000110
00000111
00011111
00011110

00001111
00000011
00000010
00000000
00000000
00000000
00000000
00000000

00000000
00000000
00000110
00001110
00000000
00000000
00000000
00000000

00000000
00000010
00000111
00000010
00000111
00001111
00000100
00000000

00000000
00000000
00001000
01111000
00011000
00001000
00000000
00000000

00000000
00110000
01111000
00110000
00100000
00000000
00000000
00000000

00000000
00000000
00010000
00110000
00000000
00000000
00000000
00000000

00000000
00000000
00000000
00000000
00000000
10000000
11100000
00000000

10010000
11110000
11110000
11000000
11100000
10000000
00000000
00000000

00000000
00000000
00000000
00000000
00000011
00000011
00000011
00000001

00000000
00000000
00000000
00100000
00100000
00100000
11100000
00000000

00000011
00000111
00001111
00000111
00000001
00000001
00000001
00000000

00000000
00010110
00111110
00111000
00000000
00000000
00000000
00000000

00000000
00000000
00000000
00000000
00000000
01100000
01111000
01110000

00011100
00001000
00000000
00000000
00000000
00000000
00000000
00000000

00000000
00000000
00000000
00000000
00000000
00000000
00000001
00000000

00000000
00000000
00000000
00000000
00000000
01000000
11000000
11110000

00000000
00000000
00000010
00000110
00000010
00000000
00000000
00000000

00000000
00000010
00000010
00010110
00011111
00001000
00001000
00000000

00000000
00000000
00000111
00000110
00000000
00000000
00000000
00000000

00000000
00000000
00000000
00000001
00000011
00011111
00000111
00000101

00000000
00000000
00000000
00000000
00110000
01111010
00011111
00000000

00000000
00000000
00001011
00001111
00011000
00010000
00000000
00000000

00000000
00110100
00011100
00011100
01110000
00110000
00010000
00010000

00000000
00000000
00000000
00000000
00000001
00000111
00000010
00000010

00000000
00110000
00011000
00000000
00000000
00000000
00000000
00000000

00000000
00000000
00000000
00000000
00000000
10000000
00000000
00000000

00000000
00000001
00001111
00001100
00111111
00000010
00000010
00000000

00000000
00000000
00000001
00000001
00000001
00000011
00001111
00000011

00000000
00000000
00000000
00000000
00000000
00000010
00001110
00000010

00000000
00011000
00000000
00000000
00000000
00000000
00000000
00000000

00011000
00011000
00011000
00010000
00000000
00000000
00000000
00000000

00010000
00010000
00010000
00000000
00000000
00000000
00000000
00000000

00001100
00011111
00001101
00001000
00000000
00000000
00000000
00000000

00000000
00000000
00000000
00000000
00001000
00001100
00001111
00111111

00000000
00000000
00000000
00000000
10000000
10111000
11111100
00111000

00000000
00000000
00001000
00011111
00000111
00000011
00000000
00000000

00000000
00000000
00000000
00000000
00011001
00001111
00000010
00000011

00000101
00000111
00000101
00000001
00000001
00000000
00000000
00000000

00111000
00011000
00011000
00000000
00000000
00000000
00000000
00000000

00000000
00000000
00000000
00000000
00010000
01111100
01111110
11110000

00000000
00000000
00000000
00000000
00000000
01100000
11100000
01000000

00000000
00000000
00000000
00000000
00001111
00011111
00111100
00011100

00001011
00001111
00000011
00000001
00000000
00000000
00000000
00000000

00000000
00000000
11100000
11000000
10000000
00000000
00000000
00000000

00000000
00000000
00000000
00000000
11000000
11000000
11111000
11111000

00000000
00000000
00000000
00000000
00010000
11111000
01111100
01110000

00000000
00000000
00000000
00000000
00100000
00110000
11111100
11111100

00000000
00000000
10000000
00000000
00000000
00000000
00000000
00000000

00000000
00011000
00000000
00000000
00000000
00000000
00000000
00000000

00000000
00000000
00000000
00000000
00000000
01101000
01111100
00001000

00000000
00000000
00000000
00001100
00000000
00000000
00000000
00000000

00000000
00000000
00000000
00000000
00000100
00000100
00000100
00000000

00000000
00000011
00000001
00000001
00000001
00000000
00000000
00000000

00000000
00000000
00000000
00000100
00000100
00001110
00000111
00000000

00000000
00000000
00000011
00000011
00001110
00111110
00000100
00000000

11111000
10111000
00101000
00000000
00000000
00000000
00000000
00000000

00000000
00000000
00000000
00010000
00110000
00111000
00111000
11111000
