00000000000000000000000111111111
00000000000000000000000111111111
00000000000000000000000111111111
00000000100000000000000111111111
00000100000000000000000111111111
00000000000000000000000111111111
00000000100000000000000111111111
00000000000000000000000111111111
00000000000000000000000111111111
00000000000001000000000111111111
00000000100000000000000111111111
00000000000000000000000111111111
00000000000000000000001111111111
00000100001010000000000111111111
00100000000000000000000111111111
00000000000000000000000111111111
00001000001000000000000111111111
00000000000000000100000111111111
00001000000000000000000111111111
00010000000000000000000111111111
00000100000000000000000111111111
00000000000000000000000111111111
00000000000000000000000111111111
00000001000000000000110111111111
00000000000000000000001111111111
00000000000000001000000111111111
00000000000000000000000111111111
00000001000000000000000111111111
00000000000000000000000111111111
00000000000000000000000111111111
00000000001000000000000111111111
00000000000000000000000111111111

141
00000000
00101000
11111000
11111100
10010000
00010000
00000000
00000000

00000110
00011111
00000100
00000000
00000000
00000000
00000000
00000000

00000000
00000000
00000000
00000000
10000000
10000000
11000000
00000000

00000000
00000000
00000000
00000000
00000000
00000000
00111000
01111111

00000000
00000000
00000000
00011100
00111110
00001000
00000000
00000000

00000000
00000000
00000000
00000000
00010100
00011100
00001110
00001100

11100000
10111000
10000000
00000000
00000000
00000000
00000000
00000000

00001111
00000110
00000100
00000000
00000000
00000000
00000000
00000000

00000011
00000011
00001011
00001111
00000000
00000000
00000000
00000000

00000000
00010000
00011000
00011100
00011000
00001000
00000000
00000000

00000000
00000000
00011000
00011000
00011000
00010000
00000000
00000000

00000101
00001111
00001011
00000011
00000110
00000000
00000000
00000000

00000011
00000111
00000000
00000000
00000000
00000000
00000000
00000000

00000000
00000000
00000000
00000000
00000000
00000000
00000000
11000000

00000000
11000000
11010000
11110000
01000000
00000000
00000000
00000000

00000000
00000011
00000011
00000111
00001101
00000001
00000000
00000000

00000000
00110000
00100000
01100000
00100000
00100000
00000000
00000000

00000000
00000000
00000000
00000100
00001110
00000111
00000110
00000111

00000000
00000000
00000000
00000000
00000000
00000000
00001000
00001000

00000000
00000001
00000011
00000001
00000011
00000111
00000001
00000000

00000000
00000000
00000000
00000000
00000000
00110110
01111100
00110100

00000000
00000000
00000000
00000000
00000000
01110000
00100000
00100000

00000000
00000000
00000000
00000000
00000000
00010000
00111000
00000000

00000000
00000000
00000010
00000110
00000011
00000000
00000000
00000000

00000001
00000000
00000000
00000000
00000000
00000000
00000000
00000000

00010000
00111100
00000000
00000000
00000000
00000000
00000000
00000000

00000000
00000000
00000000
00000000
00000110
00000011
00011111
00111111

00001000
00111100
00111110
00111000
00011100
00000000
00000000
00000000

00000000
00000000
00000000
00000000
00000000
00000011
00000111
00000111

00000000
00000000
00000000
00000000
00000000
00000000
00000000
00100000

00000000
00000000
00000000
00000000
00010100
00110100
00011100
00010000

00000000
00000000
10000000
10000000
10000000
11100000
11000000
10000000

00000100
00000110
00000100
00111100
00011000
00000000
00000000
00000000

00000000
00000000
00000000
10010000
11111000
11010000
00000000
00000000

00000111
00000001
00000001
00000000
00000000
00000000
00000000
00000000

00000000
00000000
11100000
10000000
00000000
00000000
00000000
00000000

00001000
00011000
00001100
00111000
00010000
00000000
00000000
00000000

00000000
00000000
01000000
01001000
01011000
01111100
00111100
00000000

11000000
01110000
00011000
00010000
00000000
00000000
00000000
00000000

00000000
00000000
00000010
00000111
00000111
00000111
00000000
00000000

00000000
00000000
00000000
00000000
00100000
00000000
00000000
00000000

00000000
00000000
00000000
00000000
00010000
00111000
00110000
00000000

11100000
11111000
01011000
00000000
00000000
00000000
00000000
00000000

10010000
11111100
11101000
00001000
00001000
00001000
00000000
00000000

00000000
00000000
00000000
00000000
00000000
00000000
00011011
00011111

00000000
11000000
11000000
11110000
11110000
11010000
00000000
00000000

00000000
00000000
00000000
00000000
00000000
00000000
00000000
01000000

00000010
00000110
00000100
00000000
00000000
00000000
00000000
00000000

00000000
00000000
00000000
00010000
00111100
00011000
00010000
00000000

01100000
11111000
01110000
01100000
11100000
00000000
00000000
00000000

00000000
00000000
00000001
00000011
00000111
00000011
00000010
00000000

00000000
00000000
00000100
00011100
00001110
00000100
00000000
00000000

00000000
00000000
00010000
11110000
11100000
11000000
00000000
00000000

00000000
00000000
00000001
00000111
00000011
00000000
00000000
00000000

00000000
00000000
00000000
01000000
11010000
11110000
11110000
01110000

11110000
11000000
01100000
11000000
01000000
00000000
00000000
00000000

00000000
00000000
00000000
00001000
00001000
00001000
00000000
00000000

00000000
01000000
01000000
00000000
00000000
00000000
00000000
00000000

00101100
01111110
00011000
00011000
00010000
00000000
00000000
00000000

11100000
11110000
11000000
00000000
00000000
00000000
00000000
00000000

00111111
00011111
00011100
00000100
00000000
00000000
00000000
00000000

00000000
00000000
00000000
00000000
10000000
11100000
11100000
11100000

00000000
00000000
00000000
00000000
00000001
00000001
00000111
00000101

01000000
11110000
10100000
00100000
00000000
00000000
00000000
00000000

00001100
00111110
00010111
00000101
00000000
00000000
00000000
00000000

00000000
00000010
00000000
00000000
00000000
00000000
00000000
00000000

00000000
00000100
00011100
00010000
00000000
00000000
00000000
00000000

00000000
00000000
01000000
00000000
00000000
00000000
00000000
00000000

00000000
00000000
00001100
00001100
00000111
00000110
00000000
00000000

00000000
00000000
00000000
11010000
11111000
10101000
00001000
00000000

11000000
11000000
11110000
11100000
10100000
00000000
00000000
00000000

00000000
00000000
00000000
00000000
00000000
00101100
01111110
01111111

00000000
00000011
00000011
00000011
00000011
00000001
00000001
00000000

00000000
00000000
00001000
00001100
00011110
00011100
00000100
00000000

00000000
00000000
00000000
00000110
00011111
00011110
00000110
00000110

00000000
10100000
11100000
01100000
00000000
00000000
00000000
00000000

00000000
00000000
00000000
00001000
00111000
00111100
00000000
00000000

00000000
00000000
10000000
11000000
11100000
01110000
00010000
00000000

00000000
00000000
00000000
00000000
00000000
00000011
00000001
00000001

00111101
00011101
00000111
00000010
00000010
00000000
00000000
00000000

00000000
00000000
00000000
00000000
00000000
01000000
01000000
00000000

00000000
00000000
00000000
00000000
11100000
00100000
11111000
11010000

11100000
11100000
10000000
00000000
00000000
00000000
00000000
00000000

00000000
00000000
00100000
11111100
00101000
00000000
00000000
00000000

11110000
00010000
00000000
00000000
00000000
00000000
00000000
00000000

01000000
11110000
01110000
00010000
00000000
00000000
00000000
00000000

00000000
00000000
00000000
01100000
00100000
00111000
00000000
00000000

00000000
00000000
00000000
00000000
00000000
00000111
00000111
00000001

00000110
00000100
00000000
00000000
00000000
00000000
00000000
00000000

00111111
00001011
00000000
00000000
00000000
00000000
00000000
00000000

00000000
00000000
00000000
00000000
00000000
00000000
00000100
00000000

00110000
00100000
00100000
00000000
00000000
00000000
00000000
00000000

00000000
00000000
00111000
00111000
01111100
00110110
00000000
00000000

00000000
00000000
00000011
00001111
00000111
00000111
00000011
00000011

11000000
10000000
00000000
00000000
00000000
00000000
00000000
00000000

00000000
00000000
00000000
00000000
00011000
00011110
01111110
01110010

00000000
00000000
11100000
11100000
01110000
01110000
00000000
00000000

00001110
00001110
00000110
00000110
00000000
00000000
00000000
00000000

11111000
11101000
10000000
10000000
00000000
00000000
00000000
00000000

00000000
00000000
00000000
00000000
01000000
01011100
01111000
00010000

00000001
00000000
00000000
00000000
00000000
00000000
00000000
00000000

00000000
00000000
00000000
00000000
00000000
01111100
00111100
00010000

00000000
00000000
00000000
00000000
00000000
00011101
00001111
00001011

00000000
00000000
00000000
00000000
00000000
00000000
00000110
00000100

00000000
00000000
00111000
00101000
01100000
01100000
01100000
00100000

00000000
00000000
00000000
00000000
00001000
00001000
00000000
00000000

00000000
00000000
11000000
01000000
01100000
11100000
11100000
11100000

00000000
00010000
00000000
00000000
00000000
00000000
00000000
00000000

00000000
00000000
00000000
00000000
00000000
00001100
01111100
00010000

00010000
00111000
00111000
00001000
00000000
00000000
00000000
00000000

10000000
10000000
11000000
11000000
00000000
00000000
00000000
00000000

00000000
00000000
00000000
00000000
00000001
00000000
00000000
00000000

00000000
00000000
00001000
00011110
00011100
00111000
00010000
00000000

00000000
00000000
00000000
00000000
00000000
00000000
00000000
00000011

01111111
01001100
00000100
00000000
00000000
00000000
00000000
00000000

00000000
00000000
00000100
00000000
00000000
00000000
00000000
00000000

00000000
00000000
00000000
01111000
11110000
01000000
00000000
00000000

00000000
00000000
00000000
00000000
00000000
00011110
00011100
00011000

00000000
00000000
00000100
00000000
00000000
00000000
00000000
00000000

11110000
11100000
11100000
11100000
10000000
00000000
00000000
00000000

00000010
00000000
00000000
00000000
00000000
00000000
00000000
00000000

00000000
00000000
00000000
00000000
00000000
00000011
00000000
00000000

00000000
00000011
00000010
00000000
00000000
00000000
00000000
00000000

00011100
00111110
00011011
00000010
00000000
00000000
00000000
00000000

01000000
11100000
11100000
11111000
11100000
00000000
00000000
00000000

00000011
00000110
00000011
00000010
00000000
00000000
00000000
00000000

00001111
01111110
01111000
00100000
00000000
00000000
00000000
00000000

00000000
00000000
00000000
00000001
00000000
00000000
00000000
00000000

00101000
00111000
00101100
00101000
00000000
00000000
00000000
00000000

00000000
00000000
00000000
00000000
00000000
00000010
00000011
00000001

00000000
00000000
00000001
00000001
00000011
00000000
00000000
00000000

00000000
00000000
11111110
01111100
01100000
00110000
00000000
00000000

00000000
00001111
00000010
00000010
00000000
00000000
00000000
00000000

00000000
00000011
00000011
00011111
00000111
00000010
00000000
00000000

00000000
00000000
00000000
00001000
00001100
00000000
00000000
00000000

00000000
00000000
00000000
00000000
00000010
00001111
00000101
00000000

00000000
00000100
00011100
00110100
00000000
00000000
00000000
00000000

01100000
01110000
01111000
01111100
00001000
00000000
00000000
00000000

00000000
00000000
00000000
00011000
00011000
01111000
00111100
00101000

00010000
00111100
00010000
00000000
00000000
00000000
00000000
00000000

00000000
00000011
00000011
00001111
00000111
00000001
00000000
00000000
