00000000000000000000000000000001
00000000000000000000000000000001
00000000000000000000000000000001
00000000000000000000000000000001
00000000000000000000000000000001
00000000000000000000000000000001
00000000000000000000000000000001
00000000000000000000000000000001
00000000000000000000000000000001
00000000000000000000000000000001
00000000000000000000000000000001
00000000000000000000000000000001
00000000000000000000000000000001
00000000000000000000000000000001
00000000000000000000000000000001
00000000000000000000000000000001
00000000000000000000000000000001
00000000000000000000000000000001
00000000000000000000000000000001
00000000000000000000000000000001
00000000000000000000000000000001
00000000000000000000000000000001
00000000000000000000000000000001
00000000000000000000000000000001
00000000000000000000000000000001
00000000000000000000000000000001
00000000000000000000000000000001
00000000000000000000000000000011
00000000000000000000000000000001
11111111111111111111111111111111
11111111111111111111111111111111
11111111111111111111111111111111

227
00011100
00010000
00000000
00000000
00000000
00000000
00000000
00000000

00000000
00000000
00000000
00001110
00001011
00000001
00000000
00000000

00000000
00000000
00000000
00000000
00000000
00000000
00000001
00000000

00000000
10000000
11100000
11111100
01100000
00100000
00000000
00000000

00000000
00000000
00000000
00000000
00000000
00000000
10000000
10000000

00000000
00000000
00000000
00000000
00000000
10000000
11000000
11000000

00000000
00100000
00000000
00000000
00000000
00000000
00000000
00000000

01111010
01111111
00110000
00000000
00000000
00000000
00000000
00000000

00000000
00000000
00000000
11100000
11000000
11000000
11000000
00000000

00000000
00000000
00000000
00000000
01000000
01100000
00000000
00000000

00100000
01110000
00111000
00100000
00100000
00000000
00000000
00000000

00000000
00000000
11111000
11111000
10010000
11000000
00000000
00000000

00000000
00000000
00000110
00000110
00000000
00000000
00000000
00000000

00000000
00000000
00000000
00000110
00000000
00000000
00000000
00000000

00000000
00000000
01000000
01100000
11100000
11100000
11100000
11000000

00001111
00000001
00000000
00000000
00000000
00000000
00000000
00000000

00000000
00000000
00000000
00000000
00000000
00111110
00000011
00000011

00000000
00000000
00000000
00000000
01000000
01001000
11101000
11111000

00000000
00000000
00000000
00000000
00000001
00001111
00000011
00000011

00000000
00000000
00000000
00000000
01110000
01111000
11111100
11001000

00010000
00010000
00111000
11111000
00010000
00000000
00000000
00000000

00000000
01110000
01000000
11100000
11100000
10100000
10000000
00000000

00000000
00000000
00000000
00000000
00010000
00011010
01111010
00111111

00000000
00000000
00000000
00000000
00111000
00111000
00000000
00000000

00000000
11100000
11110000
11000000
00000000
00000000
00000000
00000000

01100000
00111100
11110000
11100000
01000000
00000000
00000000
00000000

01000000
11100000
11100000
01100000
11110000
10100000
00000000
00000000

00000000
00000000
00000000
00000000
00011000
01111110
01011110
01000110

00001111
00001111
00000011
00000010
00000000
00000000
00000000
00000000

00000010
00000010
00000110
00000011
00000000
00000000
00000000
00000000

00000000
10000000
11000000
01110000
00011000
00000000
00000000
00000000

00001111
00011111
00010100
00000000
00000000
00000000
00000000
00000000

00000001
00000000
00000000
00000000
00000000
00000000
00000000
00000000

00000000
00000000
00101000
10111000
11111000
01100000
01000000
01000000

00000000
00000000
00100000
00000000
00000000
00000000
00000000
00000000

11000000
11100000
11000000
11000000
10000000
00000000
00000000
00000000

00000000
00000000
00000000
00011110
01111100
11100100
10000000
00000000

00000000
00000000
00000000
00000000
00100000
00100000
11110000
01110000

00000000
00000000
00000000
00000000
00010110
00111111
00110000
00100000

00000000
00000000
00000000
00000000
00000000
00000010
00011110
00001010

00000000
00000000
00000000
00000010
00000110
00000110
00001111
00000111

00011000
00011000
00000000
00000000
00000000
00000000
00000000
00000000

00000000
00000000
00000000
00000000
00000000
00000010
00011110
00011110

00000000
00001000
00001111
00000111
00000011
00000001
00000001
00000000

00000000
00000000
00000000
00000000
00000000
00010000
00000000
00000000

00000000
00000000
00000000
00000000
00000000
00100000
00100000
00000000

00000000
00000000
00000000
00000000
00100000
01111100
11101000
10100000

00001000
00001100
00001110
00001000
00000000
00000000
00000000
00000000

00000000
00000000
00000000
00000010
00000011
00001011
00011011
00011111

11100000
11110000
11010000
10010000
00010000
00000000
00000000
00000000

00000000
00000011
00000001
00000001
00000011
00000011
00000111
00000000

00000000
00000000
00000000
00000000
00100000
11100000
11000000
00000000

00000000
00000000
00000000
01000000
01000000
00000000
00000000
00000000

11000000
11011000
11110000
10100000
00000000
00000000
00000000
00000000

00001111
00001111
00011111
00011000
00001000
00000000
00000000
00000000

00000000
00000000
00000000
00000000
00000010
00011110
00001111
00001111

00100000
00110000
00100000
00000000
00000000
00000000
00000000
00000000

00000010
00000111
00000111
00000111
00000010
00000000
00000000
00000000

00000111
00001111
00000111
00011110
00000100
00000100
00000000
00000000

00000000
01000000
00000000
00000000
00000000
00000000
00000000
00000000

00111111
00001100
00001000
00001000
00000000
00000000
00000000
00000000

00011000
00010000
00010000
10110000
11110000
01100000
11000000
10000000

00000000
00000000
00000000
00010000
00011100
00001000
00000000
00000000

00000000
00000000
00000000
00000110
00000000
00000000
00000000
00000000

00011000
00001111
00001111
00000010
00000011
00000000
00000000
00000000

00000000
00000000
00000000
00100000
00100000
01100000
11100000
00100000

00011000
01111100
00101110
00000000
00000000
00000000
00000000
00000000

00000000
00000000
00000000
10000000
10000000
10000000
11000000
10000000

00000000
00000000
00000000
01110000
00011000
11111000
11110000
10100000

00000100
00001100
00000100
00001100
00011110
00000100
00000100
00000000

00000000
00000000
00000000
00000000
00000000
00000000
00001000
00000000

00000000
00000000
00000000
00000000
00000100
00001111
00000000
00000000

00111100
01111100
00010000
00010000
00000000
00000000
00000000
00000000

00011111
00111111
00001011
00000001
00000000
00000000
00000000
00000000

00000000
00000000
00000000
00000000
00000000
00000000
00000000
00000100

00000000
00000000
00000000
00000000
00000011
00000110
00000010
00000010

00000000
00000000
00000000
00000000
00000000
00000000
01000000
11000000

00001000
00011100
00111111
01110100
00010000
00000000
00000000
00000000

00000000
00000000
00000100
00001110
00011111
00111000
00111000
00100000

00000000
00000000
00000000
00000000
00000001
00000001
00000011
00000001

00000000
00000000
00000000
00000000
00000000
00000100
00000110
00000111

00000000
00000000
00000000
00000000
00000000
00000000
00000000
10000000

00000000
00100000
01100000
00000000
00000000
00000000
00000000
00000000

11111110
10001111
00000111
00000001
00000000
00000000
00000000
00000000

00000000
00000000
00000000
00000000
00000000
00001100
00000000
00000000

00000000
00000000
01000000
00000000
00000000
00000000
00000000
00000000

00000000
00000000
00000000
00000000
00000000
00000100
00000100
00000000

00000000
00000000
00000000
00000000
00000000
11000000
11110000
10010000

00000000
00011000
00000000
00000000
00000000
00000000
00000000
00000000

00000000
00000000
00001100
00000000
00000000
00000000
00000000
00000000

00000000
00000000
00000000
00000000
10000000
11000000
11000000
11000000

00000111
00011111
00010111
00000110
00000010
00000000
00000000
00000000

00000000
00000000
00000000
00000000
00000000
00000000
10000000
11000000

01110000
11111110
10110011
00000000
00000000
00000000
00000000
00000000

00000000
00000000
00000000
00000000
00100000
00111100
00100000
01100000

00000100
00001110
00011111
00011011
00000000
00000000
00000000
00000000

00000000
00000000
00000000
00000000
00000000
00000000
11111000
00111100

00000000
00000000
00010000
00011111
01111000
00001100
00000000
00000000

00000000
00000000
00000000
00000000
00000000
00001111
00011111
00011111

11100000
00000000
00000000
00000000
00000000
00000000
00000000
00000000

00000000
00000000
00000000
00000000
00000000
00010000
01110000
01000000

01000000
11001100
11111000
11101000
01000000
00000000
00000000
00000000

00000000
00111000
00111000
01111000
00001000
00000000
00000000
00000000

00000000
00000000
00000000
00000000
00001100
00000100
00000000
00000000

00000000
00000000
00000000
00000001
00000001
00000001
00000011
00000001

00000000
00000000
00000000
00000000
11110000
01000000
11000000
11000000

00000000
00000010
00000000
00000000
00000000
00000000
00000000
00000000

00000000
00000000
00000000
00000000
00000000
00000000
00000000
00000001

00000000
00000000
00000000
00000000
10010000
11111000
11100000
11000000

00000000
01101100
01111100
00011100
00011000
00000000
00000000
00000000

00000100
01110110
00011100
00000000
00000000
00000000
00000000
00000000

00000000
00000100
00000100
00011110
00111000
00110000
00000000
00000000

00000000
00000000
00000000
00000000
00000000
00000000
00011100
00111100

00000000
00000000
10000000
11110000
11010000
11000000
10000000
10000000

00000111
00000111
00011111
00001010
00000000
00000000
00000000
00000000

00000000
00000000
00000000
00000000
00111110
00001110
00000000
00000000

00000000
00000000
00000000
00000000
00000000
00000000
00000011
00000000

00000000
00000000
00000001
00000011
00000011
00000111
00000011
00000000

00000000
00000000
00000000
00000000
00000000
00000000
00010000
01110000

00001111
00001010
00000010
00000000
00000000
00000000
00000000
00000000

00110000
11110000
11100000
00100000
00000000
00000000
00000000
00000000

00000000
00000000
00000000
00000000
00000000
00000001
00000001
00000001

00000000
00000000
00000000
00000000
00000000
11100000
11100000
11000000

00011111
11111111
01000001
01000000
00000000
00000000
00000000
00000000

00000001
00000001
00000001
00000000
00000000
00000000
00000000
00000000

00000000
00000000
00000000
00000000
00100000
11111000
11111000
01110000

00000000
00000000
00000000
00000110
00000111
00001101
00011000
00000000

00000000
00000000
00000001
00000011
00000001
00000001
00000001
00000000

00001100
00001000
01111000
00011000
00111000
11101000
00000000
00000000

00000000
00000000
00000000
00010000
00010000
00000000
00000000
00000000

00000000
00000000
11110000
11100000
11100000
11000000
10000000
00000000

00000000
00000000
00000000
00000000
00011100
00001110
00001110
00000111

00000000
00000000
01000000
01000000
11000000
11000000
11000000
10000000

00000000
00000010
00000011
00000001
00001001
00001111
00000011
00000011

00000000
00000011
00011111
00001110
00000111
00000000
00000000
00000000

00000000
00000000
00000000
00000100
00000100
00000000
00000000
00000000

11100000
11100000
11100000
10111000
00000000
00000000
00000000
00000000

00000000
00000000
00000000
00000000
00000110
00000000
00000000
00000000

00000000
10000000
10010000
11111000
00100000
00000000
00000000
00000000

00000000
00000000
00000000
00000000
00000000
00001100
00001111
00001100

00000000
00000000
00000000
00011110
00001100
00000000
00000000
00000000

00000000
00000000
00000000
00010110
00111100
00001000
00000000
00000000

00000011
00001110
00000010
00000000
00000000
00000000
00000000
00000000

00000000
00000000
00010000
01111000
01110000
01010000
00000000
00000000

00000000
00000000
00000000
00000000
10000000
10100000
11110000
11010000

00000000
00000000
00000000
00001000
00000000
00000000
00000000
00000000

00000000
00000000
00000000
00000000
00000000
00000000
00000000
00110000

00000000
00000000
00000000
00000100
00000100
00000000
00000000
00000000

00000000
00000000
00000100
00000100
00000101
00001111
00000110
00000110

00000000
00011000
01111110
00111100
00010000
00000000
00000000
00000000

00000000
00000000
00000000
00000000
00101000
01111000
00111100
00111110

00000000
00000000
00000000
00000000
00000000
01110000
11111000
11110000

00000000
00000000
00000000
00001000
01111110
01011110
00001100
00000100

00000111
00000111
00000110
00000011
00000011
00000010
00000000
00000000

00000000
00111000
00100000
00000000
00000000
00000000
00000000
00000000

00011111
00111111
00000111
00000011
00000000
00000000
00000000
00000000

00000010
00111111
00111111
00110000
00000000
00000000
00000000
00000000

00000000
00011000
00010000
00000000
00000000
00000000
00000000
00000000

00000000
00000000
00000000
00000100
00001100
00001110
00000100
00000000

00000000
00000000
00000000
11111000
01001000
00001000
00001000
00000000

00000000
00000000
00000000
00000000
00000000
00000000
01100000
00100000

01000000
01000000
00000000
00000000
00000000
00000000
00000000
00000000

00000000
00000000
00000000
00000000
11010000
01110000
11110000
01100000

00000000
00011000
00001100
00000000
00000000
00000000
00000000
00000000

00000000
00000000
00000000
00000000
00000000
11000000
11100000
00000000

10010000
11110000
11100000
10100000
00100000
00000000
00000000
00000000

00000000
00000000
00000100
00001111
00000010
00000000
00000000
00000000

00000000
00000000
00100000
00000000
00000000
00000000
00000000
00000000

00000000
00000000
00000000
00000000
00000000
00001000
00001000
00000000

00000000
00000000
00110000
00010000
00000000
00000000
00000000
00000000

00000000
00010000
00010000
00011100
00001000
00000000
00000000
00000000

00000000
00000000
00000000
00000000
01110000
01111000
00110000
11110000

00000000
00000000
00000100
00001111
00000100
00000000
00000000
00000000

00000000
00000000
00000000
00110000
00111000
01111000
01110000
00100000

00000000
01110000
00111000
00011000
00010000
00000000
00000000
00000000

00000000
11000000
11100000
11100000
11100000
10000000
00000000
00000000

00000000
00000000
00000000
00000001
00000111
00000111
00000001
00000000

00111000
00001000
00001000
00000000
00000000
00000000
00000000
00000000

00000000
00000000
00111000
00111000
00000000
00000000
00000000
00000000

00000000
00000000
00000011
00000111
00000001
00000001
00000000
00000000

00000000
00000000
00000000
00000000
00000000
00011001
00011111
00110110

00000000
00000000
00000000
00000000
00000000
00000000
00000000
10000000

11000000
11111000
00000000
00000000
00000000
00000000
00000000
00000000

10100000
11100000
11000000
10000000
00000000
00000000
00000000
00000000

01111110
00110110
00010000
00000000
00000000
00000000
00000000
00000000

00010000
00110000
00011000
00111100
01111100
00101000
00000000
00000000

00000000
00000000
00000000
00000000
00000000
00000011
00000010
00000010

00000000
00000000
00000101
00001111
00001110
00000110
00000100
00000000

01000000
11100000
01000000
00000000
00000000
00000000
00000000
00000000

00000000
00000000
00000000
00000100
00001100
01100100
01111111
00001010

00011000
00011100
01111000
00001000
00000000
00000000
00000000
00000000

00000000
00000000
00000000
00000000
00000100
00011110
00001010
00000000

00000000
00000000
00000000
00000000
00000000
00000010
00000010
00000010

00000000
00000000
00001101
00011111
00010000
00000000
00000000
00000000

00011001
00011111
00001111
00001010
00000000
00000000
00000000
00000000

00000000
00000000
00000000
00100000
00110000
00110000
11110000
00011000

00000000
00000000
00000000
01110000
00111110
00000010
00000000
00000000

00000000
00000000
00000000
00000000
00000110
00111110
00111100
01111100

00000000
00000000
00000011
00000111
00000111
00000101
00000101
00000000

00001101
00001111
00001111
00000011
00000011
00000010
00000000
00000000

00000000
00000000
00000000
00100000
01111100
01111100
00110000
00010000

00000000
00000000
00000000
00000000
00000000
00000000
00001100
00000000

00000000
00000000
00000010
00010110
00010110
00011111
00001111
00000000

00000000
00000100
00000000
00000000
00000000
00000000
00000000
00000000

00000000
00000000
00100000
00100000
11100000
11100000
11100000
11100000

00000000
00000000
00000000
00000000
00001100
00001110
00111111
00011101

00000011
00000010
00000000
00000000
00000000
00000000
00000000
00000000

00000000
00000000
00000000
00000000
00000000
10100000
10100000
11110000

11000000
11100000
10100000
00000000
00000000
00000000
00000000
00000000

00000000
00000000
00000000
00000000
00000000
01110000
00010000
00000000

11111110
10111100
00010000
00000000
00000000
00000000
00000000
00000000

00000000
00000000
00000000
00001000
00000000
00000000
00000000
00000000

10100000
11111000
11010000
11010000
11000000
00000000
00000000
00000000

00000000
00000000
00000011
00000001
00000000
00000000
00000000
00000000

00000000
00000000
00000001
00000011
00000010
00000000
00000000
00000000

11111000
11000000
00000000
00000000
00000000
00000000
00000000
00000000

00000000
00000000
00000000
00000010
00000111
00001100
00001111
00001011

01000000
11000000
11100000
11100000
11000000
00000000
00000000
00000000

00000000
00000000
00000000
00000000
00000000
00001000
00001000
00000000

00001111
00011100
00111000
00010000
00000000
00000000
00000000
00000000

00000000
01111100
01111000
01110000
00100000
00000000
00000000
00000000

00000000
00000000
00000000
01000000
11100000
11000000
00000000
00000000

00000000
01101100
00111100
00111100
00001000
00000000
00000000
00000000

00000000
00001000
00011100
00011110
00000111
00000000
00000000
00000000

00000000
00000000
00000000
00100000
01110000
01111000
01111000
01110000

00000000
00000000
00000000
00000000
00000000
00000001
00000011
00000011

00000111
00000111
00000000
00000000
00000000
00000000
00000000
00000000
