00000000000000000000000111111111
00000000000000000000000111111111
00000000000000000000000111111111
00000000000000000100000111111111
00000000000000000000000111111111
00000000000000010000000111111111
00000000000000000000000111111111
00000000000000000000100111111111
00000000000000000000000111111111
00000000000000000000000111111111
00000000000000000000000111111111
00000000000000000000000111111111
00000000000000000000000111111111
00000000000000000000000111111111
00000000000000000000000111111111
00000000000000000000000111111111
00001000000000000000000111111111
00000000000000000000000111111111
00000000000000000000000111111111
00000000000000000000000111111111
00000000000000000000000111111111
00000000000000000000000111111111
00000000000000000000000111111111
00000000000000000000000111111111
00000000000000000000000111111111
00000000000000000000000111111111
00000000000000001000000111111111
00000000000000000000000111111111
00000000000000000000000111111111
00000000000000000000000111111111
00000000000000000000000111111111
11111111111111111111111111111111

83
11100000
11000000
11000000
11000000
10000000
00000000
00000000
00000000

00000000
00000000
00000000
00010000
01110010
00111110
11111000
10000000

01000000
01100000
01100000
11111000
11100000
00000000
00000000
00000000

00010100
01111110
01111100
01000000
00000000
00000000
00000000
00000000

11111100
11110000
11000000
11100000
00000000
00000000
00000000
00000000

10000000
11100000
11000000
10000000
00000000
00000000
00000000
00000000

00000000
00000000
00000000
00000000
00000000
00001000
00011100
00011000

00000000
11110000
11100000
00000000
00000000
00000000
00000000
00000000

00000000
00000000
00000000
00000000
00000000
00000000
00110000
00000000

00000000
00000000
00000000
00000000
11000000
11000000
00000000
00000000

00000000
00000000
10000000
10000000
11000000
11100000
11110000
11100000

00000000
00000000
00000100
00000110
00000010
00001110
00000000
00000000

00000000
00000000
01000000
01011000
11110000
01100000
00100000
00100000

00000000
00000000
00000000
00000000
00000000
00001010
10011110
11111100

00000000
00000000
00000000
00000111
00000101
00001100
00011110
00011111

00000000
00000000
00000000
00000000
00000000
00001011
10001011
11111111

00000000
00000000
00001110
00000000
00000000
00000000
00000000
00000000

00000000
00001100
00001110
00011100
00011000
00000000
00000000
00000000

00000000
00000000
00000000
00010000
00011000
00111110
11100000
11100000

00000000
00000000
00000000
00000000
00010000
00000000
00000000
00000000

00000000
00000000
00110000
00011100
00011000
00001000
00000000
00000000

00000000
00000000
00000000
00000001
00000001
00000000
00000000
00000000

01111111
01101111
00100100
00000000
00000000
00000000
00000000
00000000

00000000
00000000
00100000
00100000
00111101
00011111
00000001
00000001

00000000
00000000
00000000
00000000
00000100
00000000
00000000
00000000

00000111
00000111
00001111
00001111
00000100
00000000
00000000
00000000

00000000
00000000
00000000
00000000
00000000
00000010
00111111
00001110

00000000
00000000
00001100
00011100
00000111
00000110
00000010
00000000

00000000
00010000
00010000
00011000
00001000
00000000
00000000
00000000

00000000
10000000
00000000
00000000
00000000
00000000
00000000
00000000

00000000
00000000
00011000
00001000
00001000
00000000
00000000
00000000

00000000
00000000
00000000
10000000
10100000
10100000
11100000
11111000

00000000
00000000
00000010
00000000
00000000
00000000
00000000
00000000

00000000
00000000
00000000
00000000
00000010
00000000
00000000
00000000

00000000
00000000
00000000
00000000
00000000
00000010
00000111
00001111

00000000
00000000
00010000
01010000
01111100
01110100
00100000
00000000

00000000
00000000
00000000
00000000
00000000
00100000
00100000
00100000

00000000
00000000
00000000
10001100
10001000
11111000
01010000
00000000

00011110
00001110
00000111
00000011
00000011
00000010
00000010
00000000

00000000
00000000
01000000
01000000
01100000
00100000
00000000
00000000

00000000
00000000
00000000
00000000
00000000
00000000
11000000
01000000

00000000
00000000
00000000
01110000
01110000
11110000
11110000
01000000

00000000
00000000
00000000
00100000
00100000
11111100
01111000
00100000

00000000
00000000
00000000
00000000
00000000
01111000
11100000
11100000

00000000
00000000
00000000
00000010
00000010
00000110
00000100
00000000

00000000
00000000
00000010
00000011
00000011
00000000
00000000
00000000

00000000
00000000
00000000
00000111
00000111
00000001
00000000
00000000

11000000
11000000
11000000
10000000
10000000
00000000
00000000
00000000

00000111
00000000
00000000
00000000
00000000
00000000
00000000
00000000

00000110
00000111
00000100
00011111
00000000
00000000
00000000
00000000

00000000
00000000
00000000
00001111
00000100
00000000
00000000
00000000

01000000
01000000
00000000
00000000
00000000
00000000
00000000
00000000

00000111
00011111
00000111
00000111
00000001
00000000
00000000
00000000

00000000
00000000
00000000
00000000
00000010
00000110
00000010
00001110

00000000
00000000
00000000
00000000
00000000
00000100
00001100
00001110

00000000
11000000
11110000
01110000
01111000
00100000
00000000
00000000

00000000
00001100
00001100
00001110
00000000
00000000
00000000
00000000

00000000
00000000
01000000
01000000
00000000
00000000
00000000
00000000

11010000
11110000
11110000
11000000
11000000
00000000
00000000
00000000

00000000
00000000
00000000
00000000
10000000
10000000
11110000
11110000

00000000
00000000
00000000
00000000
00001111
00001100
00000000
00000000

00000000
00000000
00000000
00000000
00000000
00001000
00001000
00000000

00000000
00000000
00000000
00000111
00001110
00000110
00000111
00000000

00000000
00000000
10000000
11000000
00000000
00000000
00000000
00000000

00000010
00000010
00000000
00000000
00000000
00000000
00000000
00000000

00000000
00001011
01101111
00111100
00000100
00000000
00000000
00000000

00000000
00000000
00010000
00011000
00000000
00000000
00000000
00000000

00000000
00000001
00000001
00000001
00000111
00000011
00000001
00000000

00000000
00000000
00000000
00000000
00000000
00000010
00000000
00000000

00000000
00000000
00000111
00000111
00000001
00000000
00000000
00000000

00000000
00000001
00000001
00000000
00000000
00000000
00000000
00000000

00000000
00000000
00000000
00000000
00000001
00110101
00011111
00001111

11000000
11111000
10110000
10110000
00000000
00000000
00000000
00000000

00000000
00000000
00000000
00000000
00000000
00000000
00011000
01111000

00000000
00000000
00000000
11100000
01000000
00000000
00000000
00000000

00000000
00000000
00000000
00000000
00000000
00000000
00000100
00000000

00000000
00000000
00000000
01000000
01100000
01000000
01000000
00000000

00000000
00000000
00000000
00000000
00000000
01000000
11100000
11100000

00000000
00000000
00011000
00111000
00011100
00001100
00000000
00000000

00000000
00000000
00000000
00111000
00000000
00000000
00000000
00000000

00000011
00000111
00000111
00000101
00000000
00000000
00000000
00000000

00000000
00000000
00000000
00000000
00000000
00000000
01110011
00111111

00000000
00000000
00100000
01110000
11110000
10111000
10110000
00000000
