10000000000000000000000000111111
00000010000000001000000000111111
00000000100000000000001000111111
01000000000000000000000000111111
00000000001001000000000000111111
00000000000000000000000000111111
00000000000000000000000000111111
00000000000000000000000000111111
00000000000000000000000000111111
00000000000001001001000000111111
00000000000001000000000000111111
00000000000000000000100000111111
00000000100000000000000000111111
00000000000001000001000000111111
00000000000000100000000000111111
00001010000000000000000000111111
00000000000001000000000100111111
00000000000000000000000000111111
10000001000000000000000000111111
00000101000000000000000000111111
00000100000000001000010000111111
00000000000000000000000000111111
00000000000000000000000000111111
00000000000000000000100000111111
00000000000000000000000000111111
10000000000000000000000000111111
00001000000000000010000000111111
00000000100000000000000000111111
00000000100000100000000000111111
00000000000000000000000000111111
00001000000000000000000000111111
11111111111111111111111111111111

35
00000000
00000000
00000000
00000000
00000011
00000010
00000000
00000000

01000000
11100000
00000000
00000000
00000000
00000000
00000000
00000000

00000000
00000000
00000000
00000000
01100000
11100000
11111110
10100000

00000000
00000000
00000000
00000000
10110000
11110000
11110000
01111100

11111000
11100000
11000000
00000000
00000000
00000000
00000000
00000000

11110000
11100000
11000000
01000000
00000000
00000000
00000000
00000000

00001001
00001101
00000111
00000100
00000100
00000000
00000000
00000000

00000000
00000000
00000000
00000000
10000000
11111000
11110000
11110000

00000000
00000000
00000000
00000000
00000000
00000000
00110000
00100000

00000000
00000000
00001000
00001000
00001100
00011100
00111100
00001100

00000000
00000000
00000000
00000000
01000000
11110000
01110000
00000000

01000000
01000000
01100000
01000000
00000000
00000000
00000000
00000000

00000000
00000000
00000000
01001000
11111000
11110000
11110000
00000000

11000000
11110000
11000000
11000000
10000000
00000000
00000000
00000000

00000000
00000000
00000000
00000000
00000001
00000111
00000011
00000000

00000000
00000000
00000000
00000000
00000011
00011111
00001110
00001110

00000000
00000000
00000000
00000000
00000000
00000000
01100000
01000000

00000000
11110000
11000000
11100000
00000000
00000000
00000000
00000000

00000000
00000000
00000000
11000000
10000000
00000000
00000000
00000000

00010000
00111000
00111100
00011000
01111000
00011000
00000000
00000000

00000100
00001100
00001111
00011001
00000000
00000000
00000000
00000000

00000010
00000110
00011111
00011111
00010011
00000000
00000000
00000000

00000000
00000000
00000000
00000000
00000100
00000111
00001111
00001110

00000000
00000000
00000000
00000000
00000000
01000000
11100000
01100000

01111100
01110000
11110000
00110000
00110000
00000000
00000000
00000000

00000000
00000000
10000000
10000000
11100000
11100000
00000000
00000000

00000000
00000000
00000000
00000000
00000100
00001111
00111111
00000100

00000000
00000000
00000000
00000000
00000000
00011100
01111000
00111000

00000000
00000000
00000000
10000000
11100000
11110000
11110000
11100000

00000000
00000000
00000000
00000000
01100000
00100000
00000000
00000000

01000000
11000000
11000000
10000000
00000000
00000000
00000000
00000000

00011111
00111110
00010110
00000010
00000010
00000000
00000000
00000000

00000000
00000001
00000001
00000011
00000111
00000011
00000001
00000000

00000000
00000000
00000000
00000000
00000000
00001000
00000000
00000000

00000000
00000000
00000000
00000000
00000010
00000010
00000111
00011110
