00000010100000000000111111111111
00000000000000000010111111111111
00000000000000000000111111111111
00000000001000010000111111111111
01000000000000000000111111111111
00000001000000000000111111111111
00000000010000000100111111111111
00100100100000000000111111111111
00000000000000000000111111111111
00000000110000000001111111111111
00000000000000000000111111111111
00000000000100000000111111111111
00000000000001100000111111111111
01000001001000000000111111111111
00000000000010000010111111111111
00000101000100000000111111111111
00000000000000000000111111111111
01100000000000000000111111111111
00000000000000000000111111111111
00000000000000000001111111111111
10000000000100000000111111111111
00000000001000000001111111111111
00000000000010000000111111111111
00000010000100000001111111111111
10000001000000000000111111111111
00000000000000000000111111111111
10001000000000010000111111111111
00000001000000000000111111111111
00000010000000000010111111111111
00000001010000000100111111111111
11111111111111111111111111111111
11111111111111111111111111111111

147
00000000
00000000
00000000
00000000
00000000
00000000
00001101
00111111

00000000
00000000
00000000
00000000
00000000
00011000
00001110
00001100

00001000
00011000
00001111
00001111
00000000
00000000
00000000
00000000

00000000
00000000
00000000
00111000
01111000
11111000
01100000
01100000

00000000
00000000
00000000
00000000
00000000
01000000
11000000
11100000

10111100
10101000
11100000
11000000
01000000
00000000
00000000
00000000

11111000
11110000
11000000
01000000
00000000
00000000
00000000
00000000

00000000
00000000
00001000
01101000
01111100
11011000
00000000
00000000

00000000
00000000
00000000
00000000
00000000
00000000
00010100
00011100

00000000
00000000
01011000
11111100
10010000
00010000
00000000
00000000

00111011
00111110
00110011
00011000
00000000
00000000
00000000
00000000

00000000
00000000
00000000
10100000
11100000
11110000
11100000
10000000

00000011
00000011
00000111
00000111
00000011
00000011
00000000
00000000

00011000
11111000
00011110
00001000
00001000
00000000
00000000
00000000

00000000
00000000
00000000
00000000
00000000
00000000
00001111
00000111

00000000
00000000
00000100
00001110
00011111
00000100
00000000
00000000

11111000
11111000
00101000
00000000
00000000
00000000
00000000
00000000

00000000
00000000
00000010
00000010
00001110
00111111
00000111
00000010

00010000
00010000
00111000
00100000
00000000
00000000
00000000
00000000

00000000
00000000
00000000
00000000
00001110
00111111
00001001
00000000

00011111
00001110
00001110
00001000
00000000
00000000
00000000
00000000

00000000
00000000
00000000
00000000
01000000
01000000
00000000
00000000

00000000
01100000
11111000
10000000
10000000
00000000
00000000
00000000

00011111
00111100
00011100
00000100
00000000
00000000
00000000
00000000

00000000
00000000
00000000
00001110
00000110
00000100
00000000
00000000

00000000
01000000
11010000
11110000
11110000
01100000
00000000
00000000

00000000
00000000
00000010
00000111
00000110
00000111
00000011
00000000

01110000
11100000
01000000
01000000
00000000
00000000
00000000
00000000

00000000
00000000
00000000
00000000
00001110
00000011
00000001
00000000

00000000
00000000
00000000
00000000
00000110
00000000
00000000
00000000

00000000
00000010
00000011
00000111
00001111
00001011
00001010
00000000

00000000
00000000
00100000
10100000
11100000
01110000
11110000
10100000

00000000
00000000
00000000
00000000
00000000
00010010
00010110
00011110

00000000
00000000
00000000
00000000
00000000
00000000
00000111
00000110

00000111
00011111
00000001
00000001
00000000
00000000
00000000
00000000

00000011
00000110
00011111
00000010
00000000
00000000
00000000
00000000

10000000
10000000
11100000
01100000
01000000
01000000
00000000
00000000

00000000
00000000
00000000
00000011
00001111
00000100
00000110
00000000

00000000
00000000
00000100
00001110
00011110
00010000
00000000
00000000

00111111
00000100
00000000
00000000
00000000
00000000
00000000
00000000

00000000
00000000
00000000
00001100
00000110
00001100
00011000
00001000

00000000
00000000
00000000
11100000
11100000
11100000
11100000
00100000

10000000
11100000
01100000
11100000
10000000
00000000
00000000
00000000

00000000
00000000
00000000
00010000
00011000
00010000
00000000
00000000

00000000
00000010
00001111
00000110
00000000
00000000
00000000
00000000

00000000
00000000
00000000
00000000
00000000
00000000
00000000
00000001

00000000
00000000
00000000
00000000
00000000
00011100
00000111
00000000

01111110
01100010
01000000
00000000
00000000
00000000
00000000
00000000

00000000
00001000
00001000
00000000
00000000
00000000
00000000
00000000

00000000
00000000
00000000
00000000
00001001
00111111
00001111
00000011

00001110
01111110
01010010
01000000
00000000
00000000
00000000
00000000

00011100
00011100
00011100
00001100
00111000
00010000
00000000
00000000

00000000
00000000
00001000
00111000
00100000
00000000
00000000
00000000

11010000
11110000
11110000
10111000
00100000
00000000
00000000
00000000

00000000
00000000
00000000
00000000
00000000
00000000
00000111
00001110

00000000
00000000
00000000
00000000
00000000
00000000
00000010
00000000

00000000
00000000
00000010
00010110
01111110
00011100
00010000
00000000

00001011
00001111
00000110
00000000
00000000
00000000
00000000
00000000

01111111
00010101
00000000
00000000
00000000
00000000
00000000
00000000

00001101
00111111
00100101
00000000
00000000
00000000
00000000
00000000

00000001
00000101
00000111
00011111
00011001
00001000
00001000
00000000

00000000
00000000
00000000
00000000
00000000
00000110
00000010
00000000

00000000
00000000
00000000
00000000
00000000
00000000
00011000
00010000

00000000
00000000
00000000
00000000
00000000
01101000
01111000
00011000

00000000
00000000
00001000
00001100
00000100
00000000
00000000
00000000

00000000
00000000
00000000
00000000
00100000
00110000
11111110
11011110

00000000
00000000
00000000
00000000
00001000
00011110
00110011
00100000

00000000
00000000
00000000
11001100
11111000
11110000
01000000
00000000

00000000
00000000
00000000
00000000
10000000
10000000
00000000
00000000

00000000
00000000
00000000
11000000
11110000
11100000
11100000
10000000

00000000
00000000
00000000
00000000
00000000
00000000
00001110
00001100

00000000
00000000
00000000
00000000
00100000
00100000
01110000
01100000

00010000
01110000
00000000
00000000
00000000
00000000
00000000
00000000

00000000
00000000
00000000
00000000
00000000
00000000
00000000
11100000

01111111
00111111
00000100
00000000
00000000
00000000
00000000
00000000

00000000
00000000
00000000
00000000
00000000
10000000
11111000
01011100

01000000
11000000
01000000
11000000
10000000
10000000
00000000
00000000

01110000
01110000
00000000
00000000
00000000
00000000
00000000
00000000

00000000
00000001
00000111
00001111
00000101
00000001
00000000
00000000

00011000
00110000
00100000
00000000
00000000
00000000
00000000
00000000

00000000
00000000
00000000
00000000
00000000
00000000
00001000
00001000

00000000
00000000
00100000
00100000
01100000
01100000
00000000
00000000

00000000
00000000
00000100
00000100
00000110
00011111
00000100
00000100

00000000
00000000
00000000
01000000
11000000
11100000
00111000
00100000

01000000
00000000
00000000
00000000
00000000
00000000
00000000
00000000

00000000
00000000
00000000
00000000
00000000
10000000
00000000
00000000

00000000
00000000
00000000
00000000
00011100
00011100
00111110
00010000

00000000
00000000
00000110
00001110
00000100
00000100
00000100
00000000

00000000
00000000
00000000
00000000
00000000
00000110
00000000
00000000

00000000
00000000
00000000
00000011
00000010
00000010
00000010
00000000

00000000
00000000
01000000
01100000
11100000
01100000
11000000
11000000

00000000
00000000
00000000
00001000
00111000
00111100
01111100
00000000

00000000
01110000
11100000
10000000
10000000
00000000
00000000
00000000

00000000
00000000
00000000
00000000
00000000
00000001
00000011
00000011

00000000
00000000
00000010
00000011
00011110
00010111
00010011
00010001

00000000
00000000
00000000
00000000
00000000
00000000
00000010
00000000

00000000
00000000
00001000
00011000
00001000
00000000
00000000
00000000

00000000
00000000
00000000
00000000
00000000
00000100
00111100
00111000

00000000
00000000
00000000
00000000
00000000
00000000
00010100
00011111

11111100
11110000
10111000
00010000
00000000
00000000
00000000
00000000

00001011
00001111
00001111
00000111
00000010
00000000
00000000
00000000

01000000
11000000
11100000
11110000
11000000
00000000
00000000
00000000

00000000
00000000
00000000
00000000
00000000
00000001
00000111
00000111

00000000
00000000
00000000
00110000
00111100
00010000
00000000
00000000

00000000
01000000
01110000
01110000
01110000
11000000
01000000
01000000

00000000
10100000
11111000
00011000
00010000
00000000
00000000
00000000

00000000
01111000
01110000
01010000
11010000
11000000
00000000
00000000

00000000
00000000
00000100
00000110
00000100
00000000
00000000
00000000

00000000
00000000
00000001
00000001
00000001
00000001
00000000
00000000

00000000
01000000
01010000
11110000
01000000
00000000
00000000
00000000

00000000
00000011
00000011
00111111
00101000
00000000
00000000
00000000

00000000
00000000
00000000
00010000
00010000
00110000
00111000
00000000

00000000
00000000
00000000
00000011
00000111
00111110
00011010
00000000

00000000
01000000
00000000
00000000
00000000
00000000
00000000
00000000

00000000
11000000
11000000
01000000
01000000
00000000
00000000
00000000

00000000
00000001
00000000
00000000
00000000
00000000
00000000
00000000

10000000
11000000
11000000
11100000
00000000
00000000
00000000
00000000

01110000
11111000
11100000
10000000
00000000
00000000
00000000
00000000

00000000
00011110
00000010
00000000
00000000
00000000
00000000
00000000

00000000
00000000
00000000
00000000
00000000
00110000
00011000
00000000

00000000
00000000
00000000
00000000
00000000
11100000
11100000
11110000

00000000
00000000
00000000
00000000
00000000
00000000
01110000
01000000

01100000
11110000
11100000
01100000
01000000
00000000
00000000
00000000

00001111
00001111
00000111
00000010
00000000
00000000
00000000
00000000

00000000
11100000
11000000
11000000
11000000
10000000
10000000
00000000

00000000
00000000
00000000
00100000
00000000
00000000
00000000
00000000

10000000
00000000
00000000
00000000
00000000
00000000
00000000
00000000

00000000
00000000
00000000
00000000
00000000
00000000
00000100
00000100

11111000
11100000
01100000
00000000
00000000
00000000
00000000
00000000

00000001
00000001
00000001
00000001
00000000
00000000
00000000
00000000

00000000
00000000
00000000
00100000
00101100
00111000
00001000
00000000

00000000
00000010
00000010
00000011
00000010
00000011
00000000
00000000

00000000
00000000
00000000
00000000
01000000
01010000
11110000
11110000

00000000
00000000
00000000
00000000
00010000
00110100
11111100
01111000

00000000
00000000
00000000
00010000
00000000
00000000
00000000
00000000

11000000
11000000
01111100
01010000
00010000
00000000
00000000
00000000

00000000
00000000
00000000
00000000
00000000
11000000
00000000
00000000

11110000
01100000
11100000
11000000
01000000
00000000
00000000
00000000

01100000
11111000
00111000
00011000
00000000
00000000
00000000
00000000

00000000
00000000
00000000
00000000
01000000
11111000
11111000
11111000

00000000
00000000
00000000
00000000
00000000
00011100
00010000
00000000

00001000
00001100
00001110
00000011
00000000
00000000
00000000
00000000

00100000
00000000
00000000
00000000
00000000
00000000
00000000
00000000

00010000
00010000
00010000
00000000
00000000
00000000
00000000
00000000

00000001
00000001
00000001
00000001
00000000
00000000
00000000
00000000

10111000
11100000
11110000
11110000
01000000
00000000
00000000
00000000

11111000
01110000
01110000
00100000
00000000
00000000
00000000
00000000
