00000000000000000000000111111111
00000000000000000000000111111111
00000001000100010000011111111111
10001000000001000000000111111111
00000000000000000000000111111111
00000000000000000000000111111111
00000000000100000000000111111111
00000000000000000000000111111111
00000000000000001010000111111111
00000000000000000000000111111111
00000000100000000000000111111111
00000000000000000000000111111111
00000100000010000000001111111111
00000000010000000000000111111111
00000000000000000000000111111111
00000000000000000000000111111111
00100000000000000001000111111111
00000000100000000000000111111111
00000000000000000000000111111111
00000000000001000000000111111111
00000010000000000000000111111111
00000000001000000000100111111111
00000000000000000000000111111111
00000000000000000000000111111111
00000000000000000000010111111111
00000000000000000000000111111111
00000000000000000000000111111111
00000000000010000001000111111111
00000000000000000000000111111111
00000000000000000001000111111111
00000000000000000000000111111111
11111111111111111111111111111111

121
00000000
00000000
00000100
00011110
00011000
00110000
11110000
11010000

00000000
00000000
00000000
00000000
00000000
00110000
11100000
00100000

00000000
00000000
00000000
01000000
00000000
00000000
00000000
00000000

11010000
01111000
00110000
00000000
00000000
00000000
00000000
00000000

00000000
00000000
00000011
00000110
00000000
00000000
00000000
00000000

00000000
00000000
00000000
00000011
00000001
00000000
00000000
00000000

00000000
00000000
00000001
00000011
00000001
00000001
00000000
00000000

00011110
00111100
00111000
00000000
00000000
00000000
00000000
00000000

00000000
00000000
00000000
00000000
00000000
00000000
00000010
00000011

11111100
11110000
11111000
00100000
00000000
00000000
00000000
00000000

11101000
10111000
10111000
00010000
00000000
00000000
00000000
00000000

00000000
00110000
00000000
00000000
00000000
00000000
00000000
00000000

00000111
00000111
00000001
00000001
00000000
00000000
00000000
00000000

00000100
00000110
00001100
00001100
00000000
00000000
00000000
00000000

00000001
00001011
00011110
00000111
00000011
00000001
00000001
00000000

00000000
00000000
00000000
00000000
00000000
00011100
00111100
00001110

00000000
00000000
00010010
00010111
00011111
00001010
00000010
00000000

00001111
00111101
00011000
00000000
00000000
00000000
00000000
00000000

10000000
11000000
11110000
01011000
11011000
00000000
00000000
00000000

00000000
00000000
00000000
00000111
00001111
00000111
00000110
00000110

00000110
00011110
00000111
00000011
00000011
00000000
00000000
00000000

00000000
00000000
00000000
00011100
01111100
00111100
00000000
00000000

00000000
00000000
00000000
00001000
00011000
00001000
00000000
00000000

00000000
00001000
00011000
11111110
10111000
00100000
00100000
00000000

00000000
00000000
00000000
00000000
01000000
00000000
00000000
00000000

00000000
00000000
00000000
00000000
00000000
00010000
00011000
00000000

00000000
00000000
00100000
01100000
11101000
11111000
00010000
00010000

00000010
00000011
00000011
00000011
00000011
00000000
00000000
00000000

00000000
00000000
00000000
00000000
00000000
00000011
00000000
00000000

00000000
00000000
01100000
01110000
11000000
11100000
10000000
10000000

00000000
00000000
00000000
00000000
00000000
00000000
00010000
00000000

00000000
00000000
00000000
00000000
10110000
11100000
11100000
11000000

00000000
00000000
00000000
00000000
01101000
11111000
10001000
00000000

00000000
00001000
00001100
00000110
00000110
00000000
00000000
00000000

00000000
00000000
00000000
00000000
00000000
00000111
00001111
00111111

00000000
00000000
00000000
00000000
00000000
11100000
11100000
10100000

11110000
11111110
01100100
00000000
00000000
00000000
00000000
00000000

00011000
00011110
00000100
00000000
00000000
00000000
00000000
00000000

00000000
00000000
00000000
00100000
00100000
00110000
00100000
00000000

00000000
00000001
00000011
00000111
00000011
00000011
00000010
00000000

11111000
11110000
01110000
11000000
00000000
00000000
00000000
00000000

11110000
11000000
11000000
00000000
00000000
00000000
00000000
00000000

00000000
01000000
11000000
00000000
00000000
00000000
00000000
00000000

00000011
00000011
00000000
00000000
00000000
00000000
00000000
00000000

00000000
00000000
00011000
00011000
01111100
00011100
00011100
00000000

11100000
11100000
11111100
11000100
00000100
00000000
00000000
00000000

00001110
00011110
00001000
00000000
00000000
00000000
00000000
00000000

00000000
00000000
00000000
00000000
00100000
11100000
01111000
01110000

00000000
00000000
00000000
00000000
00000000
00000000
00100000
00110000

00000000
00000000
01000000
11000000
11110000
11000000
01100000
11000000

01011000
01111000
01110000
00100000
00000000
00000000
00000000
00000000

01001000
11111100
00110000
00100000
00000000
00000000
00000000
00000000

11101100
11111100
11001110
00000000
00000000
00000000
00000000
00000000

00000000
00000000
00000000
00000010
00000010
00000010
00000000
00000000

00000000
00000000
00100000
00000000
00000000
00000000
00000000
00000000

00000000
00000000
00000000
00000000
00000000
00010000
00010000
00000000

00011111
00111111
00100011
00000000
00000000
00000000
00000000
00000000

00000000
10000000
10000000
11000000
00000000
00000000
00000000
00000000

00000000
00000000
00000000
01100000
00000000
00000000
00000000
00000000

00001111
00011111
00001000
00001000
00001000
00000000
00000000
00000000

00000000
00000000
00000000
00010000
00110000
00111000
00011100
00010000

00000000
00000000
00000000
00001010
00011110
00001110
00001000
00000000

00000000
00000000
00000000
00000001
00000101
00001111
00001111
00000111

00000000
00000000
00000000
00000000
00000000
00000000
00000000
00000100

00000000
00000000
00000001
00000011
00000011
00001111
00001111
00000001

00000000
00000000
00000000
00000001
00001001
00011001
00011111
00011111

00000000
00000000
00000000
00000000
00000000
00100000
00000000
00000000

00000000
00000000
00000000
00000000
00000000
00000000
00000100
00000000

00000000
00000000
00000000
00000001
00000000
00000000
00000000
00000000

00000110
00000110
00000011
00001111
00000011
00000000
00000000
00000000

00000000
00000000
00000000
10000000
10000000
11110000
11000000
11100000

00111110
00111111
00001101
00001000
00000000
00000000
00000000
00000000

00000000
00000000
00000000
00000000
00000000
00000110
00001110
00011000

00000000
00000000
00000000
00000011
00000001
00000001
00000001
00000001

00000000
00010000
00110000
01100000
00000000
00000000
00000000
00000000

00011111
00001110
00001110
00000010
00000000
00000000
00000000
00000000

00000001
00000011
00000011
00000001
00000011
00000001
00000111
00000000

00000000
00000000
00000000
00000000
00000000
01000000
01101110
01111111

00000000
00000000
10000000
11110000
10010000
11000000
10000000
00000000

00000000
00000000
00000001
00000000
00000000
00000000
00000000
00000000

00000000
00000000
00001000
00101000
01111000
01111100
00011000
00001000

00000000
00000000
00000000
00000100
00000000
00000000
00000000
00000000

00000000
00000000
00000000
00000000
00110000
11100000
10100000
00000000

00000000
00000000
00100000
00000000
00000000
00000000
00000000
00000000

00001000
00001110
00000010
00000000
00000000
00000000
00000000
00000000

00000101
00000101
00001111
00001010
00000000
00000000
00000000
00000000

00000000
00000000
00000000
00000010
00111111
00111111
00101000
00100000

00000000
00000000
00000000
00000000
00000010
00000110
00000100
00000000

00000000
00000000
00000000
00000000
11100000
01110000
00010000
00000000

01110000
11110000
01100000
00100000
00000000
00000000
00000000
00000000

00000000
00000000
00000010
00011110
00000110
00000000
00000000
00000000

10100000
11110000
11011000
10010000
10000000
00000000
00000000
00000000

01100000
00111000
11111100
10010000
00000000
00000000
00000000
00000000

00010000
00011100
00000000
00000000
00000000
00000000
00000000
00000000

00000000
00000000
00001000
00011000
00001000
00000000
00000000
00000000

00000000
00000000
00000100
00000111
00000100
00000100
00000000
00000000

11000000
01100000
01110000
11110000
01110000
00010000
00000000
00000000

00000000
00000000
00000000
00000000
00000000
01000000
01000000
11100000

00000000
00000000
00000001
00000011
00000000
00000000
00000000
00000000

00000000
00000000
00000000
00000000
00000000
00000000
00100000
00100000

11111100
01011000
00010000
00000000
00000000
00000000
00000000
00000000

00000000
00000000
00000000
00000000
11100000
11110000
01111100
11110000

00000000
00000000
10000000
10000000
11000000
01100000
11110000
10110000

00000000
00000000
00000000
00000000
00001000
00011100
01111100
00001000

00000000
00000000
00001100
00001000
00001000
00000000
00000000
00000000

00000000
00000000
01000000
11110000
11111000
01100000
00110000
00000000

11110000
11110000
00000000
00000000
00000000
00000000
00000000
00000000

00000000
00000000
00000000
01000000
11110000
11000000
01000000
00000000

00000000
00000000
01110000
11100000
11100000
01100000
01000000
00000000

11100000
11110000
11111000
10100000
00000000
00000000
00000000
00000000

00000000
00011000
01111000
00111100
00001000
00000000
00000000
00000000

00000000
00000000
00000000
00000000
00000000
00000100
00000000
00000000

00000000
00000000
00010000
00110000
00110000
01110000
11100000
11100000

00001100
00111100
00111000
00001000
00000000
00000000
00000000
00000000

00000000
00000000
00000000
00000010
00000010
00000000
00000000
00000000

00000000
00000000
00000000
00000000
00001100
00001100
00000100
00000000

00000000
00000000
00000000
00001100
00001111
00000000
00000000
00000000

00000000
00000000
00000010
00011110
00000000
00000000
00000000
00000000

00000000
00010000
00011110
00111110
00000000
00000000
00000000
00000000

00000000
00000000
00000000
00100000
00100000
01100000
11111000
11110000

00000000
00011000
00111000
00110000
00010000
00000000
00000000
00000000
