00000000000000000000000000000001
00000000000000000000000000000001
00000000000000000000000000000001
00000000000000000000000000000001
00000000000001000000000000000001
00000000100000000000000000000001
00000000000000000000000000000001
00000000000000000000000000000001
00000000000000000000000000000001
00000000000000000000000000100001
00000000000000000000000000000001
00000000000000000000000000000001
00000000000000000000000000000001
00000000000000000000000000000001
00000000000000000000000000000001
00000000000000000000000000000001
00000000000000000000000000000001
00000000000000000000000000000001
00001000000000000000000000000001
00000001000000000000000000100001
00000000000000000000000000010011
00000000000000000000000000000001
00000000000000000000000000000001
00000010001000000000000000000001
00010000000000000000000000000001
00000000000000000000000000000001
00000000000000000000000000000001
11111111111111111111111111111111
11111111111111111111111111111111
11111111111111111111111111111111
11111111111111111111111111111111
11111111111111111111111111111111

156
00000000
00000000
00000000
00000000
00000000
00000000
00000000
00000100

00000000
00000000
00000000
01000000
01000000
00000000
00000000
00000000

00000000
00000000
00000000
00000000
00000000
00000000
10000000
11000000

00000000
00000000
00000001
00000111
00000010
00000000
00000000
00000000

00000100
00000110
00000000
00000000
00000000
00000000
00000000
00000000

01000000
01000000
11000000
11000000
11100000
01100000
00000000
00000000

00000000
00000000
00000000
00000000
00000000
00000000
00000000
00100000

00000000
00000000
00000000
00001000
01101000
01111000
11111000
00111000

00000000
00000000
00000000
00000011
00000111
00000011
00000001
00000001

00000000
00000000
00000000
00001000
00001000
00001111
00011100
00001100

00000000
00000001
00000011
00000011
00000011
00000001
00001001
00001111

00000000
00000000
00000000
00010000
00110000
00010000
00000000
00000000

00000000
00000000
00000000
00000000
00000000
10100000
11100000
11100000

00001111
00011111
00001111
00000111
00000000
00000000
00000000
00000000

11000000
11000000
11000000
01100000
11000000
00000000
00000000
00000000

00000000
00000000
00000000
00000001
00000111
00000101
00000001
00000001

00000111
00000111
00000001
00000000
00000000
00000000
00000000
00000000

00000000
00000000
00000000
00000000
00000100
00011110
00011111
00111111

00000000
00000000
00000000
00000000
00010000
00000000
00000000
00000000

00000000
00000000
00000000
00000000
00001000
00001110
00001110
00000000

00000000
00000000
00000000
00000000
00010000
00011000
00111100
00111100

00000000
00000000
00100000
00100000
00110000
00000000
00000000
00000000

00000000
00000000
00000000
00010000
00010000
01110000
11010000
00000000

00000000
00000000
00000000
00000000
00100000
00000000
00000000
00000000

01100000
01110000
00110000
00000000
00000000
00000000
00000000
00000000

00000000
00000000
00000000
00000000
00110100
00111100
00011100
00001100

00000000
00000000
00100000
00000000
00000000
00000000
00000000
00000000

00000000
00000000
00000000
00000000
01000000
00000000
00000000
00000000

00000000
00000000
00000000
00000000
00000010
00001111
00011110
00011111

01111110
00110110
00000100
00000000
00000000
00000000
00000000
00000000

00000011
00011111
00011111
00000110
00000110
00000000
00000000
00000000

00011110
00011000
00010000
00000000
00000000
00000000
00000000
00000000

00111000
00101110
00000000
00000000
00000000
00000000
00000000
00000000

00000000
00000000
00000000
00001000
00011000
00110000
01110000
00000000

00010000
00011100
00001100
00000000
00000000
00000000
00000000
00000000

00000000
00000000
00000000
00000000
00000000
01000000
00000000
00000000

01111100
01111000
00101000
00001000
00000000
00000000
00000000
00000000

00000000
00000000
00000000
00000000
00000000
00000011
00001111
00000111

00000000
00000000
00000000
00000000
11000000
11100000
11111000
01000000

00100000
01100000
01000000
01000000
00000000
00000000
00000000
00000000

00000000
00000000
00000000
00000000
00000000
00000000
00000110
00000110

00000000
00000000
00000000
00000000
00000000
00010010
00011111
00111100

01000000
11100000
11100000
11000000
10000000
00000000
00000000
00000000

00000000
00000010
00000010
00000000
00000000
00000000
00000000
00000000

00000000
00010111
00111110
00001110
00000110
00000000
00000000
00000000

00000000
00000000
00000000
00000010
00000011
00001011
00111111
00011110

00000000
00000000
00000000
00001000
00001100
00000100
00011110
00011110

01100000
11110000
00010000
00000000
00000000
00000000
00000000
00000000

00000000
00000000
00000000
00000000
00000000
11100000
11110000
00000000

00000000
00000000
00000000
00000000
00100000
01100000
01110000
11111110

00000000
00000000
00000000
00000000
00000100
01000100
01111111
00110111

00000000
00000000
01110000
11110000
11111000
00100000
00000000
00000000

00000000
00000000
00000000
01000000
11000000
11000000
10000000
00000000

00000000
00000000
10100000
11110000
11110000
11110000
01100000
00000000

00111111
00101000
00001000
00000000
00000000
00000000
00000000
00000000

11000000
01100000
00000000
00000000
00000000
00000000
00000000
00000000

00000000
00100000
00100000
00000000
00000000
00000000
00000000
00000000

00000000
00000000
00000000
00000000
00000000
00000000
00011100
00011000

00000111
00001110
00000010
00000111
00000110
00011110
00000000
00000000

00000000
00000000
00000001
00000011
00001111
00001111
00000011
00000001

10110000
11110000
01110000
01100000
00000000
00000000
00000000
00000000

00000010
00000011
00000011
00000001
00000001
00000000
00000000
00000000

01000000
11110000
01110000
00000000
00000000
00000000
00000000
00000000

00000000
00000000
10000000
10000000
10000000
11000000
01110000
00100000

00000000
00000000
00000000
11100000
11000000
00000000
00000000
00000000

00001111
00001111
00001000
00000000
00000000
00000000
00000000
00000000

11111100
11111000
11110000
00010000
00000000
00000000
00000000
00000000

00000000
00000000
00000000
00000000
00000010
00000111
00011111
00111111

00000000
00000000
00000000
00001111
00000111
00001100
00011100
00000000

00001000
00011010
00001111
00001100
00001100
00001000
00000000
00000000

00000111
00001111
00011011
00000001
00000000
00000000
00000000
00000000

11000000
11110000
01111000
01101000
01100000
00000000
00000000
00000000

00000000
00000000
00000000
00100000
00100000
00000000
00000000
00000000

11111000
00100000
00000000
00000000
00000000
00000000
00000000
00000000

00000000
00000000
00000000
00000000
00000000
00000001
00000011
00000000

00000000
00000000
00100000
00100000
01100000
01100000
11110000
00100000

00000001
00011111
00001111
00000011
00000000
00000000
00000000
00000000

00001000
00001110
00000111
00011110
00000110
00000000
00000000
00000000

00000000
00000000
11011100
11111000
10111000
00010000
00010000
00000000

00000000
00000000
00000000
00000000
00000010
00000110
00011110
00000000

00000000
00000000
00000000
00000000
00010000
00000000
00000000
00000000

00000000
00000000
00000000
00000000
00000000
00001001
00011111
00111111

00000000
00000000
00000100
00000000
00000000
00000000
00000000
00000000

00000000
00100000
01111000
00011000
00011100
00001000
00000000
00000000

00011000
01111100
11010100
00000100
00000000
00000000
00000000
00000000

00111011
00011111
00000111
00000010
00000010
00000000
00000000
00000000

00000000
00000010
00001110
00001111
00001111
00001000
00000000
00000000

00001000
00011000
00011100
00001100
00001100
00000000
00000000
00000000

00000000
00000000
00000000
10000000
11000000
11000000
11000000
00000000

00000000
00000001
00000001
00000111
00000011
00000000
00000000
00000000

00000000
00000000
00000000
00000000
00001100
00001110
00001110
00011100

00000000
00000000
00000000
00000000
00000000
00000000
00000011
00000000

00000000
00000000
00000000
00000000
00000000
00001111
00000000
00000000

00000000
00000000
00000000
00000000
00000000
00000001
00000000
00000000

00000000
00000000
00000000
00001000
01111000
00001100
00000100
00000000

00000000
00000000
10000000
11100000
11100000
11000000
01000000
00000000

00000000
00000011
00000010
00000000
00000000
00000000
00000000
00000000

00000000
00000000
00000000
00000110
00000110
00000000
00000000
00000000

00000000
00000110
00000000
00000000
00000000
00000000
00000000
00000000

00000000
00000000
00000000
00000000
01001000
11111110
11101000
11000000

00000000
00000000
00000000
00000000
10000000
11001000
11111000
11101000

01100000
11100000
11100000
11000000
11000000
11000000
01000000
00000000

00000000
00000000
00000000
00000000
10000000
00000000
00000000
00000000

00000000
00000000
00000000
00000000
00000001
00000111
00000000
00000000

00000000
00000000
00000000
00000000
00000000
01110000
00110000
00110000

00000000
00000000
01110000
00100000
00100000
00000000
00000000
00000000

00000100
00001100
00000100
00000110
00000111
00000111
00000111
00000000

00000000
00000000
00000000
00000000
00000000
00000000
00000000
00001000

00000000
00000000
00000000
00000000
00000000
00000000
00000000
11100000

00011100
00001100
00000110
00000100
00000000
00000000
00000000
00000000

00000000
11000000
11000000
11000000
01101000
00111000
00110000
00100000

00000000
00000000
00000000
00000000
00000000
00000000
00000100
00001111

00000000
00000000
00000000
00100110
00111111
00111110
00010000
00000000

00000000
00100000
00110000
00011000
01111000
00011110
00010100
00000000

00000000
00000000
00000000
00001000
00001000
00001101
00001111
00001010

00001110
00000111
00000001
00000000
00000000
00000000
00000000
00000000

00000000
11101100
11111100
10101100
00100000
00000000
00000000
00000000

00000000
00000000
00000000
00000000
00000000
00001000
00001000
11111000

00000001
00000000
00000000
00000000
00000000
00000000
00000000
00000000

00000000
00000000
00000000
00000000
00000000
00001000
00011100
00010000

00000000
00100000
00110000
00111100
00111110
00100000
00000000
00000000

00000000
00000000
00000000
00000000
00010000
00011000
00001000
00000000

00000000
00001000
00001000
00001000
00000000
00000000
00000000
00000000

11111000
01110000
11110000
10000000
00000000
00000000
00000000
00000000

00000000
00000000
00000100
00001100
00000000
00000000
00000000
00000000

00000000
00000000
00000000
00000000
00001100
11111110
01000110
00000000

00000000
10100000
11110000
11000000
11000000
00000000
00000000
00000000

00000000
00000000
00000000
00000000
11100000
11110000
01100000
01000000

00000010
00000110
00000010
00000010
00001110
00001110
00000110
00000111

00000000
01000000
01000000
00000000
00000000
00000000
00000000
00000000

00000000
00000000
00000000
00000000
00000000
00011110
00011110
00011111

00000000
00000000
00000000
00000000
00000000
00000000
00000000
11100000

00000100
00000110
00001110
00000100
00000000
00000000
00000000
00000000

00000000
00000000
00000100
00011111
00111100
00011111
00000010
00000000

11100000
11100000
11100000
11000000
00000000
00000000
00000000
00000000

00010110
01111111
00011110
00010100
00000000
00000000
00000000
00000000

00000000
00000000
00011100
00011100
00000000
00000000
00000000
00000000

11111000
11110000
11010000
11000000
00000000
00000000
00000000
00000000

00000000
00000000
00000000
10000000
11010000
01110000
01110000
01000000

00000000
00000000
00000000
00000000
00000000
00000001
00000001
00000000

00000000
00000000
00000000
00000000
00000000
00100000
01111111
00111101

00000000
00000000
00000000
00000000
00000000
00011000
01111100
00011111

00000000
00000000
10000000
10000000
10000000
11000000
00000000
00000000

00000000
00000000
01000000
01000000
11110000
00110000
00010000
00000000

00000000
00000010
00000010
00000000
00000000
00000000
00000000
00000000

00000000
00000000
00000000
00000010
00000110
00000100
00000000
00000000

00110000
00010000
00010000
01111000
00010000
00000000
00000000
00000000

00000000
00000000
00000000
00000001
00000001
00000011
00000000
00000000

00000000
00110000
00110000
00010000
00000000
00000000
00000000
00000000

00000000
00000110
00000110
00000111
00000100
00000000
00000000
00000000

00000011
00001111
00011011
00000011
00000000
00000000
00000000
00000000

01100000
11111100
11000000
01100000
00000000
00000000
00000000
00000000

00000000
00000000
00000000
00000000
00000000
00100000
00000000
00000000

00000000
01000000
11000000
11100000
00100000
00100000
00000000
00000000

00000000
00000000
00000000
00000000
00000000
00000100
00001110
00011110

01000000
01100000
01100000
00100000
00000000
00000000
00000000
00000000
