00000000000000000000000001111111
10000000000000000000000001111111
00100000000000000000000001111111
00000000000000000000000001111111
00001000000000000000000001111111
00000000000000000000000001111111
00000000000000000000000001111111
00000000000000000100000001111111
00000000000000000000000001111111
00000000000000000000000001111111
00000000001000000100000001111111
00000000000000000000000001111111
00000000000000000000000001111111
00000000000000000000000001111111
00000010000000010000000001111111
00000000000000000000000001111111
00000000000000000000000001111111
00000000000000000000000001111111
00000000000000000000000001111111
00100000000000000000000001111111
00000000000000000000000001111111
00000000000000000000000001111111
11111111111111111111111111111111
11111111111111111111111111111111
11111111111111111111111111111111
11111111111111111111111111111111
11111111111111111111111111111111
11111111111111111111111111111111
11111111111111111111111111111111
11111111111111111111111111111111
11111111111111111111111111111111
11111111111111111111111111111111

80
00000000
00000000
00000000
00000000
01100000
00000000
00000000
00000000

10000000
11000000
11100000
11110000
11100000
11100000
00000000
00000000

00000000
00000000
00000000
00000000
00000000
00000000
00000000
00100000

00000000
00111000
00000000
00000000
00000000
00000000
00000000
00000000

00000000
00000000
00000000
00000000
10000000
00000000
00000000
00000000

01000000
01000000
00000000
00000000
00000000
00000000
00000000
00000000

00000000
00000000
00000000
00000000
00000000
00100000
00100000
01110000

00000000
00000000
01101000
01111000
11110000
11100000
00100000
00100000

00000000
00000000
00000000
00000000
00100000
01111000
01111000
11100000

00100000
00100000
11100000
00110000
00000000
00000000
00000000
00000000

11110100
10111111
00100100
00000000
00000000
00000000
00000000
00000000

00000000
00000000
00000000
01000000
01001000
11111000
01100000
01000000

00000000
00000000
00000000
00001000
00111100
00001110
00000010
00000000

00000000
00000000
10000000
11110000
11000000
11100000
00000000
00000000

00000000
00000000
00000000
00000000
00000000
00000000
11100000
11100000

00001111
00000011
00000011
00011111
00000100
00000000
00000000
00000000

00000000
00000000
00000010
00000011
00000011
00000010
00000000
00000000

00000000
00000010
00000010
00000011
00000001
00000111
00011111
00001010

00000000
00000000
00000001
00001111
00011001
00011000
00001000
00000000

00000000
00000000
00000000
00000000
00000000
00000000
00000100
00001100

00000000
00000000
00001000
11011110
01111100
00011100
00000000
00000000

00000000
00000000
00000000
00000010
00000010
00111110
00000100
00000100

00000000
00000100
00000110
00000011
00000011
00000011
00000000
00000000

00000000
00000000
11000000
11000000
01000000
00000000
00000000
00000000

00000000
00100000
00111000
11100000
00100000
00000000
00000000
00000000

00000000
00000000
00000100
00000110
00000000
00000000
00000000
00000000

00000000
01100000
01111000
01111000
01110000
01110000
00000000
00000000

00000000
00000000
00000000
00000000
11000000
11111100
00110000
00110000

00111000
00011100
00010000
00010000
00000000
00000000
00000000
00000000

00000000
00000000
00000000
10000000
00000000
00000000
00000000
00000000

00000000
00000000
00000000
00000000
00011000
00011100
00001000
00000000

00000000
00000000
00000011
00000011
00000111
00000001
00000000
00000000

00000000
00000000
00000000
00000000
00000001
00000111
00000111
00001111

01111111
01111011
00110000
00000000
00000000
00000000
00000000
00000000

00000000
00000110
00000010
00000000
00000000
00000000
00000000
00000000

00000000
00000000
00000000
01111100
01111000
00100000
00000000
00000000

00000000
00001110
00000000
00000000
00000000
00000000
00000000
00000000

00001000
00011000
00111100
00011000
00000000
00000000
00000000
00000000

00000000
00000000
00000000
00110000
00111100
01110000
00110000
11110000

00000000
00011000
00110000
00110000
01110000
00000000
00000000
00000000

00000000
00000000
00000000
00000000
00000000
00011100
11110000
00000000

00000000
00000000
00000000
00000000
00000010
00000010
00000011
00000111

00000000
00000000
10000000
10000000
11110000
01100000
11100000
10000000

00000000
00000000
11100000
11100000
10000000
11000000
11000000
00000000

00000001
00000011
00000011
00000111
00000111
00000011
00000011
00000000

00000000
00000000
00000000
00000011
00000001
00000001
00000000
00000000

00000000
00000000
00000000
00000000
00000000
00000000
00000000
01100000

00000010
00000110
00000010
00000000
00000000
00000000
00000000
00000000

11110000
01111000
00111000
00101100
00001000
00000000
00000000
00000000

00000000
00000000
00000000
00000001
00000001
00001111
00000011
00000001

00000000
00000000
00000000
00000010
00000110
00000111
00000111
00000011

00000000
00000000
00000000
00000000
00001100
00011100
00011110
00001010

00000000
00000010
00000010
00001111
00000011
00000010
00000000
00000000

00000000
00000000
00000000
00000000
10000000
11000000
11100000
01100000

00011111
01111100
00010100
00010000
00000000
00000000
00000000
00000000

00000000
00010000
00111000
00011000
00000000
00000000
00000000
00000000

00000000
00001000
00001000
00001000
00000000
00000000
00000000
00000000

00000000
00000111
00001110
00000000
00000000
00000000
00000000
00000000

00000000
00000000
00000000
00011000
00000000
00000000
00000000
00000000

00000110
00000111
00000110
00000000
00000000
00000000
00000000
00000000

00000000
00000000
00000000
00000011
00000011
00000111
00000011
00000000

00000000
00000000
00000001
00000111
00000111
00000001
00000000
00000000

00000010
00000010
00000000
00000000
00000000
00000000
00000000
00000000

00000000
00001100
00011111
00001111
00000011
00000000
00000000
00000000

00000000
00000000
00000000
00000000
00110000
00010000
00000000
00000000

00100000
00000000
00000000
00000000
00000000
00000000
00000000
00000000

00000000
00000000
00000000
00000000
00000000
00000000
00000011
00000000

00000000
00000011
00000011
00000111
00001111
00001101
00000100
00000000

00000000
00000100
00000110
00000111
00001111
00000011
00000011
00000010

00000000
00000000
11000000
10000000
00000000
00000000
00000000
00000000

00000000
00000000
00000111
00000110
00000010
00000000
00000000
00000000

00000000
00000000
00000000
00000000
00000000
00000000
00010000
00011110

00110000
01111000
00111100
00101100
00000000
00000000
00000000
00000000

00000000
00000000
00000000
00001000
00001011
00001011
00111110
00001111

00000000
00000000
00000000
00000000
00110000
10110000
11110000
11110000

00000000
00100000
01111000
00110000
00010000
00000000
00000000
00000000

00000011
00000110
00000111
00000101
00000000
00000000
00000000
00000000

00000000
00000000
00011000
00110000
00110000
00000000
00000000
00000000

00000000
00000000
11100000
11110000
00111000
00000000
00000000
00000000

00000000
00000000
00000000
00000000
11000000
11110000
11000000
00000000
