00000000000000000000000000000000
00000000000000000000000000010000
00000000000000000000000000000000
00000000000000000000000000010000
00000000000000000000000000000000
00000000100000000000000000000000
00000000000000000000000000000000
00000000000000000000000000000001
00000000000010000000000100000000
00000000000000000000000000000000
00000000000000000000000000000000
00000000000000000000000000000000
00000000000000000000000000000000
00000000000000000000000000000000
00000000000000000000000000000000
00000000000000000000000000000000
00000000000000000000000000000000
00000000000000000000000000000000
00000000000000000000000000000000
00000000000000100000000000000000
00000000000000000000000001000000
00000000000000000000000000000000
00000001000000000000000000000000
00000000000000000000000000000000
00000000000000000000000000000000
00000000000000000000000000000000
00000000000000000000000000000000
11111111111111111111111111111111
11111111111111111111111111111111
11111111111111111111111111111111
11111111111111111111111111111111
11111111111111111111111111111111

116
00000000
00000000
00000000
00001110
00001100
00000100
00000100
00000100

00000000
00000000
01000000
01110000
01110000
00100000
00000000
00000000

00000000
10000000
11100000
11110000
11110000
11100000
00000000
00000000

00000000
00000000
00000000
00000000
00000000
00100011
00111111
01111111

00000000
00000000
00000000
00000000
00000000
00000000
00000001
00000000

00000000
00000000
00000000
00000000
01010000
01110000
01111000
01101000

11110000
11000000
11000000
10000000
00000000
00000000
00000000
00000000

00000000
00010000
00000000
00000000
00000000
00000000
00000000
00000000

00000000
00000000
00000010
00000011
00000110
00001111
00000111
00000111

00000000
00000000
01000000
01000000
11000000
11011100
11111000
11000000

00000000
00000000
00000000
00000000
00000000
00001110
00001000
00000000

00111000
00111000
00010000
00000000
00000000
00000000
00000000
00000000

00000000
00000000
00000000
00000000
00010000
00011000
00011110
00110010

00000000
00000000
00000000
00000000
00000100
00001111
00000100
00000100

00000000
00000000
00000000
00000000
01000000
01100000
01100000
01110000

00001000
00011000
01111000
00011000
00011100
00011100
00000000
00000000

00000000
00000000
00000000
10110000
11111000
10100000
00000000
00000000

00000000
11000000
11110000
01000000
00000000
00000000
00000000
00000000

00000000
00000000
00000000
00000000
00000000
10110000
11110000
01111000

00000000
00000000
00000100
00001100
00000000
00000000
00000000
00000000

00000000
00000000
00000000
00000100
00000110
00000110
00000111
00000111

00000000
00000000
00000000
00000100
00001111
00001011
00000010
00000000

00001100
00000111
00000001
00000000
00000000
00000000
00000000
00000000

00000000
00000000
00000000
00000000
00000000
00111000
00111100
00001100

00000000
00000110
00001110
00001111
00001000
00000000
00000000
00000000

00000000
00000000
00000000
00010000
11111000
01111100
11110000
00000000

00000000
00000000
00000000
00000000
11110000
11111000
10010000
10000000

00000000
00000100
00000111
00000101
00000000
00000000
00000000
00000000

00000000
01000000
11000000
01000000
11100000
00000000
00000000
00000000

00000000
00000000
00000000
00000000
00000010
00000010
00000111
00000011

00000000
00000000
00000000
00000010
00000110
00001100
00011100
00111000

00000000
00000000
00000000
00000000
00000000
00000100
01101100
00111110

00001111
00011111
00001111
00001100
00000100
00000000
00000000
00000000

00000000
00000000
00000000
00000000
00100000
01100000
00100000
00000000

00000000
00000000
00110000
01111000
00011000
00000000
00000000
00000000

00000000
00000000
00000000
00000000
00100000
11111000
11111100
00110000

11100000
11111000
01110000
00010000
00010000
00000000
00000000
00000000

00000000
00000000
00000000
00000000
00000000
00000000
00000000
11100000

00000000
00000000
00111000
11100000
11100000
01000000
00000000
00000000

01000000
11111000
00001000
00000000
00000000
00000000
00000000
00000000

00000000
00000000
00000000
00000000
00000100
00000111
00111111
00010011

00110000
11111100
11110100
00010000
00000000
00000000
00000000
00000000

00000000
00000000
00000000
00000100
00000111
00000111
00000011
00000001

00000001
00000001
00000001
00000011
00000011
00001111
00001110
00000100

00000000
00000000
00000000
00000000
00001100
00000000
00000000
00000000

00000000
00000000
00000000
00000000
01100000
00000000
00000000
00000000

00000001
00000011
00000000
00000000
00000000
00000000
00000000
00000000

00001111
00001011
00001001
00000001
00000000
00000000
00000000
00000000

00000000
00000000
00000000
00001000
00011100
00011110
00001100
00001000

00000000
00000000
00000000
00000000
10000000
10000000
11100000
11100000

00001100
00001100
00000110
00000010
00000000
00000000
00000000
00000000

00000000
01010000
11110000
00111000
00111000
00000000
00000000
00000000

00000000
00000000
00000000
00110000
00000000
00000000
00000000
00000000

00000000
00000000
00000000
00000000
00011100
11110000
11110000
11100000

00000000
00000010
00000010
00000110
00001100
00000000
00000000
00000000

00000000
00000000
00000000
00110000
00000000
00000000
00000000
00000000

00000000
00000000
00000000
00000011
00000001
00000000
00000000
00000000

00000000
00000001
00000001
00000111
00000001
00000000
00000000
00000000

00000000
00000000
00000000
00001110
00011111
00001111
00000000
00000000

00000000
00000000
00000000
00000000
00000000
01000000
01000000
11000000

00000000
00000000
00000000
00000000
11000000
11000000
11100000
10100000

11110000
01110000
11011000
11000000
01000000
00000000
00000000
00000000

00000000
10000000
00000000
00000000
00000000
00000000
00000000
00000000

00000000
00000000
00000000
00000000
00011000
00011100
01111100
11110000

00100000
11100000
11000000
00000000
00000000
00000000
00000000
00000000

00000000
00000000
00000000
00000000
00001000
11001000
11111100
11111100

00110000
11110000
11100000
11000000
01000000
00000000
00000000
00000000

00000000
00001000
00011000
00011000
00011000
00000000
00000000
00000000

00000001
00000011
00000110
00000000
00000000
00000000
00000000
00000000

00000000
00000000
00000000
00000000
00000001
00000111
00000111
00000110

00011111
00001111
00000111
00000100
00000000
00000000
00000000
00000000

00000000
00001000
00001000
00011100
00011000
00000000
00000000
00000000

00000000
00000000
00010000
00111000
11111100
00000100
00000000
00000000

00000000
00000000
00000000
00000000
00000000
01000000
01111000
11100000

00000000
00000000
00000000
00000000
00000000
00000000
00000100
00011110

00000000
00000000
00000000
00000000
00000000
00001011
00001111
00000011

00010000
00111111
00111110
00000010
00000000
00000000
00000000
00000000

00000000
00001100
00011000
00001000
00001000
00000000
00000000
00000000

00000000
00000000
01000000
01110000
00111110
00011000
00000000
00000000

11110000
11000000
10000000
00000000
00000000
00000000
00000000
00000000

00000111
00001111
00001111
00000101
00000000
00000000
00000000
00000000

00000000
00000000
00010000
00010000
00000000
00000000
00000000
00000000

00000000
00000000
00000000
00000000
00000011
00000110
00000110
00000100

00000000
00000000
00000000
00000001
00000001
00000111
00000011
00000001

00010000
00111100
11111000
01000000
00000000
00000000
00000000
00000000

00000111
00001100
00001110
00000000
00000000
00000000
00000000
00000000

00000100
00001110
00001111
00011111
00000100
00000000
00000000
00000000

00000000
00000100
00000000
00000000
00000000
00000000
00000000
00000000

00000000
00000000
00000010
00000000
00000000
00000000
00000000
00000000

00011000
00001000
00001100
00001100
00000000
00000000
00000000
00000000

00000000
00000000
00000000
00000000
00000000
00000000
00011000
00000000

00011000
01011000
11110000
10000000
00000000
00000000
00000000
00000000

00000000
00000000
00000000
00011000
00011000
00001000
00000000
00000000

11000000
11110000
01100000
01000000
00000000
00000000
00000000
00000000

00000000
11000000
11010000
11111000
01110000
00110000
00100000
00000000

00000000
00000000
00000000
00000000
00000000
01000000
00000000
00000000

00000000
00000000
00000000
10000000
11110000
11110000
11100000
00100000

00000000
00000000
00000000
00110000
00111000
00100000
00100000
00000000

00000000
00000000
00000000
00001000
00101000
01101000
11111100
11011000

00000000
00100000
00100000
01110000
01100000
11100000
10100000
10100000

00000000
00000000
00000000
00000000
00010000
01110000
11100000
00100000

00000000
00000000
00000000
11000000
10000000
10000000
10000000
10000000

00000000
00000000
00000000
00000000
00000110
00111111
00000100
00000100

00000000
00000000
00000000
00000000
10000000
11000000
11000000
11000000

00000000
00000010
00000010
00000111
00011111
00000011
00000000
00000000

00011000
00111100
00010000
00000000
00000000
00000000
00000000
00000000

00011000
00110000
00000000
00000000
00000000
00000000
00000000
00000000

00000000
00000000
01000000
11100000
11110000
10000000
11000000
11000000

00011100
00011110
00000100
00000000
00000000
00000000
00000000
00000000

00000000
00000000
00001100
00000000
00000000
00000000
00000000
00000000

00000011
00000011
00000110
00000110
00000110
00000110
00000010
00000000

00000000
10000000
10000000
10000000
00000000
00000000
00000000
00000000

01000000
11000000
01000000
11000000
11000000
11110000
10100000
00000000

00000000
00000000
00000000
00000011
00000011
00000011
00000010
00000000

00000000
00000000
00000000
00001100
00000000
00000000
00000000
00000000

11110000
01111000
01001000
01100000
01000000
00000000
00000000
00000000
