00000000000000000001000001000001
00000000000100000000000000000001
00010000000000000000000000000001
00000000000000000000001000000001
00000000100000000100000000000001
00100000000000000000000000100001
10000000100000000000000000000001
00000000000100000000010000000001
00001000000000000001000000010001
00000000000000010000000000000001
00000000000000000000100000000001
00000000100101100000000000000101
00000000100000000000000000000001
00000000010000001000000100000001
00000000001000000100010010000001
00000000000000100000010000001001
00000000000000000000000000000001
00000000000000000000000000000001
00000000000000000001000000000001
00001000000000010000000000000001
00100100000000000000000000001001
00000000000100000000000000000001
11111111111111111111111111111111
11111111111111111111111111111111
11111111111111111111111111111111
11111111111111111111111111111111
11111111111111111111111111111111
11111111111111111111111111111111
11111111111111111111111111111111
11111111111111111111111111111111
11111111111111111111111111111111
11111111111111111111111111111111

116
00000000
00000000
00000000
00000100
00000100
00000110
00001111
00000001

00000000
01000000
11000000
10000000
10000000
00000000
00000000
00000000

00000000
00000000
00000000
00000000
00000000
00000100
00000110
00000000

00000000
00000000
00000000
00000000
00010000
00010000
00111100
00010100

00000000
00000000
00000000
00001000
00011111
00001110
00001000
00001000

01110000
00010000
00000000
00000000
00000000
00000000
00000000
00000000

00000000
00001000
00001100
00000100
00000100
00000100
00000100
00000000

00000000
00000000
00000000
00000000
00000000
00000111
00000011
00000001

00000000
00000000
00000000
00000000
01101000
11111000
11110000
11110000

00000000
00100000
00100000
00100000
01100000
11100000
11110000
01000000

00000000
00000011
00000010
00000111
00000010
00001111
00000000
00000000

00000000
00000000
00000000
10000000
10000000
11000000
11111000
11010000

11100000
11110000
11110000
11100000
00000000
00000000
00000000
00000000

00001111
00000110
00000111
00000011
00000000
00000000
00000000
00000000

00000000
00000000
00000000
00000000
10000000
10000000
11000000
00000000

00000001
00001111
00000010
00000000
00000000
00000000
00000000
00000000

00000110
00000110
00000111
00000011
00000011
00000000
00000000
00000000

00000011
00001110
00000010
00000011
00000001
00000000
00000000
00000000

00000000
00000000
00000000
00000000
01100000
01110000
00010000
00000000

00001100
00001111
00000011
00000000
00000000
00000000
00000000
00000000

00000000
00000000
00000000
00000000
00000000
00000110
00001100
00011100

00010000
01110000
11110000
11111100
10000000
10000000
00000000
00000000

10111000
11110000
10110000
10110000
00000000
00000000
00000000
00000000

11000000
11100000
11000000
00000000
00000000
00000000
00000000
00000000

00000000
00000010
00000000
00000000
00000000
00000000
00000000
00000000

00000000
00000000
00000000
00100000
01100000
00000000
00000000
00000000

00011000
00111000
00011100
00001111
00000101
00000000
00000000
00000000

00101100
00101110
11111110
01100000
00000000
00000000
00000000
00000000

00000000
00000000
00000000
00001000
00001100
01001100
01001110
11111100

00000000
00000010
00000010
00000011
00000001
00000001
00000001
00000000

00000011
00000001
00000011
00000111
00000111
00000010
00000000
00000000

00000000
00000000
00000000
00000000
00000000
00001100
00001100
00001100

00000000
00000000
00000000
00000000
00001000
00001000
00000000
00000000

00000000
00001000
00111100
00011100
00000000
00000000
00000000
00000000

00001100
00011100
00000110
00000000
00000000
00000000
00000000
00000000

00000000
00000000
00000000
01100000
00100000
11110000
11010000
11000000

00000010
00001111
00000110
00000100
00000100
00000000
00000000
00000000

00011000
01110000
00010000
00000000
00000000
00000000
00000000
00000000

00111111
00101000
00000000
00000000
00000000
00000000
00000000
00000000

11111100
00111000
00100000
00100000
00100000
00000000
00000000
00000000

00000000
01000000
01000000
11000000
11000000
11100000
00110000
00110000

00000000
00000000
00000000
00000000
00000000
10110000
11111000
00110000

00000000
00000000
00000000
00000000
00000001
00000001
00000011
00000011

00000000
01000000
01000000
00000000
00000000
00000000
00000000
00000000

00000000
00000000
00000000
00000100
00011110
00010100
00000000
00000000

00000000
00000000
00000000
10000000
11100000
11100000
11110000
01000000

00000000
00000000
00000000
00000000
10000000
11100000
00000000
00000000

00000000
00000000
00000000
00000000
00000000
00000000
00011000
00000000

00111111
00111111
00010011
00000001
00000000
00000000
00000000
00000000

00011100
00110000
00100000
00000000
00000000
00000000
00000000
00000000

00000000
10000000
10000000
00000000
00000000
00000000
00000000
00000000

00000000
00000000
00000000
00000000
00000000
00000000
10000000
00000000

00000000
00000000
00000000
00000000
00000011
00000011
00000001
00000001

00000000
00000000
00000000
00000000
00000000
00000001
00000101
00001111

00000000
00000000
00000000
00000000
00000111
00011111
00001111
00000111

00000000
00000000
00000001
00000111
00000011
00000000
00000000
00000000

00000000
00000000
00000010
00000010
00000010
00010011
00011111
00001111

00000000
00000000
00000000
00000000
00000101
00000111
00011110
00111100

00000111
00001110
00000111
00000101
00000001
00000000
00000000
00000000

11000000
01100000
01100000
11000000
00000000
00000000
00000000
00000000

00000000
00000000
00000000
00000000
00010000
00011111
00011110
01111100

00000000
00000000
00000000
00000000
00000000
01000000
11000000
11000000

00000000
00000000
00000000
00000000
00000000
11000000
11010000
01110000

00000000
00000000
00000000
00000000
00000000
00010000
00011110
00011100

00000000
00000000
01000000
11000000
11000000
11000000
11100000
00000000

00001000
00001000
00111110
00000010
00000011
00000000
00000000
00000000

00000000
00000000
00000001
00000011
00000110
00000000
00000000
00000000

00000000
00000000
10000000
10000000
10000000
00000000
00000000
00000000

00000000
00000000
00000000
10100000
11110000
11100000
11000000
10000000

00000010
00000111
00000011
00001110
00000011
00000000
00000000
00000000

00000000
00000000
00000010
00000010
00000111
00000000
00000000
00000000

00000000
00000000
00000000
01110000
00000000
00000000
00000000
00000000

00001000
00001000
00111100
00010000
00000000
00000000
00000000
00000000

00000000
00000000
00000000
00000110
00000111
00011111
00000010
00000011

00000000
00000000
00000000
00000000
00000100
00001111
00001101
00000000

00000000
00000000
00000000
00001000
00000000
00000000
00000000
00000000

00000000
00000000
00000000
01100000
01111000
11000000
11100000
10100000

00000000
00000000
01111111
00011101
00000001
00000000
00000000
00000000

00001110
00001000
00011000
00001000
00001000
00000000
00000000
00000000

00000111
00000111
00011110
00000110
00000110
00000000
00000000
00000000

00000010
00000000
00000000
00000000
00000000
00000000
00000000
00000000

00000000
00000000
00000110
00000110
00000111
00000111
00000001
00000000

00000110
00001110
00000100
00000000
00000000
00000000
00000000
00000000

00000000
01000000
11100000
10000000
00000000
00000000
00000000
00000000

00000000
00000000
00000000
00000000
00001000
01111000
00101000
00100000

00000000
00000000
00000000
00000000
00000000
01000000
11111000
00000000

01100000
11110000
11110000
11010000
10000000
00000000
00000000
00000000

00000000
00000000
01000000
01111000
00111000
00100000
00000000
00000000

00000000
00000000
00000000
00000000
01000000
11000000
11011000
11111000

00000000
00000000
00000000
00000000
00000000
10000000
10000000
11100000

00111100
01110000
00100000
00000000
00000000
00000000
00000000
00000000

00000000
00000000
00001000
00001000
00001000
00011100
00011100
00011000

00000000
00000000
00000110
00011111
00011111
00000111
00000000
00000000

00011011
00001111
00001110
00001100
00000100
00000000
00000000
00000000

00000000
00000000
00000000
00000000
00010000
00010000
00110000
00000000

00000000
00000000
00000000
00000000
00000000
00110000
01110000
00110000

00110000
00100000
00000000
00000000
00000000
00000000
00000000
00000000

00000000
00000000
00000000
00000110
00000100
00000000
00000000
00000000

00000001
00000001
00001111
00000101
00000001
00000000
00000000
00000000

00000000
00000000
00000111
00000000
00000000
00000000
00000000
00000000

00000100
00011110
00011000
00000000
00000000
00000000
00000000
00000000

00111000
00011110
00000000
00000000
00000000
00000000
00000000
00000000

00000100
00011111
00001000
00000000
00000000
00000000
00000000
00000000

00000010
00000010
00000011
00001111
00000110
00000111
00000011
00000001

00100000
11100000
00000000
00000000
00000000
00000000
00000000
00000000

00000000
00000000
00000011
00000010
00000111
00001111
00000110
00000000

00000000
00000000
00000101
00000111
00000111
00000010
00000000
00000000

00001111
00000011
00000011
00000000
00000000
00000000
00000000
00000000

00001001
00011111
00001001
00000001
00000000
00000000
00000000
00000000

00000000
00000000
00000000
00000000
00000000
00001100
00011100
00111000

00000000
00000000
00000000
00000000
00000000
00110000
00011000
00000000

00000011
00000111
00000111
00011110
00001110
00000100
00000000
00000000

00000000
00000000
00000000
00000000
00010100
00011100
00011000
00000000

01000000
01000000
11000000
11000000
11000000
11000000
11000000
10000000

00000100
00001100
00000111
00000101
00000000
00000000
00000000
00000000

00000000
00000000
00000000
00000000
00000000
00000100
00000100
00000100
