00000000000000000000001000011111
00000000100000000000000000011111
00000000000000000000000100011111
00000000000000000000000000011111
00000000000000000000000000011111
00000000000000000000000000011111
00000000000000000000000000011111
00000000000000000000001000011111
00000100100010000000000000011111
00000000100001000000010000011111
00000000000000000000000000011111
00000000000000000000000000011111
00000000000000000001000000111111
00000000000000000000000000011111
00010000010000000000010000011111
00000000010000000000010010011111
00000000000010000000000000011111
00100000000000000000000000011111
00001000000001000000010000011111
00000000000000000000000000011111
00000000000000000000001000011111
00000000000010000000000000011111
00000000000000000000000000011111
00000000000010000000000000011111
00000000000000000000000000011111
00000010000000000000000000011111
11111111111111111111111111111111
11111111111111111111111111111111
11111111111111111111111111111111
11111111111111111111111111111111
11111111111111111111111111111111
11111111111111111111111111111111

68
00000000
00000000
00000000
00010000
00000000
00000000
00000000
00000000

01111100
00000000
00000000
00000000
00000000
00000000
00000000
00000000

00011111
00001101
00000000
00000000
00000000
00000000
00000000
00000000

00000000
00011100
00000000
00000000
00000000
00000000
00000000
00000000

00101011
00111111
00000111
00000101
00000100
00000000
00000000
00000000

00011111
00000011
00000011
00000011
00000011
00000011
00000000
00000000

00000000
00010000
00010000
00000000
00000000
00000000
00000000
00000000

00000000
00000000
00000000
00000000
00000110
00000011
00000010
00000000

00000000
00000000
00001000
00001000
11111100
00001110
00001100
00001000

00100000
00100000
01100000
11111000
00100000
00000000
00000000
00000000

00000000
00000000
00000000
00000000
00000000
10000000
10000000
11000000

00000000
00000000
00000000
00000000
00000000
00000011
00000011
00000000

00000000
00000000
00000000
00000000
00000000
00001000
00011000
00011111

00000000
00000000
00000000
00001110
00000110
00000000
00000000
00000000

00000000
00000000
00000000
01000000
11100000
11110000
10000000
11100000

00000000
00001110
00111111
00011110
00000010
00000000
00000000
00000000

00000000
00000000
00000000
10000000
10000000
10000000
11000000
10000000

00000000
00000000
00000000
00101000
00111110
00011010
00000010
00000000

00000000
00011111
00001110
00000110
00000110
00000000
00000000
00000000

00000010
00000011
00000111
00000011
00000011
00000010
00000011
00000000

01100000
00000000
00000000
00000000
00000000
00000000
00000000
00000000

00000000
00000000
00000000
00000000
00000000
00000000
00000100
00001110

10000000
00000000
00000000
00000000
00000000
00000000
00000000
00000000

00000000
00000000
00000000
00001110
00001111
00011010
00000010
00000110

00001000
00000000
00000000
00000000
00000000
00000000
00000000
00000000

00000000
00000000
00000000
00000010
00001110
00000110
00000110
00000000

01100000
01100000
00100000
00000000
00000000
00000000
00000000
00000000

11100000
00000000
00000000
00000000
00000000
00000000
00000000
00000000

00000000
00000000
00000000
00000001
00000001
00000011
00000011
00000011

00100000
00100000
00000000
00000000
00000000
00000000
00000000
00000000

00000110
00001110
00000000
00000000
00000000
00000000
00000000
00000000

11000000
01000000
00000000
00000000
00000000
00000000
00000000
00000000

00000000
00000000
00000000
00000000
00000000
00000110
00001110
00000000

00000000
00000000
00000100
00000111
00101111
00111111
00000100
00000000

00000000
00000000
00000000
01000000
11000000
11000000
10000000
10000000

00000000
00000000
11000000
11110000
00100000
00100000
00000000
00000000

00000000
00000000
00000000
11100000
11110000
00110000
00100000
00000000

00000000
00000000
00100000
11100000
11100000
10110000
10000000
00000000

00000000
00000000
00000000
10000000
11110000
11110000
11100000
11000000

00000000
00100000
01100000
11110000
11010000
11010000
11000000
10000000

00000000
00011110
00000010
00000000
00000000
00000000
00000000
00000000

11111100
01001000
00001000
00000000
00000000
00000000
00000000
00000000

00000000
00001000
00000000
00000000
00000000
00000000
00000000
00000000

00000000
00000000
00000000
00000000
00001100
00000100
01101100
11111110

01000000
01000000
00000000
00000000
00000000
00000000
00000000
00000000

00000000
00000001
00000001
00000101
00001111
00000111
00000111
00000101

10000000
10000000
10000000
00000000
00000000
00000000
00000000
00000000

00000000
00000000
00000000
00000000
00000000
00000010
00000000
00000000

00000000
00000000
00000000
00000000
01000000
11000000
11110000
11110000

00111000
00011000
00111000
01100000
00000000
00000000
00000000
00000000

00000000
00000100
00001111
00000010
00000010
00000000
00000000
00000000

00000000
00000000
00000000
00000000
00110000
00000000
00000000
00000000

00000000
00000000
00000000
00000000
00000000
00000000
00000000
00000100

00000011
00000011
00000011
00000011
00000011
00000111
00000111
00000000

00000000
00000000
00000000
00000000
00010000
11110000
00000000
00000000

00000000
00000011
00001010
00011110
00001110
00000110
00000100
00000100

11110000
10111000
10101100
10100000
10100000
00000000
00000000
00000000

00000000
00000000
00000000
00000000
00000000
00000000
00000000
00001110

00000000
00000000
00000000
00000000
11100000
11100000
11110000
10100000

00000000
00000010
00000010
00100010
00111111
00001111
00000001
00000001

00000000
00000000
00000000
00000000
00000000
00000000
00110000
01110000

00000010
00011110
00001110
00000111
00000010
00000000
00000000
00000000

00000000
00000000
00000000
00000000
00000000
01100000
11100000
11110000

00000000
00000000
00000000
00000000
00000111
00011111
00001111
00001111

00000000
00011110
00001000
00000000
00000000
00000000
00000000
00000000

00000000
00000000
01000000
11100000
10000000
00000000
00000000
00000000

00000000
11000000
11000000
10000000
00000000
00000000
00000000
00000000

00000000
00000000
00000010
00000010
00000110
00000111
00000110
00000000
