00001000000000000000000000000111
00000000000000000000000000000111
00000000000000000000000000000111
00000000000000000000000000000111
00000000000000000000000000000111
00000000000000000000000000000111
00000000010000000000000000000111
10000000000000000000000000000111
00000000000000001000000000000111
00100000000000000000000000001111
00000000000000000000000000000111
00000000000000000000000000000111
00000000000000100000000000000111
00000000000000000000000000000111
00000000000000000000000000000111
00000000000000000000000000000111
00000000000000000000000000000111
00010000000000000000000000000111
00000000000000000000000000000111
00000000000000000000000000000111
00000000000001000000000000000111
11111111111111111111111111111111
11111111111111111111111111111111
11111111111111111111111111111111
11111111111111111111111111111111
11111111111111111111111111111111
11111111111111111111111111111111
11111111111111111111111111111111
11111111111111111111111111111111
11111111111111111111111111111111
11111111111111111111111111111111
11111111111111111111111111111111

31
00000000
00000000
00000000
00000000
00000100
00001111
00000010
00000011

00000000
00000000
00000000
00000000
00000000
11000000
11100000
11000000

00000000
00000000
00000000
00000000
00000000
00001111
00001111
00001110

00000000
00000000
00000010
00000111
00000011
00000001
00000000
00000000

00000000
00000000
00000000
00000000
01100000
11000000
00000000
00000000

00000000
00010100
00011100
00110100
00010110
00000000
00000000
00000000

00000000
00000000
01100000
00000000
00000000
00000000
00000000
00000000

00000000
00000000
00100000
00000000
00000000
00000000
00000000
00000000

00001000
00001010
00001111
00000010
00000000
00000000
00000000
00000000

00000000
00000000
00100000
00000000
00000000
00000000
00000000
00000000

00000000
01000000
11100000
01000000
00000000
00000000
00000000
00000000

10110000
11111100
11111000
00110000
00000000
00000000
00000000
00000000

00000000
00000000
00000000
01000000
01100000
11101000
01111000
00001100

00000000
00000110
00000100
00000000
00000000
00000000
00000000
00000000

00000011
00000010
00000010
00000000
00000000
00000000
00000000
00000000

00111111
00001110
00001011
00000000
00000000
00000000
00000000
00000000

00011100
00111100
00111000
00000000
00000000
00000000
00000000
00000000

00000000
00000000
00000111
00000100
00000100
00000000
00000000
00000000

00000000
00000000
00000000
00111100
11110000
11110000
10110000
00000000

00111100
00101100
00001100
00000000
00000000
00000000
00000000
00000000

00000000
00000000
00000000
00000000
00000000
00000010
00000000
00000000

00000000
00000000
11000000
11111100
11101000
01101000
00000000
00000000

11110000
00010000
00000000
00000000
00000000
00000000
00000000
00000000

00000000
00000000
00000000
00010000
00011000
11111000
11111100
00110000

00000000
00000000
00000000
00000000
00000000
00001000
00001000
00000000

00000010
00000011
00000111
00000110
00000000
00000000
00000000
00000000

00000000
00000000
00000000
00000000
00000000
10000000
00000000
00000000

00000000
00000000
00000000
00000000
00000100
11111110
00000100
00000000

00000000
00000000
10000000
11000000
11000000
01110000
00000000
00000000

00000000
00000000
00000001
00000011
00000001
00000001
00000000
00000000

10100000
11111000
01000000
00000000
00000000
00000000
00000000
00000000
