00000000000000001000111111111111
00100000000000000100111111111111
10000000000000000000111111111111
00000000000000010000111111111111
10010000000000100000111111111111
00000010000000000000111111111111
00000000000000000000111111111111
01000100000000000000111111111111
00000000000010000000111111111111
00000000000000000000111111111111
00000000000000000000111111111111
00000000000000000000111111111111
00000001000000001000111111111111
00001001000000000000111111111111
00000000000000000000111111111111
01000010000001000000111111111111
00000000001000000000111111111111
00000000000000010000111111111111
00000010000000000000111111111111
00000000000000000000111111111111
00001100000000000000111111111111
00100000000010000000111111111111
00000000000000000000111111111111
00000000000000000000111111111111
00000000000010000000111111111111
00010000000000000001111111111111
01000000100000000000111111111111
10000000000000000010111111111111
00000000000000000000111111111111
11111111111111111111111111111111
11111111111111111111111111111111
11111111111111111111111111111111

6
00000000
00000100
00000110
00000010
00000011
00000110
00001110
00000000

00000100
00011110
00111010
00001000
00000000
00000000
00000000
00000000

00000000
00001000
00001000
00011100
01111110
00000110
00000100
00000000

00000000
00000000
00001100
00001100
00001000
00000000
00000000
00000000

00000111
00001111
00001111
00000111
00000010
00000000
00000000
00000000

01100000
01000000
00000000
00000000
00000000
00000000
00000000
00000000
