00000100000000000100000011111111
00000000000000000000000011111111
00000000000000000000000011111111
00000000000000000000000011111111
00000010000001000000000011111111
10000010000000000000000011111111
00000000000010000000000011111111
00001000000000000000000011111111
00000000000000000000000011111111
00000000010000010000100011111111
00000000000001000000000011111111
00000000000000000100000011111111
00000000000000000000000011111111
00000010000000000000000011111111
00000000000000000100000011111111
00000000001000010000000011111111
00000000000000000000000011111111
00000000000000000000000011111111
00000000000000000000000011111111
00000000010000000000000011111111
00000000000000000000001011111111
00000000000100000000000011111111
00000000000100000000000011111111
01010000000000000011000011111111
00001000000000000010000011111111
00000100000000000010000011111111
00000000000000000000010011111111
00000000000000001000000011111111
00000000000000000000010011111111
00000000000000000000000011111111
00000000000000000000000011111111
11111111111111111111111111111111

48
00000000
01100000
00000000
00000000
00000000
00000000
00000000
00000000

00000000
00000000
00000000
10000000
10000000
11100000
10000000
11000000

00000000
00000000
00000000
00100000
00000000
00000000
00000000
00000000

00000000
00000000
00000000
00000000
00000000
00000101
00000111
00000001

11111110
11101000
11100000
00100000
00100000
00000000
00000000
00000000

01000000
11000000
01000000
11000000
00000000
00000000
00000000
00000000

00000000
00000000
00001000
00011100
00001110
00000100
00000000
00000000

10000000
00000000
00000000
00000000
00000000
00000000
00000000
00000000

00000000
00000000
11100000
01110000
01000000
01000000
00000000
00000000

00000000
00000010
00000010
00000011
00001111
00001111
00000110
00000110

00000000
00001000
00111100
00000000
00000000
00000000
00000000
00000000

00000000
00000000
00000000
00000000
01000000
11000000
01110000
00100000

00000000
00000000
00000000
00110000
00111100
00000100
00000000
00000000

00000000
00000000
00000000
00110000
10110000
11100000
00100000
00000000

00000000
11100000
01111000
00010000
00010000
00000000
00000000
00000000

00000000
00000000
00000000
00000000
00000000
00000000
00001000
00001110

00000000
00000000
00000000
00000001
00000101
00000111
00000110
00000110

00000000
00000000
00000000
00000000
00000000
00000000
00000000
01110000

00000000
00000000
00000000
00000000
00000000
00001100
00000000
00000000

00000000
00000000
00000000
00000010
00000111
00001111
00011111
00000110

00000000
00000000
00000000
00011000
00011100
11111000
01011000
00000000

00000000
00000010
00000111
00000010
00001111
00000110
00000000
00000000

00000000
00000000
10000000
11000000
01000000
01000000
00000000
00000000

00111100
00010100
00000000
00000000
00000000
00000000
00000000
00000000

00000000
00000000
00000000
00000000
00000010
00000110
00001110
00011111

00000000
00000000
11110000
00110000
00010000
00000000
00000000
00000000

10100000
11100000
11110000
10000000
00000000
00000000
00000000
00000000

00000000
00000000
00000000
00000000
00000000
00000000
01000000
00000000

00000000
00000000
00000000
00110000
01111000
00111000
00000000
00000000

01111100
01111000
11010000
00000000
00000000
00000000
00000000
00000000

01111100
11110100
01110000
00010000
00000000
00000000
00000000
00000000

00000010
00000111
00001100
00000100
00000100
00000000
00000000
00000000

00000000
00000000
00000100
00000110
00000110
00000011
00000011
00000000

00000000
00000000
00000010
00000011
00000010
00000000
00000000
00000000

00000000
00000000
00000000
00000000
00000000
00110111
01111100
00011100

00000000
00000000
00000000
00000000
00000000
00000000
01000000
00000000

00000100
00001100
00111111
00001111
00000010
00000000
00000000
00000000

00000000
00000000
00000000
00000000
00000000
00000000
00001100
00000000

00000000
00000000
00001000
00001000
00001110
00011110
00011110
00000000

00000000
00000000
00000000
00000110
00011110
00000011
00000001
00000000

00000000
00000000
00000000
00000000
00000000
00000010
01111010
01111110

00011100
00001111
00000101
00000000
00000000
00000000
00000000
00000000

00000000
11010000
11110000
11100000
10000000
00000000
00000000
00000000

00001110
00011110
00001000
00000000
00000000
00000000
00000000
00000000

00000000
00000000
00000000
00000000
01000000
01100000
00000000
00000000

00000011
00000111
00000111
00000011
00000001
00000001
00000001
00000000

11010000
11110000
01110000
01000000
00000000
00000000
00000000
00000000

00000000
00000000
00000000
00100000
00100000
00111000
01111000
11000000
