00000000000000000000000111111111
00000000000000000010000111111111
00000000000000000000000111111111
00000000000000000000000111111111
00000000000000000000000111111111
00100000000000000010000111111111
00000000000000010000000111111111
00000000000000000000000111111111
00010000001001000000000111111111
00011000000000000000000111111111
00000000000000000000000111111111
00000000000000000100001111111111
00000010000000000100000111111111
00000000000000010000000111111111
00000010000000100010000111111111
00000010000001000010000111111111
00000000100000000000000111111111
00010000001000000000000111111111
00000000000000000000000111111111
00000000000000000000000111111111
00000000000000000000010111111111
00000000000000000000000111111111
00000000000000000000000111111111
10010000000000100000000111111111
00100000000000000000100111111111
00000000000000010000000111111111
00000000000000000000010111111111
00001000000001000000000111111111
00000000010000000000000111111111
00000000000000000100000111111111
00001001000000001000000111111111
11111111111111111111111111111111

136
00001100
00001100
00001110
00001110
00000010
00000000
00000000
00000000

00000000
00000000
01000000
01000000
11101100
11111100
10000100
10000000

00000000
00000000
00000000
00000000
00000000
00000000
00000000
00110000

00001110
00001111
00000010
00000000
00000000
00000000
00000000
00000000

00000000
00000000
00000010
00000000
00000000
00000000
00000000
00000000

00000000
00000000
00000000
00000000
00000000
00000000
00001110
00000010

00000011
00000011
00000011
00000000
00000000
00000000
00000000
00000000

00000000
00000000
00000000
00000010
00001111
00000111
00000111
00000101

00000000
00000000
00000000
00000100
00000101
00001111
00001111
00000000

00000000
00000000
00000000
00000000
00010000
00110000
00000000
00000000

00000110
00000111
00000111
00000111
00000101
00000001
00000011
00000000

00000000
00000000
00000100
00011110
00000110
00000111
00000111
00000001

00000000
01100000
00000000
00000000
00000000
00000000
00000000
00000000

01110000
00110000
00110000
00000000
00000000
00000000
00000000
00000000

00000000
00000000
00000000
00000000
00000000
00000000
11100000
01000000

00000000
00000000
00000000
00000010
00000110
00011110
00000110
00000011

11000000
10000000
00000000
00000000
00000000
00000000
00000000
00000000

00000000
00000000
00001000
00011110
00011110
00000100
00000000
00000000

00111110
00111110
00010000
00010000
00000000
00000000
00000000
00000000

10000000
11100000
11110000
10000000
10000000
10000000
00000000
00000000

11100000
11100000
11100000
11110000
11100000
00000000
00000000
00000000

00000111
00001101
00001100
00001100
00000000
00000000
00000000
00000000

00000000
11000000
01110000
11100000
11100000
11000000
00000000
00000000

01100000
00111000
00101000
00000000
00000000
00000000
00000000
00000000

00000000
00000000
00000000
00000000
00000000
00000000
00000010
00000000

11110000
00111000
00110000
00000000
00000000
00000000
00000000
00000000

00000000
00000000
00000000
00000010
00000010
00000110
00000011
00000001

00000000
00000001
00000001
00000001
00000011
00000000
00000000
00000000

11100000
11110000
11111000
11100000
00000000
00000000
00000000
00000000

00000000
00000000
00000111
00000111
00000111
00000111
00000001
00000000

00000000
00000000
00000000
00000000
00000000
00000000
00001000
00001100

00001110
00001111
00000001
00000000
00000000
00000000
00000000
00000000

00000000
00000000
00000000
00000000
00000000
01000000
01110000
11110000

10000000
11100000
11110000
11100000
01000000
00000000
00000000
00000000

00000000
00000000
00000000
00000000
10000000
10000000
00000000
00000000

00001111
00001111
00111111
00000001
00000000
00000000
00000000
00000000

00000000
00001000
00001000
00011110
00000100
00000000
00000000
00000000

00000000
00000000
00000000
01000000
11000000
11100000
11110000
11111000

00000000
00000000
00000000
00000000
01100000
01000000
01000000
01000000

00000000
00000000
00000000
00000000
00000000
01100000
00000000
00000000

00000000
00000000
00000000
00000000
00000001
00000011
00000011
00000011

00011000
00000000
00000000
00000000
00000000
00000000
00000000
00000000

00000000
00000000
00000000
00000000
00000000
00000010
00001111
00000011

00000000
00000000
00000011
00000010
00000011
00000000
00000000
00000000

00000000
00000000
00000000
00000000
00000000
00000000
11000000
11100000

00000000
00000000
00000000
10000000
11000000
10000000
00000000
00000000

00000000
00000000
01100000
01100000
00100000
00000000
00000000
00000000

00000000
00000000
00001100
00001110
00001010
00000000
00000000
00000000

00000000
00000000
00000000
00000000
00000001
00000001
00000011
00000001

00000000
00000000
00000000
00000100
00101100
00111000
10111000
11111000

00001100
00001100
00011111
00011111
00000100
00000100
00000000
00000000

00000000
00000000
00000001
00000011
00000111
00000111
00000110
00000010

00001000
00011000
00000000
00000000
00000000
00000000
00000000
00000000

00000000
00000000
00000010
00000110
00000010
00000000
00000000
00000000

00000000
00000000
00000000
00000000
01100000
11000000
00000000
00000000

00000000
00000000
00000000
00000000
00000000
00000001
00000011
00000011

00001100
00000000
00000000
00000000
00000000
00000000
00000000
00000000

00000000
00000000
11100000
11100000
11000000
00000000
00000000
00000000

00000000
00000000
00000000
00000000
00010000
01010000
01011110
01111111

00000000
00000000
00000000
00100000
11110000
11100000
00000000
00000000

01111000
11010000
00000000
00000000
00000000
00000000
00000000
00000000

00000000
00100000
00100000
00110000
00000000
00000000
00000000
00000000

00000000
00000000
00100000
01111000
00110000
00010000
00000000
00000000

00100000
01100000
01110000
11000000
01000000
01000000
00000000
00000000

00001110
00001000
00000000
00000000
00000000
00000000
00000000
00000000

00000000
00000000
00000000
00000000
00001100
00011100
00011111
00011110

00000000
00000000
00000000
00000000
00000000
00000000
00000000
10000000

00000000
00000000
00000000
00000010
00000010
00001110
00000111
00000011

00111110
00111111
00011110
00000100
00000000
00000000
00000000
00000000

11100000
11100000
11100000
01100000
01000000
00000000
00000000
00000000

00010100
00011110
00111000
00011000
00011000
00000000
00000000
00000000

00000000
00000000
00000000
00000000
01100000
00000000
00000000
00000000

00001110
00000110
00000000
00000000
00000000
00000000
00000000
00000000

00000000
00000000
00000000
00000000
00001000
00001100
00000111
00000011

00000000
00000001
00000001
00000011
00000001
00000000
00000000
00000000

00000000
00000000
00000000
00000001
00001111
00000110
00011110
00000010

00000000
00000000
00000000
00000000
11100000
00000000
00000000
00000000

00000000
00000000
00000000
00000000
10000000
11000000
11100000
00000000

00000000
00000000
01000000
01100000
11000000
01000000
11000000
00000000

00000001
00000011
00000011
00000011
00000010
00000010
00000000
00000000

00000000
00000000
00000000
00000000
00000000
00000011
00000001
00000000

00001110
00011100
00001000
00000000
00000000
00000000
00000000
00000000

00000000
00000000
00001100
00000000
00000000
00000000
00000000
00000000

00000000
00000000
00000000
00000000
10000000
11000000
01100000
11100000

00000000
00000000
00000000
11000000
11110000
11110000
11100000
11100000

00000000
00000000
00100000
00100000
00000000
00000000
00000000
00000000

00000000
00000000
00000000
00000001
00000000
00000000
00000000
00000000

00000000
00000000
00001110
00011111
00010110
00000000
00000000
00000000

00000000
00000000
00000000
00000000
00000000
00000000
00000111
00001101

00000000
00000000
00000000
00000000
00000000
00000000
00000000
11100000

11100000
01110000
11111000
01111000
00000000
00000000
00000000
00000000

01100000
11110000
00111100
00111100
00100000
00000000
00000000
00000000

00000000
00000000
11000000
11000000
11000000
10000000
00000000
00000000

00000000
00000000
00000000
00110000
11110000
11110000
11100000
11100000

00000000
00000000
00000000
00000000
00000001
00010011
00010111
00111111

00000010
00000010
00000110
00011110
00110100
00000100
00000000
00000000

00010000
00000000
00000000
00000000
00000000
00000000
00000000
00000000

00000000
00000000
00000000
00011000
00000000
00000000
00000000
00000000

11000000
11100000
11100000
00000000
00000000
00000000
00000000
00000000

00000000
00000000
00000000
00000000
00000000
11110000
11000000
11000000

00001000
00001110
00001000
00001000
00000000
00000000
00000000
00000000

00000000
00001000
00011000
11110000
00000000
00000000
00000000
00000000

00001000
00001000
00011000
00001000
00000000
00000000
00000000
00000000

00000000
00000000
00010000
00111100
01100000
11000000
11000000
11000000

00000011
00000011
00000001
00000000
00000000
00000000
00000000
00000000

00000000
00000000
00000000
00000000
01010000
01110000
11100000
00000000

00000000
00000000
00000000
00000000
00000000
01100000
01000000
00000000

00000000
00000000
00000000
00010010
00011111
00111101
00011100
00001000

11111000
11000000
11000000
11100000
11100000
00100000
00000000
00000000

00000000
00000000
00000000
00000000
00011111
00001111
00000100
00000111

00000000
00000000
00000000
11010000
01111000
00101100
00000110
00000000

00000000
00000001
00000111
00000000
00000000
00000000
00000000
00000000

01111000
00111000
00110000
00110000
00000000
00000000
00000000
00000000

00000000
00000000
00000000
00000000
00010000
00111000
01111111
01101110

00000000
00000000
00000000
00100000
01111000
00010000
00000000
00000000

00000000
00000000
00000000
00000000
00000000
00000000
00000000
11000000

00000000
00000000
00000000
00000000
00000001
00011011
00001111
00001111

00011000
00011100
00011110
00000100
00000000
00000000
00000000
00000000

00000000
00000000
00000000
00000000
00000001
00000000
00000000
00000000

00000001
00000001
00000111
00000111
00000101
00000000
00000000
00000000

00000000
00000000
00010000
00110000
00000000
00000000
00000000
00000000

00000000
00000000
00000000
00001000
00000000
00000000
00000000
00000000

00011010
00111110
00011100
00010000
00000000
00000000
00000000
00000000

00000000
00000000
00000000
00000010
00000010
00000111
00000111
00011111

11000000
01100000
11110000
11000000
01100000
00000000
00000000
00000000

00000000
00000000
00000000
00000000
00001000
00001110
00011110
00011100

00000000
00000000
00000000
00000000
00110000
00000000
00000000
00000000

00111111
00010101
01110001
01100001
00000000
00000000
00000000
00000000

00011100
00111100
00110100
00000000
00000000
00000000
00000000
00000000

00000000
00000100
00000100
00000100
00000100
00000000
00000000
00000000

00000000
00000000
00000000
00000000
00000000
10000000
11000000
00000000

00000000
00000000
00000000
00000000
00000000
00000000
00110000
01110000

00000000
00000000
00010000
00111000
01100000
00110000
00000000
00000000

00000000
00000000
00000000
00000000
00000010
00011110
00011111
00111000

00111111
00001000
00001110
00001000
00000000
00000000
00000000
00000000

00000000
00000000
00000000
00000000
00000111
00000111
00001111
00000111
