00010000000000000000011111111111
00010000000000000000011111111111
00100000000000000000011111111111
00011011000000000110111111111111
00000000010000010000011111111111
00000000000000100000011111111111
00000100000000000000011111111111
10100000000010000000011111111111
00000000000100000001011111111111
00000000000000000000011111111111
00000001000000000000011111111111
00000000000110000000011111111111
00000000000000000000011111111111
00000001000000000001011111111111
01000000000000000000011111111111
00000000000000000000011111111111
00000000100000000000011111111111
00000000000000000001011111111111
00000101000000010000111111111111
00000000000000000000011111111111
00000100101000000000011111111111
01000000000000000000011111111111
00000000000010000010011111111111
00010000000000000010011111111111
10000000000000001000011111111111
00000000000001000010011111111111
00000000000100000000011111111111
00000001000000100000011111111111
01000000000010000000011111111111
00100000010000000000011111111111
11111111111111111111111111111111
11111111111111111111111111111111

142
00001111
00001100
00000000
00000000
00000000
00000000
00000000
00000000

00000000
00000000
00000000
00000000
00000001
00000001
00000000
00000000

00000000
00000000
00000000
00000000
00000000
00000011
00000001
00000000

00000000
00000000
00000000
00011000
00001000
00000000
00000000
00000000

00000000
00110000
00110000
01100000
00100000
00000000
00000000
00000000

00000000
00000000
00000000
10000000
10000000
10000000
11000000
00000000

00000000
10000000
11010000
11111100
10110000
10000000
00000000
00000000

00000000
00000000
00000000
00000000
11000000
00000000
00000000
00000000

11111100
11111100
11000000
10000000
10000000
00000000
00000000
00000000

00000000
00000000
00000000
11001000
10011000
10111000
11110000
11000000

00000100
00001110
00001110
00000010
00000000
00000000
00000000
00000000

01111110
01011110
01011000
00000000
00000000
00000000
00000000
00000000

00000000
00000000
00000000
00000001
00000011
00000000
00000000
00000000

00000000
00000000
00000000
00010000
00010000
11111000
11110000
10000000

00000000
00000000
00000000
00000011
00111111
00011010
00010000
00010000

00000000
00000000
00000000
00000000
00000000
01100000
01111110
01110010

00000000
00000000
00000000
00000000
00000001
00000001
00000000
00000000

11100000
11100000
00100000
00000000
00000000
00000000
00000000
00000000

01000000
11000000
00000000
00000000
00000000
00000000
00000000
00000000

00000000
00000000
00000000
10100000
11110000
11100000
01100000
01000000

00000000
00000000
00000000
00000000
10000000
11110000
00010000
00000000

00000000
00000000
00000000
00000110
00001111
00001001
00000000
00000000

11111100
00011000
00010000
00000000
00000000
00000000
00000000
00000000

11111000
11110000
10010000
10000000
00000000
00000000
00000000
00000000

00000000
00000000
00001000
00001000
00000000
00000000
00000000
00000000

00000000
00000000
00000000
00000000
00000100
00000000
00000000
00000000

00000000
00000000
00000010
00000000
00000000
00000000
00000000
00000000

00000000
11111000
11110000
00100000
00100000
00100000
00000000
00000000

01000000
11100000
01110000
01110000
00010000
00000000
00000000
00000000

00000000
00000000
00001000
00001000
00011010
00111110
00001110
00001100

00000000
00100000
11110000
01000000
11000000
00000000
00000000
00000000

00000000
00000000
00000000
00000000
00000010
00000111
00001111
00000111

00000000
00000000
00000000
00000100
00001110
00001100
00011000
00000000

00011110
00011111
00001101
00000001
00000000
00000000
00000000
00000000

00000000
00000000
00000000
00000000
00000000
00001000
00101100
11111110

00000000
00000001
00000001
00000001
00000111
00000111
00000111
00000001

01011000
01111100
11010100
00010000
00010000
00010000
00000000
00000000

00000000
00000000
00000000
00000000
00000000
00000000
00001000
00001110

00000000
00000000
01000000
01110000
00111000
00000000
00000000
00000000

00011100
00111100
00001000
00001000
00000000
00000000
00000000
00000000

00000000
00000000
01000000
11110000
11110000
11110000
10000000
11000000

00000000
00000000
00000000
00000000
00010000
01111000
00000000
00000000

00000000
00010000
00000000
00000000
00000000
00000000
00000000
00000000

00000000
00011010
00011111
00000100
00000000
00000000
00000000
00000000

11000000
11100000
11111000
11100000
11000000
01000000
00000000
00000000

00000000
00000000
00000010
00000011
00011110
00000011
00000000
00000000

00000000
00000000
10000000
11000000
10000000
10000000
00000000
00000000

00000010
00000010
00000011
00000011
00000001
00000000
00000000
00000000

00000000
00000000
00000100
00001110
00000000
00000000
00000000
00000000

00001000
00001000
00001000
00011110
00001010
00000000
00000000
00000000

00001000
00001100
10001110
11111100
00101000
00000000
00000000
00000000

00000000
00000000
00000000
00000000
00000000
00000010
00000011
00000000

00000000
00000000
00000000
00000000
00000000
00000000
00111000
00111100

11111000
11100000
11100000
01000000
01000000
00000000
00000000
00000000

00000000
00000000
00000000
10000000
10100000
11110000
11100000
11100000

00000000
00000000
00000000
00001100
00000000
00000000
00000000
00000000

01110000
00000000
00000000
00000000
00000000
00000000
00000000
00000000

00000000
00000000
00001000
00001100
00001100
00000000
00000000
00000000

00000000
00000000
00000000
00000000
00000000
00000000
00000100
00000100

00000000
00000010
00000010
00000110
00001111
00001111
00000010
00000011

00000000
00000000
00000000
00000000
00000001
00000001
00000001
00000011

00000000
00000000
00000000
00000000
00000000
00000000
00000001
00011111

00000000
00000000
00000000
00000000
00000100
00010110
00011111
00011110

00000000
00000000
00000000
00000000
11000000
11000000
11000000
00000000

00001110
00000011
00000011
00000000
00000000
00000000
00000000
00000000

10000000
10000000
11100000
01000000
11000000
10000000
00000000
00000000

00000000
00000000
00000000
01000000
00000000
00000000
00000000
00000000

00000000
00000000
00000000
00000000
00000000
00000000
00000010
00000011

00000000
00000010
00011110
00000010
00000000
00000000
00000000
00000000

00000000
00000000
00000000
00000000
00000000
00000010
00001111
00001111

00000000
00000000
00000000
00000000
00000000
00000111
00001101
00000100

00000000
00000010
00000110
00000010
00000000
00000000
00000000
00000000

00000000
00000001
00000000
00000000
00000000
00000000
00000000
00000000

00000000
00000000
00000000
00000000
00000111
00010110
00011110
00001111

00000000
00000000
00000000
00000000
00000000
00011000
00111100
01111100

00000000
00000000
00000000
00001100
00001100
00001000
00001000
00001000

00000000
00000000
01000000
11110000
11000000
10000000
00000000
00000000

11010000
11110000
00111000
00010000
00000000
00000000
00000000
00000000

00011000
00011100
00111100
00001000
00000000
00000000
00000000
00000000

00000000
00000000
00000111
00001111
00000100
00000000
00000000
00000000

00000000
00010000
00011000
00010000
00000000
00000000
00000000
00000000

00000110
00001110
00001111
00011001
00010000
00010000
00000000
00000000

00000000
00000000
00000000
00000010
00000011
00001111
00001110
00000000

00000000
00000000
00000000
00000001
00000001
00000011
00000011
00000110

00000000
01000000
11110000
01100000
11100000
11100000
10000000
00000000

10100000
11100110
01111100
00001000
00000000
00000000
00000000
00000000

00000000
00000000
00000000
00000000
00000111
00000000
00000000
00000000

00000111
00000110
00000110
00000100
00000000
00000000
00000000
00000000

00000001
00001101
00001111
00011110
00110000
00000000
00000000
00000000

00000000
00000000
00000000
00000000
01000000
01000000
01100000
11111100

00000000
00000000
00000000
00000000
00000000
00000100
00001110
00000010

00000000
00000000
01110000
00100000
00000000
00000000
00000000
00000000

01010100
01111111
01000111
00000110
00000000
00000000
00000000
00000000

00000000
00000000
00000000
00000000
00000000
00001011
00001111
00000111

00011111
00011111
00001110
00000010
00000000
00000000
00000000
00000000

00000011
00000001
00000111
00000001
00000000
00000000
00000000
00000000

00000000
00000000
00000000
00000000
00000000
00000000
10000000
00000000

00000000
00000000
00000000
00000000
00000010
00000011
00000010
00000000

00000000
00000000
00000000
00000000
00000000
00000000
00000000
00000010

00000000
00000000
00000000
00010000
00011010
00011010
00001110
00001111

00000000
00000000
00000000
00001110
00000111
00000010
00000000
00000000

01100000
00100000
11100000
00100000
00000000
00000000
00000000
00000000

11000000
11000000
10000000
00000000
00000000
00000000
00000000
00000000

00000000
00000000
00000000
00000001
00000001
00000001
00000011
00000000

00000000
00000000
01100000
11110000
11000000
00000000
00000000
00000000

00000000
00000000
00000000
00000000
00011100
00011100
00111100
00001000

00001100
00000111
00011110
00011000
00001000
00000000
00000000
00000000

00110100
00111100
00010000
01011000
11110000
00000000
00000000
00000000

00000000
00000000
00000000
00000000
00000000
00000010
00000010
00000010

00000000
00000000
00000000
00000000
00000111
00001111
00001110
00011000

00000000
00000000
00000000
00000000
00000000
00000000
00000010
00000010

00000000
00000000
00111000
01110000
11010000
10000000
10000000
10000000

00001110
00001111
00111111
00000010
00000000
00000000
00000000
00000000

00000110
00000010
00000011
00000001
00000001
00000000
00000000
00000000

00000000
00000000
00000000
00000000
11100000
11100000
11100000
11111000

11000000
11000000
11000000
10000000
00000000
00000000
00000000
00000000

00010000
00010000
00010000
00000000
00000000
00000000
00000000
00000000

00000000
00000000
00000000
00000000
00000000
00000000
00000000
00000010

00000000
00000000
01000000
01100000
01100000
00110000
00000000
00000000

00000000
00000000
00000000
00000100
00001100
00001110
00011000
00011100

00000000
00000000
00000000
00000000
00001110
00111111
00001110
00001100

00000000
00000000
00000000
00000000
00000000
00000000
10000000
00000000

00000000
00000000
00000000
10000000
11100000
11110000
11100000
00000000

00000000
00000000
00000000
10000000
11000000
10000000
00000000
00000000

00000111
00001111
00000111
00000111
00000011
00000000
00000000
00000000

00011111
00001001
00001000
00000000
00000000
00000000
00000000
00000000

11111110
10101000
00100000
00000000
00000000
00000000
00000000
00000000

00000000
00000000
10000000
10000000
00000000
00000000
00000000
00000000

00001000
00111000
00111000
00111000
00100000
00000000
00000000
00000000

00000000
00000000
00000000
01101000
01111000
00111110
00010010
00010000

00000000
00000000
00000000
00000000
00011000
00001100
00001111
00001111

11100000
10000000
11000000
00000000
00000000
00000000
00000000
00000000

00000000
00000000
00000000
00000000
00011000
00011111
00000111
00000100

00000000
10000000
11100000
11110000
00000000
00000000
00000000
00000000

11110000
11110000
11111000
10101000
00000000
00000000
00000000
00000000

00000000
00000000
00000000
00010100
00011100
00011110
00111000
00111100

00001111
00001111
00001111
00000000
00000000
00000000
00000000
00000000

00000000
00000000
00000000
00000000
00000000
00000000
00011110
00001110

00000000
00000000
00000000
00000000
00000000
00000000
00111110
00001000

00011000
00011100
00011100
00001100
00001000
00000000
00000000
00000000

00000000
00000000
00000000
00000000
00010000
00010000
00110000
00000000

00000000
00000011
00001111
00000111
00000111
00000011
00000000
00000000
