00000000000000000000000000000001
00000000000000010000000000000001
00000000000000000000000000000001
00000000000000000000000000000001
00000000000000000000000000000001
00000000000000000000000000000001
00000000000000010000000000000001
00000000000000000000000000000001
00000000000000000000000000000001
00000000000000000000000000000001
00000000000000000000000000000001
00000000000000000000000000000001
00100000000000000000000000000001
00000000000000000100000000000001
00000000000000000000000000000001
00000000000000000000000000000001
00000000000000000000000000000001
00000000000000000000000000000001
00000000000000000000000000000001
00000000000000000000000000000001
00000000000000000000000000000001
00000000000000000000000000000001
00000000000000000000000000000001
00000000000000000000000000000001
00000000000000000000010000000001
00100000000000000000000000000001
00000000000000000000000000000001
00000000000000000000000000000001
11111111111111111111111111111111
11111111111111111111111111111111
11111111111111111111111111111111
11111111111111111111111111111111

91
00000000
00000000
00000000
00000000
00000000
00000110
00000011
00000011

00000000
00000000
01000000
11110000
11110000
11110000
00000000
00000000

00000000
00000000
00000000
00000000
00000100
01111100
00001100
00000000

00000000
00000010
00000011
00000111
00001110
00011111
00000100
00000000

00000000
00000000
00000000
00000000
00000000
00100000
01110000
11111000

00000000
00000000
10000000
11010000
11110000
11100000
00100000
00000000

00000000
00000010
00000111
00000111
00000011
00000010
00000000
00000000

00000000
01000000
01000000
01000000
00000000
00000000
00000000
00000000

00000000
00000010
00000110
00000110
00000100
00000000
00000000
00000000

00000100
00001100
00011111
00001111
00001011
00001000
00000000
00000000

11110000
11100000
01100000
00000000
00000000
00000000
00000000
00000000

00000000
00000000
00000100
00001100
00001100
00001111
00001111
00000101

00000000
00000000
00000000
00000010
00000010
00001110
00000011
00000011

00000000
00000000
00000110
00011111
00001111
00000110
00000110
00000000

00000000
00000000
00000000
00000000
00000000
00000000
01100000
00100000

00000000
00100000
01100000
11111000
00010000
00000000
00000000
00000000

00001111
00001001
00000000
00000000
00000000
00000000
00000000
00000000

00000000
00000000
00000000
00000000
00000000
10100000
11110000
10010000

00000000
00000000
00000000
00000100
00000000
00000000
00000000
00000000

00000000
00101000
00111110
00110000
00010000
00000000
00000000
00000000

00000000
00000000
00000000
00000000
11000000
01000000
00000000
00000000

00000000
00000000
10000000
11111000
11110000
11100000
11000000
00000000

00000000
00000000
00000000
00100000
00100000
01100000
01100000
11100000

00000000
00000000
00000000
00001000
00001000
00011000
00001000
00001000

00000000
00000000
00000000
00000000
00111000
00001000
00001000
00000000

00000000
00000000
00000000
10100000
11110000
01100000
00000000
00000000

00000000
00000000
00000000
00000000
00001000
00001100
00111100
01100100

10000000
10000000
11000000
00000000
00000000
00000000
00000000
00000000

00000000
00000000
00000000
00000000
00000000
00000000
00000001
00000011

00001110
00011010
00001000
00000000
00000000
00000000
00000000
00000000

00111100
00011110
00010100
00000000
00000000
00000000
00000000
00000000

00000000
00000000
00000000
00000000
10000000
11100000
00100000
00000000

00000000
01110000
11110000
11100000
00000000
00000000
00000000
00000000

00000000
00000100
00001100
00001110
00001100
00000100
00000100
00000000

00000000
00000000
00000000
00000011
00000001
00000101
00000111
00000100

11111100
01010100
00000000
00000000
00000000
00000000
00000000
00000000

01000000
01000000
11000000
11000000
11000000
11100000
11000000
11000000

00000000
00000000
00000000
00000000
00000000
00000000
00001100
00000000

00000000
00010000
00011000
00011000
00000000
00000000
00000000
00000000

11000000
01110000
11110000
01110000
00011000
00000000
00000000
00000000

00000000
00000000
00000000
00000010
00000110
00000110
00001111
00000111

00000000
00000000
00000000
00000000
00010000
01111000
00000000
00000000

11100000
00000000
00000000
00000000
00000000
00000000
00000000
00000000

00000000
00000000
00000000
00000000
01000000
01000000
11110000
11100000

00000000
00000000
00000000
00000000
00000000
10000000
11000000
00000000

00000000
00000000
00001100
00000000
00000000
00000000
00000000
00000000

00000000
00000000
00100000
00110000
00000000
00000000
00000000
00000000

00000000
00000000
00000000
00000000
00100000
00100000
00110000
00110000

00000000
00000000
00000000
00000000
01000000
01000000
00000000
00000000

00000000
00000000
00000000
00000000
01100000
11000000
11000000
00000000

00000000
00000000
00000000
00000000
01010000
11110000
01100000
00000000

00000000
00000000
00000000
00000000
00000011
00000011
00000010
00000000

00001111
00011111
00000011
00000001
00000000
00000000
00000000
00000000

00100000
00100000
00000000
00000000
00000000
00000000
00000000
00000000

00000000
00000000
00010000
00010000
00000000
00000000
00000000
00000000

00000000
00000000
00000000
00000000
00000000
00000010
00001110
00000000

00000000
00000000
00000000
00000000
00100000
00100000
00000000
00000000

00000000
00000000
00000000
00000000
00000000
00000000
00101101
00111111

00000000
00001100
00011100
01111100
00100000
00000000
00000000
00000000

00000000
00000000
00000000
00000100
00001110
00000111
00000111
00011101

00000000
00000000
00000000
00000100
00000100
00001110
00001111
00111111

00000000
00000000
00000000
00000000
00000000
11100000
11100000
01100000

00000000
00000000
00000000
00000000
00000110
00000100
00000000
00000000

00001011
00001111
00000111
00000001
00000001
00000000
00000000
00000000

01100000
11110000
11100000
11100000
11000000
00000000
00000000
00000000

00000000
00000000
00001100
00001111
00011111
00011111
00000000
00000000

00000000
00000000
00000000
00000000
00011010
00011110
00111100
11100000

11100000
11110000
11100000
10100000
00100000
00000000
00000000
00000000

00000000
00000000
00000000
00000010
00001111
00000101
00000001
00000000

00000000
00000000
00000000
00000000
00000001
00000101
00001111
00011101

00000000
01000000
00000000
00000000
00000000
00000000
00000000
00000000

00000000
00000000
00000000
00000000
11000000
11100100
11111100
01110100

00000111
00000011
00000010
00000010
00000000
00000000
00000000
00000000

00000000
00000000
00000000
00000000
00000000
00100000
00000000
00000000

11100000
11110000
11100000
11100000
11000000
00000000
00000000
00000000

00000000
01001000
01111000
11110000
11100000
00000000
00000000
00000000

10111000
11111100
11100000
01100000
00000000
00000000
00000000
00000000

00000000
00000000
00100000
01100000
11110000
11011100
10010000
10000000

00000000
00000000
00000000
00000011
00000111
00000101
00000100
00000100

00000000
00000110
00000100
00000000
00000000
00000000
00000000
00000000

00000000
00000000
00000000
00000000
00100000
01110000
00110000
00111100

00000000
00000000
00000000
00000000
00000000
00000111
00001110
01111000

00000000
00000000
00000000
00000000
11000000
11000000
01000000
11110000

00111100
00011100
00001100
00000000
00000000
00000000
00000000
00000000

00000000
00000000
00000001
00000001
00000011
00000010
00000000
00000000

00011100
01111000
01110000
00110000
00010000
00000000
00000000
00000000

00001100
11111000
00010000
00000000
00000000
00000000
00000000
00000000

00000000
00000000
00000000
00000011
00000110
00000010
00000011
00000001

00000000
00000000
00000000
00000000
00100000
00111110
00011110
00001110

00000000
00001000
00001100
00000111
00011100
00010100
00010100
00000000

00000000
00000000
00000000
00000000
01110000
11111000
01111000
00011000
