10000000010000000000000000000001
00000000000000000000000000000101
00010000000100000000000000000001
00000000000000000000000000000001
00000000000000001000000000000001
00000000000000000000000000000001
00000000000000000000000000001001
00000000000000000000000000000001
00000000000000000000000000010011
00000000000100110000000000000001
00000000000000000000000000000001
00000010000000000000000000000001
00000000000000000000000000000001
10000000000000000000000000001001
00000000000000010000000100000001
00100000000000000001000000000001
00000000000000000000000000000001
00001000000100101000000000000001
00000000000000000000001000010001
00001000000000000000010000000001
00000000000000100000000000000001
00000001000000000000000000000001
00000000100010100000000000000001
00000000000000000000010010000001
00000000000000000000000000000001
00001000000000000000000000000001
00000000000000000000000000010001
00000000000100000000000000000001
00000000001000000000000000000001
00001000001000100000010000000001
00000100000000100000000001000011
01000000000000000000000000000001

178
00000000
00000000
00000000
00000001
00000000
00000000
00000000
00000000

00000000
00000001
00000011
00000001
00000000
00000000
00000000
00000000

00000000
00000000
00000000
00000000
00000000
00000000
00001100
00011110

00000000
00100000
11111000
01110000
00100000
00000000
00000000
00000000

00000000
00000000
00000000
00000000
00000110
00001110
00000111
00000111

01100000
11110000
10110000
00100000
00000000
00000000
00000000
00000000

00000000
00000000
00000000
01100000
00100000
11110000
10100000
10000000

00000000
00000000
00000000
00000001
00000001
00000011
00000001
00000000

11000000
01100000
00000000
00000000
00000000
00000000
00000000
00000000

00011111
00001111
00000100
00000100
00000000
00000000
00000000
00000000

11000000
11100000
10000000
10000000
00000000
00000000
00000000
00000000

00000000
00000000
00000000
00000000
00000000
00000000
01000000
00000000

00000000
00000000
00000000
00000000
00000000
00000000
00000000
00100000

00000000
00000000
00000000
00000000
00000001
00000001
00000111
00000111

00000000
00000000
00000000
00000010
00000010
00001111
00001111
00001111

00000000
00000000
00000000
00000000
00110000
11110000
11110000
11100000

00000100
00001100
00000110
00000110
00000100
00000000
00000000
00000000

00000000
00000000
00000000
00000011
00000000
00000000
00000000
00000000

00000000
00000000
00000000
01001000
01011100
01111110
01110000
00100000

00110000
11111000
01101000
00000000
00000000
00000000
00000000
00000000

00000000
00000000
00000000
00000000
00000000
01111000
00000000
00000000

00001000
00011110
00011100
00001100
00000100
00000000
00000000
00000000

00000001
00000111
00000111
01111111
00000010
00000000
00000000
00000000

00000000
00000000
00000000
00000011
00000011
00011111
00001111
00000111

00000011
00001111
00011111
00010001
00000000
00000000
00000000
00000000

00000000
10101110
11111100
00010000
00010000
00000000
00000000
00000000

01000000
11100000
11000000
00000000
00000000
00000000
00000000
00000000

00000000
00001110
00011111
00010110
00000010
00000000
00000000
00000000

00000000
00000100
00000110
00000100
00000000
00000000
00000000
00000000

00000000
00000000
00000000
00000000
00000000
00000000
01100000
01000000

00000000
00000011
00000011
00000000
00000000
00000000
00000000
00000000

00000000
00000000
00000000
00000000
00000000
00000000
00000000
00010000

00000000
00000000
00000000
00000000
01111100
01100000
01100000
11110000

00000000
00000000
00000000
00000001
00101011
01111110
00011100
00001000

00000000
00000000
00000000
00000000
01000000
11000000
11000000
11100000

01100000
01100000
11100000
10100000
10000000
00000000
00000000
00000000

00000000
00000000
00000000
00000000
00000000
00000000
00000000
00000110

00000000
00010000
00011111
00000000
00000000
00000000
00000000
00000000

00000000
00000000
00000000
00011000
00010000
00000000
00000000
00000000

01110000
01110000
01110000
11010000
00011000
00000000
00000000
00000000

00100000
00110000
11111000
11100000
01000000
11000000
00000000
00000000

00000000
00000000
00000000
00000000
00000000
10100000
11100000
11100000

11101000
11111100
00011100
00010000
00000000
00000000
00000000
00000000

00000000
01100000
11111100
00111100
00110000
00010000
00000000
00000000

10111000
11100000
10000000
11000000
11000000
01000000
00000000
00000000

00000000
00000000
00000000
00100000
00100000
01110000
00010000
00000000

00000000
01000000
11100000
00000000
00000000
00000000
00000000
00000000

00000000
00000000
00000000
00000000
00000000
01000000
11100000
11000000

00100000
01100000
01100000
00000000
00000000
00000000
00000000
00000000

00000000
00000000
00000000
00000000
00000000
01110000
11111000
11100000

00000000
00010000
00011000
00011000
00000000
00000000
00000000
00000000

00000000
00000000
00010000
10010000
11110000
10100000
00100000
00000000

00000000
00000000
00000000
00000000
00000000
00000111
00000000
00000000

00000000
00000000
00000000
01000000
01000000
11100000
11110000
01010000

00000000
00000000
00000000
00000000
00001101
00001101
00000111
00000100

00000000
00000000
00001000
00001000
00111000
00010000
00010000
00010000

00000000
00000000
00000000
01100000
11000000
00000000
00000000
00000000

00000000
00000001
00011111
00010010
00000000
00000000
00000000
00000000

00000000
00000000
00000000
00000000
00000000
00001110
00011111
00011101

00000010
00000010
00000110
00000000
00000000
00000000
00000000
00000000

00000000
00000011
00000011
00001011
00001110
00000000
00000000
00000000

00000000
10110100
11111100
10000100
00000000
00000000
00000000
00000000

01000000
11100000
01110000
11110000
01100000
00100000
00000000
00000000

00000000
00000000
00000000
00000000
00000000
00101000
11111100
11111100

00000000
00000000
01000000
00000000
00000000
00000000
00000000
00000000

00000000
00000000
00000000
00000000
10000000
00000000
00000000
00000000

00000000
00000000
00000110
00000000
00000000
00000000
00000000
00000000

01000000
11000000
01000000
01000000
00000000
00000000
00000000
00000000

00000000
00000000
00000000
00000000
00000000
00100000
00000000
00000000

00000000
00000000
00000000
00000011
00000001
00000111
00000111
00000111

01100000
11100000
10000000
00000000
00000000
00000000
00000000
00000000

00111100
00111000
11110000
01000000
00000000
00000000
00000000
00000000

00000000
00000000
00000000
00000000
00000000
01110000
11110000
11111000

00000000
00000000
00000000
00000000
01000000
11111000
11000000
10000000

11110000
11100000
11000000
11000000
01000000
01000000
00000000
00000000

00000000
00010100
00111100
11111100
00010000
00000000
00000000
00000000

00000000
00000000
00000000
00000000
00000000
00000000
10000000
11111100

00000000
00000000
00000000
00000100
00011100
00001100
00001110
00000100

00000000
00000000
00000000
00000000
10000000
11000000
11000000
01111100

00000000
00000000
00000000
00100000
00110000
00111000
00011100
01110000

00011000
00001000
00001000
00000000
00000000
00000000
00000000
00000000

00000000
00000000
00000000
00000000
00000000
00100000
01110000
01111100

00000000
00000000
00000000
00000000
00000000
00001000
00011000
00001100

11110100
11110100
00111100
00100000
00000000
00000000
00000000
00000000

00000000
00000000
00000000
00000000
00000000
00000001
00000011
00000011

00000000
00000000
00000000
00000000
00000100
00000111
01101110
01111111

00000000
00000000
00000000
00000000
00000000
00001100
00000110
00000000

00000000
00000000
00000000
00000001
00000011
00001111
00011111
00001111

00000000
00000000
00000100
00011110
00011000
00000000
00000000
00000000

00000000
00011100
00001100
00000000
00000000
00000000
00000000
00000000

00000000
00000000
00000000
00000000
00000000
00000001
00000001
00000000

00000000
00000000
00000000
00000000
11100000
01100000
11100000
01000000

00000000
00000000
00000000
00000100
00000000
00000000
00000000
00000000

00000000
00000000
00000000
01000000
11100000
11110000
01110000
11110000

00000000
00000000
00000000
00000000
10000000
11000000
01100000
00000000

00000000
00000000
00000000
00000000
00000000
00011000
00001000
00001000

00000000
00000000
00000000
11100000
10000000
00000000
00000000
00000000

00000000
00000000
00000000
00000000
00001001
00011111
00001110
00000100

00000000
00000000
00000000
00000001
00000111
00000110
00000011
00000011

00000110
00011110
00000000
00000000
00000000
00000000
00000000
00000000

00000000
10110000
10111000
11100000
01100000
11100000
00100000
00000000

00000000
00001000
00111100
00001100
00000000
00000000
00000000
00000000

00000000
00000000
00000000
00111100
00110110
00000110
00000010
00000000

00000000
00000000
00000000
00000000
00000000
00000000
00000111
00000011

00000111
00000011
00000001
00000000
00000000
00000000
00000000
00000000

00000000
00000000
00000000
10000000
10000000
11000000
11100000
11111000

00000001
00000001
00000011
00000010
00000010
00000000
00000000
00000000

00011100
00001100
00000000
00000000
00000000
00000000
00000000
00000000

00000011
00000000
00000000
00000000
00000000
00000000
00000000
00000000

00000000
00000000
00000000
00000000
00000000
00011000
01111100
00000000

00000000
00000000
00000000
00000000
00000000
00000000
00000000
00000010

10000000
11110000
11000000
10000000
00000000
00000000
00000000
00000000

00000000
00000000
00000100
00000110
00000111
00001111
00000111
00000010

00000000
00000000
00000000
00000000
00001000
00001010
00111110
00011111

00000000
00001100
00011000
00110000
01100000
00100000
00000000
00000000

00000000
00000000
00000000
00000000
00000000
11000000
01000000
00000000

00000000
00100000
01100000
11000000
10000000
10000000
00000000
00000000

00000000
00000000
00000001
00000001
00001001
00001111
00001010
00000000

00000000
00000000
00100100
01101100
00111100
00011000
00000000
00000000

00000000
00000000
00000000
00000000
00000000
00000001
00000011
00000000

00000000
00000000
00000000
00000000
10000000
11000000
00000000
00000000

00000000
00000000
00000100
00000100
00000111
00000111
00000000
00000000

00000010
00011110
00001111
00000100
00000000
00000000
00000000
00000000

11000000
11000000
11100000
01100000
00100000
00000000
00000000
00000000

00000011
00000111
00000111
00000111
00000110
00000000
00000000
00000000

00000000
00000000
00000000
00000000
00110000
00000000
00000000
00000000

00000000
00000000
00000000
00000000
00000101
00000111
00000111
00001111

00000000
00000110
00000000
00000000
00000000
00000000
00000000
00000000

11110000
01100000
01000000
11000000
00000000
00000000
00000000
00000000

00000000
00000000
00000000
00101000
00111000
00110000
00110000
00000000

00000000
00000000
11000000
11000000
11110000
11000000
10000000
10000000

00000000
00000000
00011000
00111100
00111100
00101110
00001000
00000000

00000000
00000000
00000000
00000011
00000111
00001111
00001111
00000111

00111111
00001111
00001111
00000100
00000000
00000000
00000000
00000000

10000000
10000000
00000000
00000000
00000000
00000000
00000000
00000000

00000010
00000010
00011111
00000111
00000111
00000110
00000000
00000000

00000000
00000000
00000000
00000000
00000100
00000100
00001100
00000100

00000110
00000010
00000010
00000000
00000000
00000000
00000000
00000000

00000000
00000000
00000000
10000000
11111000
10100000
10100000
00000000

00000000
00000000
00000000
00000000
00001100
00000110
00000100
00000000

01000000
01100000
00000000
00000000
00000000
00000000
00000000
00000000

00001101
00111111
00111110
00010010
00000000
00000000
00000000
00000000

00000000
11000000
11110000
11010000
10000000
00000000
00000000
00000000

11111000
00111000
00001100
00000000
00000000
00000000
00000000
00000000

00000000
00000000
00000000
00000000
00001101
00001101
00000111
00000111

00000000
00000000
00000000
00000000
10101000
11111000
11000000
11000000

00000000
00000000
01000000
11000000
00000000
00000000
00000000
00000000

00010000
00010000
00000000
00000000
00000000
00000000
00000000
00000000

00000001
00000011
00000111
00111110
00011010
00000000
00000000
00000000

00000000
00000000
00000000
00000000
00000010
00000000
00000000
00000000

00001111
00000110
00000100
00000000
00000000
00000000
00000000
00000000

00000000
00000000
00000000
00000000
00000000
00110000
00000000
00000000

11111000
11110000
11010000
01000000
00000000
00000000
00000000
00000000

00000000
00000000
00000000
00000000
00000000
00100000
11100000
01100000

00000000
00000000
00000000
00000000
00000000
00000000
11100000
11000000

00111101
00011111
00000110
00000000
00000000
00000000
00000000
00000000

00000000
00000000
00000000
00000000
00010010
00011111
00011011
00011001

00000000
00000000
00000000
00000000
00000001
00000011
00001111
00000111

00000000
00000000
00000000
00000000
11110000
11000000
00000000
00000000

00010000
00000000
00000000
00000000
00000000
00000000
00000000
00000000

00000000
00000000
00000000
00000000
00000000
00000000
00100000
00110000

00000000
00000000
00000000
00000000
00000000
00000000
00000000
00100000

00000000
00000000
00000000
01100000
11111100
11110000
11100000
00000000

00000000
00000000
00000000
00000000
00010000
00111000
01100000
01110000

00000000
00000000
00000000
00000000
00000100
00001111
00001111
00000111

00000000
00000000
00000000
11110000
00110000
11110000
01111000
00100000

00000110
00100110
00111111
00000011
00000010
00000000
00000000
00000000

00000000
00000000
00000000
00000000
00000011
00000111
00000110
00000000

00000000
00000000
00000000
11110000
01110000
01110000
00000000
00000000

00000000
00000000
00000000
00000000
00000100
00001110
00001110
00111100

11000000
11100000
10000000
00000000
00000000
00000000
00000000
00000000

00000000
00000000
00000000
00000000
00000000
00010000
00111000
00111100

00000000
00000000
00000001
00000000
00000000
00000000
00000000
00000000

00010000
00011000
00010000
00000000
00000000
00000000
00000000
00000000

00000000
00000000
00000000
00010000
00110000
00110000
11111000
01011000

00000000
00000000
00000000
00000000
00000000
11111100
01111100
01010000

00000000
00000000
00000110
00000000
00000000
00000000
00000000
00000000

00000000
00000000
00000000
00000100
00001111
00001100
00001000
00000000
