00000000000000000000000000111111
01000000000000011000010000111111
00001000000000001000000000111111
00000000011000000000000000111111
10000001001000000000000000111111
00000000000000000000000000111111
10010000000000010000000000111111
00000000000000000010000000111111
00000100000000010000001000111111
00000000000000000000000000111111
00000000000000000000000000111111
00000000000000000000000000111111
00000000000000000000000000111111
00000010100000000000000010111111
00000000000000000000000000111111
01000000001000000000000000111111
00000000000100000000000000111111
00000000000000000000000000111111
00000000000000000000000000111111
00000000000000000000000000111111
00010100000000000000001000111111
00000000000000000000000010111111
00000010000000000011100000111111
10000000000000000000000000111111
00000000000000000000000011111111
11111111111111111111111111111111
11111111111111111111111111111111
11111111111111111111111111111111
11111111111111111111111111111111
11111111111111111111111111111111
11111111111111111111111111111111
11111111111111111111111111111111

182
00000000
00000000
00000000
00000010
00000000
00000000
00000000
00000000

00001010
00011111
00001100
00000000
00000000
00000000
00000000
00000000

00000000
00000000
00000000
00000000
01110000
00111000
00011000
00000000

00000000
00000000
00000000
00000000
00010000
00110000
11110000
11100000

00000000
00000000
00000000
00000000
00000000
00000000
10100000
11110000

00000000
00000000
00001000
00001111
00011111
00011101
00010000
00010000

00000000
00000000
00000000
00000000
00000000
01000000
01100000
11000000

00000000
00000000
00000000
00000010
00000010
00001111
00001111
00001110

00000000
00000000
00000000
00000000
00011000
00000000
00000000
00000000

00000000
00000000
00000000
01000000
00000000
00000000
00000000
00000000

00000000
00000000
00010000
11110000
01011000
00000000
00000000
00000000

11111111
00101110
00001100
00000000
00000000
00000000
00000000
00000000

10100000
11110000
11100000
10000000
10000000
00000000
00000000
00000000

00000000
00000000
00000000
10000000
00000000
00000000
00000000
00000000

00110000
00110000
00000000
00000000
00000000
00000000
00000000
00000000

00000000
00000000
00000000
00000000
00000000
00000000
00000110
00000011

00000000
00001111
00000110
00000111
00000011
00000001
00000000
00000000

00000000
00000000
00000000
00000000
00100000
00110000
00000000
00000000

00000000
00000000
00000000
00000001
00000101
00011111
00001111
00000111

00000000
00000000
00000000
00010000
00000000
00000000
00000000
00000000

00000000
00000000
00000000
00000000
00000000
00000000
11000000
01110000

11000000
11110000
11110000
10110000
00000000
00000000
00000000
00000000

00000011
00000001
00010111
00011111
00000010
00000010
00000000
00000000

00000000
00000000
00000000
00000000
00000000
00011000
00010000
00000000

00000000
00000000
00000000
00010000
00110000
01110000
11111100
11101000

00000000
11000000
01100000
11110000
01110000
00010000
00010000
00010000

00000000
00000000
00000000
00010000
00011000
00000000
00000000
00000000

00000000
00000000
00000000
00000000
00000000
00000111
00000111
00000111

00000000
00000000
00000000
00000011
00000010
00000111
00000011
00000001

00000000
00000000
00000000
00000010
00000010
00001110
00000010
00000000

00000000
00000000
00000000
00000110
00000100
00000100
00000100
00000000

00000000
00000000
00000000
00000000
00011100
00001100
00001110
00001000

00000000
00000000
00000000
00000000
00000000
01100000
00000000
00000000

00000000
00000000
00000000
00000000
00100000
01100000
01000000
00000000

00000000
00000000
00000000
00000000
00010100
00111100
00000100
00000100

00000000
00000000
00000000
10000000
11010000
11111100
11110000
10100000

00000000
00000000
00000000
00000000
00000000
00000000
00000110
00000000

00000000
00000100
00000100
00000000
00000000
00000000
00000000
00000000

00000000
00000011
00001111
00011111
00000110
00000100
00000000
00000000

00011000
00010000
00110000
00100000
00000000
00000000
00000000
00000000

00000000
00000000
00000000
00011000
00111000
00011000
01110000
00110000

00000000
00000000
00000000
00001000
00011000
00011111
00001100
00001100

00000000
00000000
00000000
00011000
00000000
00000000
00000000
00000000

00000000
00000000
00000000
00000010
00000110
00001111
00000111
00000101

00000000
00000000
00000000
00000000
11100000
11100000
11110000
11000000

00100000
00000000
00000000
00000000
00000000
00000000
00000000
00000000

00000000
00000000
00000000
00000001
00000001
00011111
00001111
00000011

00000110
00001100
00000000
00000000
00000000
00000000
00000000
00000000

00001100
00001100
00011100
00111100
00011000
00011000
00001000
00000000

00011000
00111110
00100110
11110010
00000000
00000000
00000000
00000000

00000001
00000001
00000000
00000000
00000000
00000000
00000000
00000000

00011110
01111111
00011101
00000001
00000000
00000000
00000000
00000000

00000000
00000000
00000000
00000011
00000010
00000000
00000000
00000000

00000000
00000000
00000000
00100000
01100000
00000000
00000000
00000000

00000000
00000000
00001100
00011110
00000100
00000000
00000000
00000000

00000000
00000000
00000000
00000000
00000000
00000000
00010010
00111110

00000000
00000000
00001000
00001110
00011111
00111110
00000000
00000000

00000000
00000000
00000000
00000000
01000000
11100000
10000000
00000000

00011100
00011000
00011000
00001000
00000000
00000000
00000000
00000000

00000000
00000000
00000000
00000000
00001000
00011111
00011111
00001011

00000000
00000000
00000000
00001100
00001100
00000000
00000000
00000000

00000001
00001101
00001111
00001001
00001101
00000000
00000000
00000000

00001000
00111000
00101000
00000000
00000000
00000000
00000000
00000000

00000000
00000000
00000000
00000000
00000111
00000000
00000000
00000000

00011111
00011011
00011001
00000000
00000000
00000000
00000000
00000000

00000000
00000000
00000000
01100000
00111100
00110000
00110000
00110000

00000000
00000000
00000000
00000000
00111000
00011000
00011100
00001100

00000000
00000000
00000000
00000000
00000010
00001110
00000010
00000000

00000000
00000000
01110000
00100000
00000000
00000000
00000000
00000000

01100100
00111100
00011000
00010000
00000000
00000000
00000000
00000000

00000000
00000000
00000000
00001110
00111100
00011100
00011000
00010000

01101111
00111101
00110001
00100000
00000000
00000000
00000000
00000000

11111000
11100000
01110000
00100000
00100000
00000000
00000000
00000000

00000000
00000000
00000000
00000100
00000100
00000100
00101100
00111110

00000000
00000000
00000000
00000000
00000000
01110000
11000000
00000000

00001000
00011100
00000000
00000000
00000000
00000000
00000000
00000000

00011111
00110111
00010110
00000000
00000000
00000000
00000000
00000000

01111100
00111110
00101010
00101000
00000000
00000000
00000000
00000000

00000000
01100000
01100000
01111000
00010000
00000000
00000000
00000000

00000000
00000000
00000000
00000000
00100001
00100111
00111110
00001110

00000000
00000000
00000011
00000001
00000000
00000000
00000000
00000000

00000000
00000000
00000000
00000000
00000000
00000110
00000000
00000000

00000000
00000000
00000000
00000000
01000000
01000000
00000000
00000000

00000000
00000000
00000000
00000000
00001000
00001110
00011110
00000010

00000000
00001100
00001111
00001111
00000111
00000110
00000000
00000000

00000001
00000111
00000001
00000001
00000000
00000000
00000000
00000000

01000000
11000000
11110000
01110000
01000000
00000000
00000000
00000000

00000000
00000000
00000000
00011000
00000000
00000000
00000000
00000000

00000000
00000000
00000000
00000000
00000111
00001111
00000111
00011111

11000000
11000000
00000000
00000000
00000000
00000000
00000000
00000000

00000000
00000000
00000000
00000000
00011000
00011110
00000110
00000100

00011110
00001000
00000000
00000000
00000000
00000000
00000000
00000000

00000000
00000000
01000000
11000000
01100000
11111000
00100000
00000000

00000000
00000000
00000000
00000011
00000011
00000001
00000001
00000000

00000000
00000000
00000000
00000000
00000000
10000000
00000000
00000000

00000000
00000000
00000000
00000001
00000001
00101101
00100111
00111111

00000000
00000000
00000000
00000000
00000000
00100000
01101111
01111000

00000000
00001111
00000001
00000000
00000000
00000000
00000000
00000000

11000000
01000000
00000000
00000000
00000000
00000000
00000000
00000000

00000000
00000000
00000000
00000000
00000000
00000000
00110000
00100000

00000000
00000000
00000000
00000000
00000000
00000000
00100000
00111000

00011111
00001111
00000100
00000000
00000000
00000000
00000000
00000000

00000000
00000000
00000000
00000000
00000000
10000000
10000000
11100000

00000111
00000100
00001111
00000111
00000001
00000000
00000000
00000000

01111000
01111000
00001100
00001000
00000000
00000000
00000000
00000000

10000000
11111000
00001000
00000000
00000000
00000000
00000000
00000000

00000000
00000000
00000000
00011100
00111100
00011100
00010000
00000000

00000110
00000111
00000110
00000010
00000000
00000000
00000000
00000000

00000000
11100000
01110000
00100100
11111100
00000000
00000000
00000000

00000000
00000011
00000011
00000010
00000000
00000000
00000000
00000000

00000000
00000000
00000000
00000000
00000000
00000000
00000000
01000000

00000111
00011111
00001111
00001101
00000100
00000000
00000000
00000000

00000000
00000000
00000000
00011110
00111100
00111000
00100000
00000000

00000000
00000000
00000000
00000000
01000000
01000000
11110000
00010000

11100000
10000000
11000000
11000000
10000000
10000000
00000000
00000000

00000110
00000000
00000000
00000000
00000000
00000000
00000000
00000000

00111000
00001000
00000000
00000000
00000000
00000000
00000000
00000000

11111111
00111111
00000011
00000000
00000000
00000000
00000000
00000000

00000111
00000110
00000000
00000000
00000000
00000000
00000000
00000000

00011111
00000111
00000101
00000000
00000000
00000000
00000000
00000000

00000000
00000000
00000000
10000000
10000000
11000000
11000000
11110000

00000000
00000000
00000000
00000000
10000000
11100000
11100000
00000000

00000000
00000000
00000000
00000000
00000100
00000110
00010111
00011111

00000000
00000000
00000000
00010000
00111100
01111100
00000100
00000000

00000010
00000010
00000011
00000000
00000000
00000000
00000000
00000000

00000000
00000000
00000000
00001100
00000000
00000000
00000000
00000000

00000000
00000000
00000000
10100000
11100000
11000000
00000000
00000000

01111000
01110000
01000000
00000000
00000000
00000000
00000000
00000000

00011111
00111000
00110000
00100000
00000000
00000000
00000000
00000000

00111100
00111100
11100000
00100000
00000000
00000000
00000000
00000000

00000000
00000000
00000000
00000000
00000011
00000010
00001110
00000111

00000000
00000000
00000000
00000000
00000000
01100000
11100000
11100000

00001100
00011111
00001000
00000000
00000000
00000000
00000000
00000000

00000000
00000000
00000000
00000000
00000000
00000000
00000110
00001111

00000100
00001100
00000100
00000100
00000000
00000000
00000000
00000000

00000000
00000000
00000000
00000001
00000011
00000111
00000001
00000001

00000000
00000000
00000000
00110000
00000000
00000000
00000000
00000000

00000000
00000000
00000000
00000100
00000100
00001100
00000100
00000000

00011000
00001000
00011100
11110100
00000100
00000000
00000000
00000000

00000000
00000000
00000000
00000010
00000110
00000110
00001100
00001100

00000000
00001000
00000000
00000000
00000000
00000000
00000000
00000000

00000000
00000000
00000010
00011110
00000111
00000110
00000010
00000010

00000000
00000000
11000000
00000000
00000000
00000000
00000000
00000000

00001000
00001000
00001100
00000000
00000000
00000000
00000000
00000000

00000000
00000000
10111000
11100000
01100000
01100000
01000000
00000000

00011110
00111111
00001101
00000000
00000000
00000000
00000000
00000000

00110000
00100000
00000000
00000000
00000000
00000000
00000000
00000000

00000000
00000000
00000000
00000000
01100000
01111000
00000000
00000000

00000000
00000000
00000000
00000000
00000000
00001100
00111000
00000000

11111000
01111000
01111000
01000000
00000000
00000000
00000000
00000000

00000000
00000000
00000000
00000100
00000100
00001100
00011110
00001110

00000000
11100000
01000000
01000000
00000000
00000000
00000000
00000000

00000000
00000000
00000001
00001011
00001111
00001111
00000000
00000000

11111000
01111000
00100000
00000000
00000000
00000000
00000000
00000000

00000000
00000011
00000011
00000000
00000000
00000000
00000000
00000000

00000000
01000000
01010000
11110000
01110000
01100000
00000000
00000000

00000000
00000000
00000000
00000000
00000011
00000001
00000111
00000001

00000000
00000000
00000000
00000000
00000000
00000000
00000000
10000000

00000000
00000000
00000000
00000000
00000000
00000000
00010000
01110000

00000000
00000000
00000000
00000000
01000000
11001000
11111000
11100000

00000000
00000000
00000000
00010000
01110000
00000000
00000000
00000000

00000000
00000001
00000001
00000001
00000001
00000011
00000011
00000001

00000000
00000000
00000000
01000000
01100000
01111100
11100000
11100000

00000000
00000000
00000010
00001111
00111111
00011000
00010000
00000000

00000000
00000000
00000000
00000010
00000010
00000000
00000000
00000000

00001111
00000101
00000100
00000100
00000000
00000000
00000000
00000000

01000000
01100000
11110000
11000000
11000000
11000000
11000000
00000000

00000000
00000000
00000000
00000000
11000000
01000000
11000000
01000000

00000000
00000000
00000000
00000000
00100000
01100000
11100000
11110000

00000000
00000000
00000000
00000110
00000110
00000010
00000000
00000000

00000001
00000101
00000111
00000011
00000011
00000000
00000000
00000000

00000000
00000000
00000000
00000000
00000100
00000100
00000000
00000000

00110011
00011011
00001111
00000100
00000000
00000000
00000000
00000000

00000000
00000000
00000000
00000000
00000000
00000000
00000001
00000000

00000000
00000000
00000000
01000000
01100000
11100000
11100000
00000000

00000011
00000111
00000111
00000010
00000000
00000000
00000000
00000000

00000000
00000000
00000000
00000000
01000000
11000000
10000000
00000000

00000000
00000000
00000000
00000001
00000111
00000111
00000111
00000001

00000000
00000000
00000000
10000000
10000000
11000100
11001100
11111000

00001100
00111100
00001111
00001100
00000111
00000100
00000000
00000000

00000000
00000000
00000001
00001011
00001111
00001110
00001110
00000110

00000000
00000000
00011000
00011111
00001000
00001100
00000100
00000100
