00000000000000001000000111111111
00000000000000000000000111111111
00000000000000000000000111111111
00000000000000000000001111111111
00000000000000000000000111111111
00000000000000000000000111111111
00000000000000000000100111111111
00000000010000000001000111111111
00100001000000000000001111111111
00000000000000000000010111111111
00001000001000000000000111111111
01000100000000000000000111111111
00000010000000000000000111111111
00000010000000000000000111111111
00100000000000000000001111111111
00000000000000000000000111111111
00000000000000000000000111111111
00000000000010000000000111111111
00000100000001000000000111111111
00000000000000000000000111111111
00000000100000010000000111111111
00000000000000000000000111111111
00000000000000000000000111111111
00000000000000000001000111111111
00000000000000000000000111111111
00000000000000000000000111111111
10000011000000000100010111111111
11111111111111111111111111111111
11111111111111111111111111111111
11111111111111111111111111111111
11111111111111111111111111111111
11111111111111111111111111111111

165
00000000
00000000
00000000
00000000
00011000
01110000
01100000
00100000

00000000
00000000
00000000
00000000
00000000
00001100
00000000
00000000

00011100
01111111
01000111
00000100
00000100
00000000
00000000
00000000

00000000
00000000
00000000
00000000
00000000
00000000
00000000
00000011

00000000
00000000
00000000
00000000
00000000
00000000
00000100
00000100

00000000
00000000
01000000
00000000
00000000
00000000
00000000
00000000

00000000
01000000
01000000
11111000
01100000
11110000
00000000
00000000

00000000
00000000
00000000
00000000
00011000
11111000
00011110
00001000

00000000
00000000
00000000
10000000
11000000
00000000
00000000
00000000

00000000
00000000
00000000
00000000
00000000
00001111
00011111
00000111

00000000
00000010
00000011
00000111
00000110
00000000
00000000
00000000

00000000
00000000
00000000
11100000
11110000
01100000
00000000
00000000

00000000
00000000
00000000
00000000
00010000
00011000
00111100
00011000

00000000
00000000
00000000
01110110
01111100
01101000
00001000
00000000

00111110
01111100
01011100
00011000
00000000
00000000
00000000
00000000

00000000
00000000
00000000
00000000
00011100
00010000
00111000
01101000

00000000
00000000
00000000
01010000
01110000
01110000
11110000
10110000

00000000
00000000
00000000
00010000
00111110
11111000
00010000
00000000

00000000
00110000
00010000
00000000
00000000
00000000
00000000
00000000

00100000
01110100
11111100
00111000
00000000
00000000
00000000
00000000

11110000
11010000
01000000
00000000
00000000
00000000
00000000
00000000

00000000
00000000
00011100
00011100
00001100
00000000
00000000
00000000

00000000
00000000
00000000
00000000
00000000
00000001
00001111
00000011

11110000
10000000
00000000
00000000
00000000
00000000
00000000
00000000

00000000
00000000
00000000
00000000
00000000
00000000
01000000
00000000

00000000
00000000
00000000
00000000
00000001
00000001
00000001
00000000

00000000
00000000
00000000
00000000
11100000
11100000
11110000
11010000

00000000
00000000
00000000
00000000
00000100
00000110
00000011
00000001

00000111
00000001
00000001
00000001
00000000
00000000
00000000
00000000

00000000
00000100
00001110
00000100
00001100
00011000
00010000
00010000

00000000
00000000
00000000
01000000
01000000
00000000
00000000
00000000

00000000
00000000
00000000
00000000
00001000
00111100
00010000
00000000

00000000
00000000
00000000
00000000
00010000
00011000
01111110
01111110

00000000
00000000
00000000
00000000
00000000
01000000
00000000
00000000

00000000
00000000
00000000
00000000
00000000
00000000
00000100
00000000

00000000
00000000
00000000
00000000
00000000
00000000
11000000
11000000

00011100
00010110
00010000
00011000
00010000
00000000
00000000
00000000

00000000
01000000
00000000
00000000
00000000
00000000
00000000
00000000

00000000
00000000
00000000
00000000
00000000
00000000
10100000
11110000

00000000
00100000
00100000
00000000
00000000
00000000
00000000
00000000

00000000
00000100
00000100
00000111
00001111
00000111
00000001
00000001

00000000
00000000
00000000
01110000
00100000
00000000
00000000
00000000

00000000
00000000
00000000
00000000
01000000
01000000
11111100
11111110

00000000
00000000
00000000
00000000
00101000
00111110
00111110
00000100

00000000
00000000
01000000
01000000
00000000
00000000
00000000
00000000

00000000
00000000
00000000
00000000
10000000
10000000
11000000
11100000

00000000
00000000
00000000
00000000
00000000
00000011
00000110
00000011

00000000
00000000
00000000
00000000
00000000
00000000
01100000
00000000

00000000
00000000
00000000
00000000
00011000
00001000
11101110
11111110

00000000
00000000
00000000
00000000
00000000
00000001
00000000
00000000

00000000
00000000
00000000
11000000
01000000
11000000
10010000
11110000

11000000
10000000
00000000
00000000
00000000
00000000
00000000
00000000

00000000
00000000
00001000
00001000
00000000
00000000
00000000
00000000

00111000
01101110
01001110
00000010
00000000
00000000
00000000
00000000

00010000
00111100
00100000
01100000
01111000
00100000
00100000
00100000

00000000
00000110
00000111
00000111
00000011
00000001
00000000
00000000

00000000
00000000
00000001
00000001
00000011
00000111
00000011
00000000

00000000
00000000
00000000
00000000
00001000
00001011
00011111
00001111

00000000
00000000
00000000
00000001
00000001
00000001
00000000
00000000

00000000
00000000
00000010
00000011
00000111
00000110
00000000
00000000

00000000
00000000
00000000
10000000
11000000
10000000
10000000
00000000

00000000
00000000
00000000
00000000
00000000
01111100
01111000
01100000

01000000
11000000
11110000
11000000
10000000
00000000
00000000
00000000

01000000
11000000
11100000
11111000
01010000
00000000
00000000
00000000

00000000
00000010
00000110
00011100
00000000
00000000
00000000
00000000

00000000
00000000
00000000
01000000
01000000
11000000
11110000
11111100

00000000
00000000
00000000
00000000
10000000
10000000
11000000
10000000

00000000
00000000
00000000
00000000
00000000
00101000
00111110
00001111

00000000
00000000
00000000
00111000
01101000
11100000
00000000
00000000

00000000
00000000
00110000
11110000
00000000
00000000
00000000
00000000

00000000
00000000
00000000
00000000
00000000
00000000
00000001
00000001

00000000
00000000
00100000
01111100
00111000
00001000
00000000
00000000

01111111
00111111
00001000
00000000
00000000
00000000
00000000
00000000

00000000
11000000
11100000
11100000
11100000
10100000
00000000
00000000

00000011
00000011
00000001
00000001
00000001
00000000
00000000
00000000

00000000
00000000
00000000
00000000
00110000
00000000
00000000
00000000

00000000
00000111
00000011
00001111
00000110
00000000
00000000
00000000

00000000
00000000
00000000
00000000
00000001
00001011
00001111
00000111

00000000
00110000
10110000
11100000
10000000
00000000
00000000
00000000

00000000
00000000
00000000
00000010
00000011
00000111
00011111
00000111

00011010
00011111
00001000
00000000
00000000
00000000
00000000
00000000

00000000
00000000
00000000
00000000
00000000
00000000
00000111
00001111

00000000
00000000
00000000
00000000
00000000
00000000
00000110
00001110

00000000
00000000
00000000
00011100
00000000
00000000
00000000
00000000

01111110
00111100
00011100
00001100
00001000
00000000
00000000
00000000

00100000
00110000
01110000
01110000
00100000
00000000
00000000
00000000

00000000
00000000
00000000
00010000
00010000
00000000
00000000
00000000

00000100
00001110
00111110
00011110
00000000
00000000
00000000
00000000

00000000
00000000
10000000
11000000
11110000
11100000
00000000
00000000

00010000
01110100
01011100
01000100
00000000
00000000
00000000
00000000

00000000
00000000
00000000
00000000
10000000
11000000
10000000
10000000

11111000
01100000
00110000
11110000
00000000
00000000
00000000
00000000

00010000
00000000
00000000
00000000
00000000
00000000
00000000
00000000

00001111
00000111
00000111
00000011
00000011
00000000
00000000
00000000

01100000
11100000
11111100
01001000
00000000
00000000
00000000
00000000

00000000
00000000
00000000
00000010
00000011
00001111
00001111
00001011

00000000
00001000
00011110
01111000
00100000
00000000
00000000
00000000

00000000
00000100
00001110
00011110
00001000
00000000
00000000
00000000

00000000
00000000
00000000
00000000
00000000
00001100
00011110
00011111

00000000
00000000
00000000
01110000
00100000
00100000
00000000
00000000

00000000
00000000
00000000
00000000
01000000
11000000
00000000
00000000

00000000
00000000
00000000
00000000
00000111
00000011
00000001
00000000

00111010
00111111
01100110
00100010
00000000
00000000
00000000
00000000

01011100
01110000
11110000
01100000
00000000
00000000
00000000
00000000

00000000
00000000
00000000
00000000
00101000
01111000
00010000
00010000

11000000
11000000
01000000
11000000
00000000
00000000
00000000
00000000

00000000
00000000
00000000
00000000
00000000
01111000
00011000
00000000

00001000
00001100
00011100
00001111
00001111
00000000
00000000
00000000

00001110
00001110
00000110
00000000
00000000
00000000
00000000
00000000

00000000
01000000
01000000
11100000
01100000
00000000
00000000
00000000

00000000
00000000
00000000
00000000
00100000
11100000
11110000
11100000

11000000
10000000
10000000
00000000
00000000
00000000
00000000
00000000

00000000
00001000
00011000
00011000
00011000
01111000
00101100
00000000

00000000
00000000
00000000
00000011
00000011
00000011
00001111
00000111

00000000
00000000
00000000
01000000
01000000
11100000
01000000
00000000

11000000
01000000
00000000
00000000
00000000
00000000
00000000
00000000

00000000
00000000
00000000
00000000
00000000
00000000
00000010
00000110

00000000
00000111
00000001
00001011
00111111
00010000
00000000
00000000

00000000
00000000
00010000
00010000
00000000
00000000
00000000
00000000

00000000
00000000
00000000
00000000
00000010
00001111
00001111
00011111

00000000
00000000
00000000
00000000
00000000
00000000
00001100
00000110

00000000
00000000
00000000
00000000
00000100
00001100
00000000
00000000

00011111
00010100
00000100
00000110
00000011
00000000
00000000
00000000

00000000
11000000
11000000
11100000
11110000
00110000
00000000
00000000

00000000
00000000
00000000
00000011
00000011
00000110
00000000
00000000

00000000
00000000
00000010
00011111
00001110
00001011
00000001
00000000

00000000
00000000
00000000
00000000
00000000
00000000
00100000
00000000

00000000
00000000
00000000
00000000
00000000
01000000
11111000
00000000

00000000
00000000
00000000
00000000
00000000
11000000
11110000
00110000

00000000
00000000
00000000
00000000
01101000
00111000
00111000
00010000

00000000
00000000
00000000
10000000
10010000
10011000
11111000
01111100

00000000
00000000
00000000
00000000
00000000
00000000
01110000
11100000

00000000
00000000
00000000
00000000
00000000
00001000
00001000
00000000

00000011
00001111
00000111
00000010
00000011
00000001
00000000
00000000

00000000
00000000
00000000
00000010
00000110
00000010
00000000
00000000

00000000
00000000
00000000
00010000
01111100
00111110
00111100
00100000

00000000
00001000
00011000
00011100
00001100
00000000
00000000
00000000

00001100
00111000
01110000
11000000
00000000
00000000
00000000
00000000

00000000
00000000
10000000
11100000
11110000
11110000
01000000
01000000

00000000
10000000
11100000
11000000
11000000
00000000
00000000
00000000

00000000
00100000
01110000
00110000
00100000
00000000
00000000
00000000

00000000
00000000
00000000
00000000
00000000
01010000
01110000
11011000

00000000
00000000
01110000
01111000
01110000
01110000
00010000
00010000

00100000
00100000
01110000
01111000
00110000
00100000
00000000
00000000

00000000
00000000
00000000
11000000
11100000
10000000
10000000
00000000

00000000
00000000
00000000
00000000
00000000
00000000
00000000
01000000

00000000
00100000
00111000
00100000
01110000
00000000
00000000
00000000

00000000
00000000
00001100
00111100
00001000
00000000
00000000
00000000

00000000
00000000
00000000
00000001
00000011
00000000
00000000
00000000

00000000
11110000
01111100
01111000
01010000
00000000
00000000
00000000

00000000
11100000
11110000
10000000
00000000
00000000
00000000
00000000

00000000
00000000
00000000
00000000
10000000
10000000
11100000
10100000

00000000
00000000
00000000
00000000
00000000
00100000
00100000
00000000

11100000
11000000
01000000
01000000
00000000
00000000
00000000
00000000

00000000
00000000
00000000
00000000
00000001
00000011
00000001
00000000

00000000
00000000
00000000
00000000
01000000
01000000
01110000
11111000

00000000
00000000
00000000
11110000
11110000
11110000
01100000
00100000

00000000
00000000
00000000
00000000
01000000
11100000
01110000
11110000

00000000
00000000
00000000
00000010
00000111
00011111
00001110
00000000

00000001
00000001
00000111
00000011
00000000
00000000
00000000
00000000

00000000
00000010
00011110
00010100
00000000
00000000
00000000
00000000

00000000
00000000
00000000
00000000
00001000
00011100
00011100
00000000

00011111
00000101
00000000
00000000
00000000
00000000
00000000
00000000

00000000
00000000
00000000
00000000
00000110
00000111
00001111
00011111

00000000
00000000
00000000
00000000
01000000
11110000
11111000
11111000
