00000000000000000000000000000011
00000000000000000000010000000011
00000000000000000000000000000011
10000000000000010000000000000011
00000000000000000000000000000011
00000000000000000000001000000011
00000000000000000000000000000011
00000000000000000010000000000011
00000000001000000000000000000011
00000000000000000000000000000011
00000000000000000000000000000011
00001000000000000000000000000011
10000000000000000100000000000011
00000000000000000000000000000011
00000000000000000000000000000011
00000000001000000000000001000011
00000000000000000000000000000011
00000000000000000000000000000011
00000000000000100000000000000011
00010000000000000000001000000011
00000000000000000000000000000011
00000000000000000000100100000011
00000000000000000000000000000011
00000000000000000000000000000011
00000000000000000000000000010011
11111111111111111111111111111111
11111111111111111111111111111111
11111111111111111111111111111111
11111111111111111111111111111111
11111111111111111111111111111111
11111111111111111111111111111111
11111111111111111111111111111111

46
00000000
00000000
00000000
00000000
11000000
11000000
01100000
01100000

00000000
00000000
00000000
00000000
11000000
01100000
11100000
00100000

00000000
00000000
00000000
00000000
00000000
00000000
11000000
00000000

00001111
00001101
00000100
00001100
00001000
00011000
00000000
00000000

00111110
00010000
00011000
00010000
00010000
00000000
00000000
00000000

00000000
00000000
00000000
01000000
01010000
01111100
11111000
11100000

00000000
00000000
00000000
00000000
00100000
00000000
00000000
00000000

00000000
00000000
00000000
00010000
00111000
11111000
01100000
01100000

00000000
01000000
11110000
11110000
01000000
00000000
00000000
00000000

00000000
00000000
00000000
00000000
00000000
00000000
00000000
01000000

00010000
00110000
00110000
00010000
00011100
00001100
00000000
00000000

00001010
00001111
00111111
00011000
00001000
00000000
00000000
00000000

00000000
00000000
00000000
00000000
00000000
00001110
00000110
00000011

01110000
11111100
01100000
11100000
00000000
00000000
00000000
00000000

11000000
11100000
11100000
11000000
00000000
00000000
00000000
00000000

00000000
00001000
00001111
00001100
00001100
00000000
00000000
00000000

00000000
00000000
00000000
00000000
00000000
00000000
10000000
11000000

11100000
11100000
11110000
11000000
11000000
01000000
00000000
00000000

00000000
00000000
00000000
00000000
00000000
01100000
00000000
00000000

00000011
00000000
00000000
00000000
00000000
00000000
00000000
00000000

11111000
11010000
01000000
00000000
00000000
00000000
00000000
00000000

01000000
01011000
01111100
01111000
00010000
00010000
00000000
00000000

00000000
00000000
00000000
00000000
00011100
00111111
00001010
00000011

00000000
10000000
10000000
10000000
10000000
11100000
00000000
00000000

00011101
00011111
00000110
00000011
00000000
00000000
00000000
00000000

00000000
00000000
00000000
00000000
00000000
00001000
00011000
00000000

11100000
11100000
11111000
00000000
00000000
00000000
00000000
00000000

00000000
00000000
00000000
00000000
00000000
00100110
01111111
00111111

00000000
00000001
00000001
00000001
00000000
00000000
00000000
00000000

00000000
00000000
00000000
00000000
00100000
10101000
11111000
01000000

00000000
00000000
00000000
00000000
00000000
11100000
10000000
00000000

01000000
11000000
11000000
10000000
00000000
00000000
00000000
00000000

00000000
00000010
00001111
00000110
00000110
00000010
00000010
00000010

00000000
00000000
00000000
11100000
01000000
00000000
00000000
00000000

00000000
00000000
00000000
00000110
00011111
00111100
00011100
00001000

00000010
00000111
00000001
00000000
00000000
00000000
00000000
00000000

00000000
00000000
10000000
11000000
10000000
00000000
00000000
00000000

00000000
00000000
00001000
00000000
00000000
00000000
00000000
00000000

00000000
00000001
00000001
00000000
00000000
00000000
00000000
00000000

00000000
00000000
00000000
00100000
01100000
01110000
00100000
00000000

10000000
11000000
11000000
11000000
00000000
00000000
00000000
00000000

00000000
00000000
00010000
00010000
00010000
00010000
00010000
00110000

00000000
00000000
00000000
00000001
00000011
00000011
00000111
00011110

00000000
00000000
01000000
11000000
11000000
10000000
00000000
00000000

00000000
00000000
00000000
00000000
00000000
00000000
00011000
00000000

00111111
00111111
00000101
00000000
00000000
00000000
00000000
00000000
