00000000000000000000100011111111
00000100000000010000000011111111
01000000000000000010000011111111
00000000100000000001000011111111
00000001001011000100000011111111
00000000000000000000000011111111
10010000000000000000000011111111
00100100000000000000000011111111
00000000000000000000000011111111
10001000000000000000000011111111
00000000100010000000000011111111
00000000000000000000000111111111
00000000000000000000000011111111
01001000000000000000000011111111
11000000000000000000010011111111
00000000000000000000000011111111
00000100000000000000000011111111
00000100000000001100001011111111
01110000000000000000000011111111
00000000000000000000001011111111
00000000000001000000000011111111
00000000000000000100000011111111
10100000000001000110000011111111
00000010100000000000000011111111
11111111111111111111111111111111
11111111111111111111111111111111
11111111111111111111111111111111
11111111111111111111111111111111
11111111111111111111111111111111
11111111111111111111111111111111
11111111111111111111111111111111
11111111111111111111111111111111

44
11100000
01100000
11100000
11100000
01100000
01000000
00000000
00000000

00000100
00001100
00001000
00000000
00000000
00000000
00000000
00000000

00000000
00000000
00000000
00000001
00000000
00000000
00000000
00000000

00000000
00000000
00000000
00000000
00010000
01011000
01111100
11111100

00000000
00000000
00101000
00111100
00111110
00000111
00000010
00000000

00000000
00000000
00000000
00000000
01010000
01111000
01111000
00110000

00000011
00000111
00000010
00000010
00000000
00000000
00000000
00000000

00000000
00000000
00000000
00000000
10000000
11000000
10000000
00000000

00000000
00010000
00111000
00000000
00000000
00000000
00000000
00000000

00110000
00000000
00000000
00000000
00000000
00000000
00000000
00000000

00000000
10000000
11000000
11000000
11110000
00000000
00000000
00000000

00110000
11110000
11100000
11000000
00000000
00000000
00000000
00000000

00000000
00000000
00000000
10000000
11000000
11000000
11000000
00000000

00000000
00000000
00000000
00000000
00000011
00001010
00111111
00001111

00000000
10000000
10000000
10000000
10000000
00000000
00000000
00000000

00001111
00011111
00000001
00000000
00000000
00000000
00000000
00000000

00000000
00011110
00001110
00000111
00000000
00000000
00000000
00000000

00000000
00000000
00000000
00000000
00000000
00010000
00111000
11111000

00000000
00000000
00000000
00000110
00000100
00000000
00000000
00000000

00000000
00000000
00001000
00011110
00000010
00000000
00000000
00000000

00000001
00000001
00000001
00000011
00000001
00000000
00000000
00000000

00000000
00000000
00001000
00011000
01111000
11111000
11110000
00000000

00000000
00000000
00000000
00000000
00011001
00111111
00001011
00000010

00000000
00000000
00000000
00000000
00001111
00000111
00100011
00111111

00000000
00000000
01100000
01111000
00110000
00110000
00000000
00000000

00111100
01111100
01100000
00100000
00000000
00000000
00000000
00000000

00000000
00000000
00011000
00010000
00000000
00000000
00000000
00000000

00000000
00001100
00000110
00001110
00011011
00000010
00000010
00000000

01100000
11100000
01110000
00100000
00000000
00000000
00000000
00000000

00000000
00000000
00000000
00000100
00000100
00001100
00000000
00000000

00000000
00001000
00111110
00010100
00000100
00000000
00000000
00000000

00000000
00000000
00010000
01110000
00011100
00011000
00001000
00001000

00000000
00000000
00011100
00011100
00011000
00010000
00000000
00000000

00000000
00000000
00000000
00000000
00000000
00000000
00000100
00000100

00000000
00000000
00000000
00000000
00000000
00000000
00001100
00000110

00000000
00000000
00000000
00000000
00000000
00000000
11100000
10000000

00000000
00000000
00000010
00000000
00000000
00000000
00000000
00000000

00000000
00000000
00000000
00000000
00000010
00000111
00000111
00001110

00000000
00000010
00000010
00000011
00000001
00000000
00000000
00000000

00000000
00000000
00000000
00000000
00000000
00000011
00000001
00000000

00000000
00000110
00000010
00000010
00000000
00000000
00000000
00000000

00000000
00011110
00001100
00001000
00000000
00000000
00000000
00000000

00000000
00000000
00000000
00000000
00000100
00011110
00111111
00011111

00000000
00000000
00000000
00000010
00000010
00000111
00011100
00001100
