00000000000000000000011111111111
00000000000010000000011111111111
00000000000010000000011111111111
00000000000000000000011111111111
00100000000000000000011111111111
00000000000000000000011111111111
00000000000000000000011111111111
00000000000000000000011111111111
00000000000000000000011111111111
00000000000000000000011111111111
00000000000000000000011111111111
00000000000000000000011111111111
00001010000000000000011111111111
00000000000000100000011111111111
00001000010000000000111111111111
00000000001000000000011111111111
00000000000000100001011111111111
00000000000110000000011111111111
00000000000000000000011111111111
00000000000000000000011111111111
00000000000000000000011111111111
00000000000000100000011111111111
00000000000000000000011111111111
00000000000000000001011111111111
00000000000000000100011111111111
00000000000000000000011111111111
11111111111111111111111111111111
11111111111111111111111111111111
11111111111111111111111111111111
11111111111111111111111111111111
11111111111111111111111111111111
11111111111111111111111111111111

140
00000000
00000000
00000000
00000000
00100000
00111100
00110000
00100000

10000000
10000000
10000000
10100000
11100000
10000000
00000000
00000000

00000111
00001111
00011011
00000001
00000001
00000000
00000000
00000000

00000000
00000000
00000000
00000000
00000011
00000010
00001110
00011110

00000000
00000000
00000000
00000000
00000000
11000000
10000000
00000000

00011111
00010011
00000011
00000001
00000000
00000000
00000000
00000000

00000000
00000000
00000000
00000000
01000000
11111000
11000000
11000000

00000000
00000000
00001000
00111000
01111000
11111000
00110000
00000000

00111110
00111110
01100100
00000100
00000100
00000000
00000000
00000000

00000000
00000000
00001000
00001100
00001100
00001100
00000000
00000000

00111000
00010000
00000000
00000000
00000000
00000000
00000000
00000000

00000010
00000111
00001101
00011001
00000000
00000000
00000000
00000000

00000000
00000000
00011100
00011100
00011110
00011110
00000010
00000000

00000000
00000000
00000000
00000000
00000000
00110000
00111000
00011000

00000000
00000000
00000000
00000000
00000000
00000000
00000000
11000000

11000000
01000000
11000000
11000000
11101000
10111000
00100000
00000000

00000000
00000000
00000000
00000000
00000000
00001010
10101010
11111111

00000000
00000000
00000000
00000000
00000000
00010000
00010001
00011111

00000000
00000000
00000000
00000000
00000000
00000000
00100000
01100000

00000001
00000011
00000000
00000000
00000000
00000000
00000000
00000000

00000000
00000000
10000000
10100000
11100000
11100000
11100000
11100000

00000000
00001100
00001100
00001100
00000100
00000000
00000000
00000000

00000000
00000000
00000000
11000000
11100000
10000000
10000000
00000000

00000000
00000000
00001110
00011011
00000001
00000001
00000000
00000000

11111100
00100110
00100000
00100000
00000000
00000000
00000000
00000000

00000000
00000000
00001001
00001001
00001111
00001110
00000111
00000000

00000000
00000000
00000000
01000000
11100000
11100000
01110000
00000000

00000000
00000000
00000000
00000001
00000001
00000000
00000000
00000000

00001111
00001111
00000111
00000001
00000000
00000000
00000000
00000000

10111110
11111000
10111100
00000000
00000000
00000000
00000000
00000000

00000000
00000000
10000000
11000000
11100000
11111000
11100000
11000000

00000000
00000000
00000000
00000000
00000000
00100000
00000000
00000000

11111000
11100000
11000000
11000000
11000000
11000000
00000000
00000000

00000000
00000000
00000000
00010000
11111110
10011100
00011000
00000000

00000111
00001110
00001100
00001100
00011000
00000000
00000000
00000000

00001111
00000111
00000001
00000000
00000000
00000000
00000000
00000000

00000111
00000011
00001111
00000111
00000100
00000000
00000000
00000000

00000000
00000000
00001000
00001000
00011100
00011000
00001000
00000000

11110000
11100000
01100000
01100000
00000000
00000000
00000000
00000000

00100000
00111000
00100000
00000000
00000000
00000000
00000000
00000000

00000000
00000000
00000000
00000000
00000011
00000001
00000111
00000100

00000000
00000000
00000000
01100000
01100000
11110000
10111000
10011000

00000001
00000011
01101111
01111001
00001100
00000000
00000000
00000000

00000000
00000000
00000000
00000000
00001000
01111000
11111100
11110000

00000000
00000000
01000000
00000000
00000000
00000000
00000000
00000000

11111110
10110110
10000000
00000000
00000000
00000000
00000000
00000000

00000000
00000000
00000000
00000010
00000011
00001111
00000011
00000001

00000000
00000000
00000000
00000000
00000011
00000011
00000001
00000001

00000000
00010000
00000000
00000000
00000000
00000000
00000000
00000000

00000001
00000011
00000000
00000000
00000000
00000000
00000000
00000000

00000000
00000000
00000000
10000000
10000000
10000000
00000000
00000000

00000000
00110110
00010100
01111100
00000100
00000100
00000000
00000000

00000000
00000000
00000000
00000000
00000000
00111000
00101000
00100000

00100000
00000000
00000000
00000000
00000000
00000000
00000000
00000000

00000000
00000000
00000000
00000000
00000000
00000110
00000010
00000011

00000000
00000000
00000001
00000111
00000000
00000000
00000000
00000000

00000000
00000000
00000000
00110000
00011000
00001110
00000000
00000000

00000000
00000000
01000000
00000000
00000000
00000000
00000000
00000000

11000000
11000000
11000000
01100000
00100000
00000000
00000000
00000000

00000000
00000000
00000000
00000000
00000000
00000000
00000000
11000000

00000000
00000000
10000000
11000000
11000000
11110000
00000000
00000000

00000000
00000000
00000000
00000000
00000000
00000000
01000000
01110000

11000000
01000000
11000000
11110000
10000000
11100000
00100000
00100000

00000000
00001110
00000010
00000000
00000000
00000000
00000000
00000000

00000000
00000000
00000000
00000000
00000000
00001011
00001111
00000111

00000000
00000000
00000000
00000010
00000011
00000110
00000011
00000010

10000000
10000000
11100000
00000000
00000000
00000000
00000000
00000000

00000101
00000111
00000011
00000000
00000000
00000000
00000000
00000000

00000000
00000000
00000001
00000001
00000000
00000000
00000000
00000000

00000000
00000000
00000000
00000000
00000111
00001111
00001111
00000111

00000000
00000000
00000000
00000000
00000000
00000100
00000111
00001111

00000000
00000000
10000000
11000000
11100000
01000000
00000000
00000000

00111111
00110111
00000010
00000000
00000000
00000000
00000000
00000000

00000000
00000110
00111111
00001111
00001111
00000000
00000000
00000000

00000011
00000010
00000011
00000111
00000101
00000000
00000000
00000000

11100000
11100000
11110000
01011000
00000000
00000000
00000000
00000000

00000000
00000000
00000000
00010000
00010000
00111000
00111100
00011111

00000000
00000000
00000000
00000000
00001100
00000110
00011111
00001101

00000000
00000000
10100000
11100000
11100000
01000000
00000000
00000000

00000000
00000000
00000000
00000000
00010000
10110000
11110000
01000000

00000000
00000000
00000000
00000000
00010000
00110000
00011110
00011100

00001001
00001111
00011111
00011110
00001000
00000000
00000000
00000000

00000000
00000000
00001111
00011111
00000111
00000111
00000010
00000000

00000000
00000000
00000000
00010000
00011110
00011100
10010000
11111000

00000100
00000101
00000101
00001111
00011011
00000001
00000000
00000000

00000000
00000000
00000100
00000100
00001110
00000100
00000000
00000000

00111010
00001110
00001110
00000111
00000000
00000000
00000000
00000000

00000000
00000000
00000000
00000000
00000000
01100000
01100000
00000000

00000100
00000110
00000100
00000100
00000100
00001100
00000000
00000000

00000000
00100000
00100000
11110000
00110000
00011000
00000000
00000000

00000000
01100000
01110000
00110000
00110000
00110000
00110000
00000000

11110110
11111100
11100000
00000000
00000000
00000000
00000000
00000000

00000000
00000000
00000000
00000000
00010100
10011110
11111000
01111000

00000000
00000000
00000000
00000000
00000001
00000001
00000000
00000000

00000000
00000000
00000000
00000000
00000000
01011000
11110000
11110000

00000000
00000000
00011100
00110000
00000000
00000000
00000000
00000000

00000000
01010000
01110000
01000000
00000000
00000000
00000000
00000000

00000000
00010000
11110000
01010000
00000000
00000000
00000000
00000000

11111000
11101000
01100000
11110000
00100000
00000000
00000000
00000000

00000000
00000000
00100000
11100000
00111100
00011000
00001000
00000000

00000000
00000000
00000000
00000000
00000100
00001100
00001100
00011100

00000000
10000000
00000000
00000000
00000000
00000000
00000000
00000000

00000000
00000000
00000000
00000000
00000000
00111000
00011000
00000000

00110000
00010000
00011110
00001000
00000000
00000000
00000000
00000000

00000000
00000000
11000000
01000000
11000000
11000000
11000000
10000000

00000000
00000000
00000010
00000000
00000000
00000000
00000000
00000000

00000000
00000000
00000000
00010000
00000000
00000000
00000000
00000000

00000000
00000000
00000000
00000000
00000000
01011010
11111110
11110000

00000000
00000000
00001000
00011000
00000000
00000000
00000000
00000000

00000000
00000000
00000011
00000011
00000111
00000000
00000000
00000000

00000000
00000000
00000011
00000000
00000000
00000000
00000000
00000000

00000000
00000000
00000000
00000000
00000000
10000000
11000000
11000000

00000000
00000000
00000000
00000000
00001000
00001100
00111100
11110110

00011111
00001011
00000000
00000000
00000000
00000000
00000000
00000000

00000000
00000000
00000000
00000010
00000010
00000000
00000000
00000000

00000011
00000010
00000000
00000000
00000000
00000000
00000000
00000000

00000000
00000000
00000000
00001000
00001000
00011000
00001110
00001000

01001110
01111000
01110000
00000000
00000000
00000000
00000000
00000000

00000000
00000000
00001000
01111000
00101110
00101010
00000000
00000000

00111000
01111000
01100000
01000000
00000000
00000000
00000000
00000000

00000000
00000000
00000000
00000000
11000000
11000000
11110000
01000000

00000000
00000000
00000000
00000000
01100000
01110000
01111000
01101100

00000000
01000000
01000000
00000000
00000000
00000000
00000000
00000000

00000000
00000000
00000000
00000000
00000010
00001111
00001110
00011111

00000000
00001110
00011000
00010000
00000000
00000000
00000000
00000000

00000000
00000000
00000000
00000000
00000011
00000001
00000000
00000000

00000000
00000000
10000000
11110000
11100000
11000000
00000000
00000000

00000000
00000000
00001000
00001110
00000111
00000101
00000100
00000100

00000000
00000000
00110000
00010000
00010000
00000000
00000000
00000000

00000000
00000000
00000000
00000000
11000000
11000000
11100000
10000000

00000000
00000000
01110000
01110000
01110000
11111000
10000000
00000000

00010111
00111110
00001111
00000001
00000000
00000000
00000000
00000000

00000000
00000000
00000000
00000000
00100000
11110000
11111000
11111000

00000000
00000000
00000000
00001000
00001100
00001110
00011110
00000010

00100000
11100000
11100000
11111000
01110000
01000000
00000000
00000000

00000000
00000000
00000000
00000000
00000000
00000000
00010000
00000000

00000000
00000000
00000000
00000011
00000111
00011111
00001000
00001100

00000000
00000000
00000000
00000000
00000000
00100000
01100000
11110000

00000000
00000000
00000000
00000010
00000010
00011111
00000111
00000000

01100000
01100000
01100000
01110000
00010000
00000000
00000000
00000000
