00100000000100000010001111111111
01000000100000000100001111111111
00000001000000100000101111111111
00100000000000000000001111111111
00000000000000000000001111111111
00100010000000000000001111111111
10010000000000000001001111111111
00000000000000000000001111111111
00000100001000000010101111111111
01100000000000000000001111111111
00000000001010000100001111111111
01001000000000000100001111111111
00000100000000000010001111111111
00010000010000000000001111111111
01000000000001000000001111111111
00000000000001000010001111111111
00000000000000000000001111111111
10000000000000010000001111111111
00000000000001001100001111111111
00111000000000000100001111111111
00000000010000000000101111111111
11111111111111111111111111111111
11111111111111111111111111111111
11111111111111111111111111111111
11111111111111111111111111111111
11111111111111111111111111111111
11111111111111111111111111111111
11111111111111111111111111111111
11111111111111111111111111111111
11111111111111111111111111111111
11111111111111111111111111111111
11111111111111111111111111111111

93
00000000
01110000
00110000
00100000
00000000
00000000
00000000
00000000

00000000
00000000
00011000
11110000
10100000
00100000
00000000
00000000

00000000
00000000
00000000
00000000
00001100
00001111
00011111
00001110

01000000
01000000
11110000
11000000
11000000
11000000
00000000
00000000

00001110
00011111
00001111
00001111
00000000
00000000
00000000
00000000

00000000
00000000
00000000
00000000
00010000
00111000
00001000
00001100

00000100
00001100
00001100
00011110
00010110
00000000
00000000
00000000

00000000
00000000
10000000
10000000
00000000
00000000
00000000
00000000

00000000
00000110
00000100
00000000
00000000
00000000
00000000
00000000

00000000
00000000
00000000
00000000
00010000
00000000
00000000
00000000

00000000
00000000
00000000
00000000
01000000
01111000
00111000
00000000

00000000
00000000
00000000
00000000
00001000
00001110
00000011
00000000

00000000
00000000
00000000
00000000
11100000
11110000
11110000
11011000

00010000
00011111
00011010
00001000
00000000
00000000
00000000
00000000

00000000
00000000
00000000
00000000
00000000
00000000
11111000
00111100

00000100
00001100
00000100
00000100
00000110
00000000
00000000
00000000

00000000
00000000
00000000
11000000
11000000
11100000
11110000
11110000

11000000
01100000
01100000
00000000
00000000
00000000
00000000
00000000

00000000
00000000
00000000
00000000
00000000
00110000
00100000
00000000

11111100
01111100
00010100
00000000
00000000
00000000
00000000
00000000

00010000
00010000
00111110
00010000
00000000
00000000
00000000
00000000

00010000
00010000
00011100
00110100
00000000
00000000
00000000
00000000

00000000
00000000
00000000
00000000
00011000
00111000
00111100
00100000

00111111
00000101
00000001
00000000
00000000
00000000
00000000
00000000

00001111
00001101
00001100
00000000
00000000
00000000
00000000
00000000

00000000
00000000
00000000
00000000
11000000
01100000
11110000
10100000

00000000
10000000
10000000
10000000
11000000
00000000
00000000
00000000

00000010
00000011
00001111
00000011
00000001
00000001
00000000
00000000

11111111
11111000
11100000
00000000
00000000
00000000
00000000
00000000

00000000
00000000
00000000
00000001
00000101
00000111
00000011
00000000

00000000
00000000
00000000
00000000
00000000
00000100
00001100
00011110

00000000
10000000
11000000
01000000
11100000
00100000
00000000
00000000

00000000
00000000
00000000
00000000
00000000
00000000
00001000
00001100

00000000
00000000
00000000
00000000
00000000
00000000
00000010
00000000

00000000
00000000
00000000
01110100
00011100
00001100
00000000
00000000

00000000
00000000
00000000
00000000
00000100
00000101
00000111
00001111

00000000
00000101
00011101
00011111
00000101
00000000
00000000
00000000

00000000
00000000
00000000
00000000
00110000
00000000
00000000
00000000

00000000
00000000
00000000
00010000
00111111
00001100
00001000
00000000

00000000
00000000
00000000
00000000
00000000
00011111
00000110
00000111

00000000
00000000
00000000
00000110
00001111
00001100
00011000
00000000

00000000
00000000
00000000
00000000
00010100
00011100
00111000
00001000

11111000
00011100
00001000
00000000
00000000
00000000
00000000
00000000

00001000
00011000
00001000
00000000
00000000
00000000
00000000
00000000

00000000
00010000
00010000
00000000
00000000
00000000
00000000
00000000

00000000
00000000
00000000
00100000
00111010
00011111
00010111
00000100

00000000
00000000
00000000
01110000
00000000
00000000
00000000
00000000

00011111
00001110
00000100
00000000
00000000
00000000
00000000
00000000

00000000
00000000
00011000
00001100
00000000
00000000
00000000
00000000

00011000
00001000
00000000
00000000
00000000
00000000
00000000
00000000

00000000
00100000
01101000
11111000
01111100
01000000
00000000
00000000

00000000
00000000
00000000
00000000
00000001
00000001
00000011
00000001

00000000
00000000
00000000
00000000
00000000
00000000
11000000
11000000

00000000
00000000
00010010
00011111
00001111
00001000
00000000
00000000

11000000
11100000
11100000
11111000
10100000
00000000
00000000
00000000

00000000
00000110
00001111
00000111
00000010
00000011
00000000
00000000

00000000
00000000
00000000
00001100
01111000
01110000
01110000
00100000

00000000
00000000
00100000
01100000
11111100
00110000
00011000
00010000

00001100
00001111
00001000
00000000
00000000
00000000
00000000
00000000

00000000
11100000
00100000
00000000
00000000
00000000
00000000
00000000

00000000
00000000
00000000
00000000
00000000
00000000
00000100
00001100

00000000
00000000
00000000
00000000
00111111
00011110
00011110
00011000

00011000
00001110
00011100
00110000
00110000
00010000
00000000
00000000

01110100
11111100
01001100
00001100
00000000
00000000
00000000
00000000

00000000
00000000
00000000
00000000
00010000
10111000
11110000
11110000

00000111
00000111
00000111
00001111
00000101
00000000
00000000
00000000

00000000
00010010
00111111
00010100
00000100
00000000
00000000
00000000

00000000
00000000
00000000
00000000
01000000
11000000
10000000
10000000

00000000
00000100
00001111
00000011
00000010
00000000
00000000
00000000

00110000
11100000
00100000
00000000
00000000
00000000
00000000
00000000

00001000
01111000
00100000
00100000
00000000
00000000
00000000
00000000

00000000
00000000
00000000
00000000
00010000
00110000
00111000
00110000

00000000
00000000
00000000
00000000
00000001
00000111
00001111
00001111

00000000
01000000
01000000
11100000
11110000
00010000
00000000
00000000

00000000
00000000
00000000
00000000
11100000
01110000
11100000
11100000

00000010
00000010
00000011
00000011
00000001
00000000
00000000
00000000

00000000
00000000
00000000
00000000
11000000
01110000
11110000
01100000

01000000
01000000
01000000
00000000
00000000
00000000
00000000
00000000

00100000
01101100
11111110
00010100
00000100
00000000
00000000
00000000

00000000
00000000
00000000
00000000
00000000
00000011
00000111
00011111

00000000
00000000
00000000
00000000
00011010
00011111
00011110
00011100

00000000
00000000
00000000
00000010
00000010
00000110
00000011
00000010

11110000
01111100
11111000
00000000
00000000
00000000
00000000
00000000

11000000
11111000
11010000
01000000
00000000
00000000
00000000
00000000

00000000
00000001
00000001
00000011
00001111
00000111
00000010
00000000

00000000
00000000
00000000
00000000
00000000
00110100
00110101
00011111

00000000
00000000
00000000
00000000
00000000
00000000
00001100
00000000

00000000
01100000
01110000
11111000
11110000
00000000
00000000
00000000

00000000
00000000
00000000
01001000
11111100
00110110
00100111
00000000

00000000
00000000
00000000
00000000
00000000
00000000
00000000
01000000

00000010
00000010
00000011
00000011
00000110
00000000
00000000
00000000

00000000
00000000
00000000
00000000
00010000
00111000
01110000
00110000

00000000
00000000
00000010
00000010
00001110
00000110
00000000
00000000
