00000000000000000000000000000000
00000000000000000000000000000000
00000000000000000000000000000000
00000000000000000000000000000000
00000000000000000000000000000000
00000000000000000000000000000000
00000000000000000000000000000000
00000000000000000000000000000000
00000000000000000000000000000000
00000000000000000000000000000000
00000000000000000000000000000000
00000000000000000000000000000000
00000000000000000000000000000000
00000000000000000000000000000000
00000000000000000000000000000010
00000000000000000000000000000000
00000000000000000000000000000000
00000000000000000000000000000001
00000000000000000000000000000000
00000000000000000000000000000000
00000000000000000000000000000000
00000000000000000000000000000000
00000000000000000000000000000000
00000001000000000000000000000000
00000000000000000000000000000100
00000000000000000000000000000000
00000000000000000000000000000000
00000000000000000000000000000000
11111111111111111111111111111111
11111111111111111111111111111111
11111111111111111111111111111111
11111111111111111111111111111111

165
00000010
00001110
00001111
00000000
00000000
00000000
00000000
00000000

00000000
00000000
00010000
11110000
01100000
11100000
10100000
00000000

00000000
00000000
00000000
00000000
00000000
00000000
00000100
00000100

11111000
11111000
11101000
00000000
00000000
00000000
00000000
00000000

00110000
00000000
00000000
00000000
00000000
00000000
00000000
00000000

00000000
00000000
00000000
00000000
00000000
00000110
00011111
00111100

00101111
00111111
00010100
00010100
00000000
00000000
00000000
00000000

00000000
00000000
00000000
00000000
00000000
00000100
00000000
00000000

00000000
00000000
00000000
00000000
00000000
00000000
11000000
01000000

00000000
00000000
00000100
00000100
00001110
00011000
00000000
00000000

00000000
01000000
01000000
11100000
00000000
00000000
00000000
00000000

00000000
00000000
00000000
00000000
00000000
00000000
11000000
11100000

00000000
00000000
00000000
00000000
00000000
11100000
11000000
01000000

00000000
00000000
00000000
01000000
01100000
11100000
01100000
00000000

00000000
00000000
00000000
00000000
01110000
11110000
01111000
00000000

00000011
00001111
00001111
00000011
00000000
00000000
00000000
00000000

00000000
00000000
00000000
00000111
00000011
00000000
00000000
00000000

00011111
00000111
00000111
00000111
00000101
00000000
00000000
00000000

00000000
00000000
00000000
00000100
00000100
00000000
00000000
00000000

00000011
00000110
00000011
00000000
00000000
00000000
00000000
00000000

00000000
00000000
00110000
00100000
00100000
00000000
00000000
00000000

00111100
00011000
00011000
00000000
00000000
00000000
00000000
00000000

00000000
00000000
10000000
10000000
10000000
00000000
00000000
00000000

00000000
00000000
00110000
00111000
11111000
01111000
00100000
00000000

11000000
11100000
10000000
00000000
00000000
00000000
00000000
00000000

11111111
01011100
00010000
00000000
00000000
00000000
00000000
00000000

00000000
00000111
00000111
00011101
00010101
00000000
00000000
00000000

00000000
00000011
00000111
00000001
00000000
00000000
00000000
00000000

00000000
00000000
01110000
01100000
00100000
00000000
00000000
00000000

00000000
00000010
00000111
00001111
00001101
00000000
00000000
00000000

00000000
00000000
00000000
00000000
00000000
00000000
11100000
00000000

00111000
00111000
00001100
00000000
00000000
00000000
00000000
00000000

00000000
00000000
00000000
00000000
00000000
00000001
00001001
00001111

01000000
11110000
11111100
11110000
01000000
00000000
00000000
00000000

00011000
00011000
01111110
00111000
00011000
00000000
00000000
00000000

00000000
00000000
00000000
01000000
11000000
11111000
11100000
11110000

00000000
00000000
00111000
01111000
00001111
00000011
00000000
00000000

00000000
00000000
00000000
00110000
11110000
11000000
01100000
11000000

00010100
00111110
00000100
00000000
00000000
00000000
00000000
00000000

10000000
10000000
10000000
10000000
00000000
00000000
00000000
00000000

00000000
00000000
00000000
00000000
11000000
11000000
01000000
00000000

00000000
00000000
00000000
00000000
10000000
11100000
01000000
01000000

00000000
00000000
00000000
00000000
00000000
00000000
00000000
01110000

00000010
00001110
00000010
00000000
00000000
00000000
00000000
00000000

00000100
00000100
00000110
00000100
00000100
00000000
00000000
00000000

00000000
00000000
00000000
10000000
10100000
11110000
11100000
01000000

11110000
01111000
01100000
01100000
00000000
00000000
00000000
00000000

00000000
01100000
11110000
00100000
00000000
00000000
00000000
00000000

00000110
00000110
01101110
01111110
00000000
00000000
00000000
00000000

00000000
00000000
00000000
00000000
00000000
00000001
00000001
00001111

00000000
00000000
00000000
11000000
11100000
11000000
10000000
00000000

00000101
00000101
00000111
00000111
00000100
00000100
00000000
00000000

00000000
00000000
00010000
00010000
00111000
00111000
00000000
00000000

00000000
00000010
00001110
00000111
00000010
00000010
00000000
00000000

00000000
01100000
01100000
00000000
00000000
00000000
00000000
00000000

00000000
00000000
00000000
00000000
00100000
11100000
01111000
00111000

00001100
00000100
00000000
00000000
00000000
00000000
00000000
00000000

00000011
00000010
00000011
00000001
00000000
00000000
00000000
00000000

00000000
00000000
00000000
00011000
00011010
00001111
00001111
00001010

00000000
00000000
00001000
11111000
11111000
00100000
00000000
00000000

00000000
00000000
00000000
00000000
00111100
00001000
00000000
00000000

00000000
00000000
00000000
00111000
01111000
00111110
00001000
00000000

00000000
00000000
00000000
00000000
00011000
00011110
00010011
00110010

00000000
00000011
00000011
00000011
00000001
00000000
00000000
00000000

00001000
00001100
00011000
00000000
00000000
00000000
00000000
00000000

00111100
00011000
00000000
00000000
00000000
00000000
00000000
00000000

00000100
00000110
00011110
00001110
00000110
00000000
00000000
00000000

00111110
00011110
01111100
01001000
00000000
00000000
00000000
00000000

00001110
00001100
00001000
00000000
00000000
00000000
00000000
00000000

00000000
00000000
00000000
00000000
00000100
00000100
00000000
00000000

00000000
00000000
00000010
00000000
00000000
00000000
00000000
00000000

00000000
00000000
11000000
11000000
11100000
11000000
10000000
00000000

00000000
00100000
11100000
11100000
11100000
11000000
10000000
10000000

00111111
00111000
00111000
00001000
00001100
00000000
00000000
00000000

11100000
11111100
11000000
10000000
00000000
00000000
00000000
00000000

00000000
00000000
00000000
00000000
00000000
00010000
00011000
00010000

00000010
00000010
00001111
00001110
00011100
00001000
00000000
00000000

00000000
00000000
00000000
00000001
00011101
00011111
00000001
00000000

00000000
00000000
00000000
00000000
00000011
00000110
00011111
00011111

00110000
01100000
00000000
00000000
00000000
00000000
00000000
00000000

00000000
00000000
00000000
00100000
00100000
00100000
00100000
00000000

01010000
11110000
10000000
00000000
00000000
00000000
00000000
00000000

00000000
00000000
00000000
00000000
00001100
00001100
00011100
00111100

00000000
10000000
10000000
11000000
11000000
11000000
11000000
11100000

00000000
00000000
00000000
00000000
00000100
00001111
00000111
00011111

00011100
00001110
00001000
00001000
00000000
00000000
00000000
00000000

00001111
00011111
00000011
00000000
00000000
00000000
00000000
00000000

00000000
00000000
00000000
00000000
00100000
00110000
01100000
01100000

11001100
11111000
01111000
00111000
00000000
00000000
00000000
00000000

00111100
00111111
01101100
00000100
00000000
00000000
00000000
00000000

00000000
00000000
00000000
00000000
00000000
00001000
01111110
00111110

00000000
00000000
00000000
00000000
00000000
00000111
00000111
00001111

00000000
01111000
00000000
00000000
00000000
00000000
00000000
00000000

00000000
00000000
00000000
00000000
00000000
01000000
11110000
11111000

00111000
11111000
00110000
00100000
00100000
00000000
00000000
00000000

00000000
00000000
00000000
00000000
00000000
00000000
00000100
00001100

00000000
00000000
00000000
00110000
00000000
00000000
00000000
00000000

00000000
00000000
00000000
00000000
00000000
00000000
00000011
00000111

00111110
11110100
01010000
00000000
00000000
00000000
00000000
00000000

00000000
00000000
00000000
00010000
00011100
00111000
11110000
00100000

00000000
00000000
00000010
00000010
00000111
00000000
00000000
00000000

00000000
00000000
00000000
00000000
00000000
01000000
01100000
11000000

00000000
00000000
01000000
01100000
01100000
01110000
01000000
00000000

00000000
01000000
01101000
01111100
00011000
00001000
00000000
00000000

10100000
11111000
01110000
01110000
00010000
00000000
00000000
00000000

00000000
00000000
00000000
00000000
01001000
11111000
01111110
00000000

00000001
00000011
00000001
00000000
00000000
00000000
00000000
00000000

00000000
00000000
00001000
00001110
00001010
00000000
00000000
00000000

00000000
00000000
00000000
00000000
00000000
00000000
00000100
00000000

00000000
00000000
00000000
00000000
00000000
10000000
11000000
00000000

00000000
00001000
00111100
00111000
00000000
00000000
00000000
00000000

11100000
11100000
01111000
11100000
01000000
01000000
00000000
00000000

11000000
11110000
10000000
00000000
00000000
00000000
00000000
00000000

00000110
00000111
00000111
00000111
00001101
00001000
00000000
00000000

00000000
00000000
00000000
00000000
00000000
00000000
00011000
00010000

00000000
00000000
11100000
10000000
11000000
11000000
10000000
00000000

00000000
00000000
00000000
00000000
00000110
00000110
00111110
01111110

00100000
00000000
00000000
00000000
00000000
00000000
00000000
00000000

00000000
00000000
00000000
01101000
00111000
00111000
00000000
00000000

11110000
00110000
00000000
00000000
00000000
00000000
00000000
00000000

00000000
00000000
00000000
00100000
01100000
01100000
11100000
11000000

00000000
00000000
00000000
00000000
00000000
00000000
00001000
00000000

00011111
00011011
00110011
00000010
00000000
00000000
00000000
00000000

00000000
00000000
00000000
00000000
11000000
01100000
00000000
00000000

00000000
00000000
00011110
00000000
00000000
00000000
00000000
00000000

00000011
00000001
00000000
00000000
00000000
00000000
00000000
00000000

01100000
01000000
00000000
00000000
00000000
00000000
00000000
00000000

00000000
00000000
00000000
00000000
00000000
00000000
00000000
10000000

00000000
00000000
00000000
00000000
00010000
11111100
11111000
00011000

11111000
11111000
01101000
01000000
00000000
00000000
00000000
00000000

00000000
00000000
00000000
00000000
00000011
00000000
00000000
00000000

00111110
00001000
00000000
00000000
00000000
00000000
00000000
00000000

00000000
00010110
00011110
00110110
00000110
00000000
00000000
00000000

00000000
00000000
00000000
00110000
00110000
00110000
01110000
00111000

00000000
00000000
10000000
10000000
11010000
11110000
01100000
11000000

00000000
00000000
00000000
00000000
00000010
00001111
00000100
00000000

00000000
00000000
01000000
01000000
01100000
11000000
10000000
00000000

00000000
00000000
00000000
00000000
00000000
00000000
00000111
00011111

00000100
00001110
00000000
00000000
00000000
00000000
00000000
00000000

00000101
00101111
00111110
00000111
00000000
00000000
00000000
00000000

00000000
00000000
00000000
00000000
01001000
11111000
01000000
11000000

00011100
00011000
00001000
00000000
00000000
00000000
00000000
00000000

00000000
00000000
10000000
11000000
11100000
11000000
00000000
00000000

11111110
01001110
00000010
00000010
00000000
00000000
00000000
00000000

00000000
00000000
11000000
10000000
10000000
00000000
00000000
00000000

00110000
01110000
01010000
00000000
00000000
00000000
00000000
00000000

00000000
00000000
00000000
10000000
00000000
00000000
00000000
00000000

00000000
00000000
00000000
00000000
00000000
00000111
00000110
00000100

00000000
11000000
11000000
10000000
10000000
00000000
00000000
00000000

01100000
11100000
01100000
11100000
11100000
00100000
00000000
00000000

00000000
00000000
00000000
00000000
00000000
00010000
00010000
00111000

00000000
00000000
01000000
01000000
01100000
11100000
11110000
11100000

00001000
00011000
00001000
00001100
00011000
00110000
00000000
00000000

00000000
00000000
00000000
10000000
10100000
11100000
11111000
11100000

00000000
01110000
00110000
00111100
00000000
00000000
00000000
00000000

00000000
00000000
00000000
01100000
00110000
11100000
11000000
10000000

11110000
11111100
11101000
00001000
00000000
00000000
00000000
00000000

00000001
00000011
00000011
00000001
00000000
00000000
00000000
00000000

00001110
00011111
00011011
00000011
00000001
00000000
00000000
00000000

00000010
00000010
00000011
00000000
00000000
00000000
00000000
00000000

00000000
00000000
00000000
00000000
00000010
00000010
00001110
00111110

00000000
00010000
00111100
00011100
00001000
00000000
00000000
00000000

00000000
00000000
00000000
00000000
00010000
00111111
00011111
00001000

00000000
00000000
00000010
00001111
00000111
00000111
00000110
00000000

00001111
00001111
00000111
00000000
00000000
00000000
00000000
00000000
