00000000000000000000000011111111
00000000000000000001000011111111
01000000000000000000000011111111
00000000001000000001000011111111
00000000000000000000000011111111
00000000000000000000000011111111
00000000011000000001000011111111
00000000000000100001000011111111
00010000000000000000000011111111
00000001000000000000100011111111
00000000000000000000000011111111
00000000000000000000000111111111
00000000000000000000000011111111
00000000000000000000000011111111
00000000000000000001000011111111
00000010000000000000000011111111
00000000000000000000000011111111
00001000000000000000000011111111
00000000000000000000000011111111
00000000000000000000000011111111
00000000000000001000000011111111
00000000000000000000000011111111
00000000000000000001001011111111
00000000000000000000000011111111
00010000000001000000000011111111
00000000000000000000001111111111
00000000000000000000000011111111
00000000000000000000000011111111
00000000000000000000000011111111
00000000100000000000000011111111
11111111111111111111111111111111
11111111111111111111111111111111

227
00000000
00000000
00100000
01111000
00111000
00110000
00010000
00000000

11111100
11100100
00000000
00000000
00000000
00000000
00000000
00000000

00000000
00001100
00000111
00000011
00000000
00000000
00000000
00000000

00000000
00000000
00000000
00000000
00000000
00000010
00000010
00000000

00000000
00000000
00001100
00001100
00000100
00000000
00000000
00000000

00000000
00001000
00001000
00011100
00000100
00000000
00000000
00000000

01001000
11111100
01110000
00100000
00000000
00000000
00000000
00000000

00100000
11100000
11110000
11100000
10000000
10000000
00000000
00000000

00000000
00000001
00000011
00000010
00000011
00000011
00000000
00000000

00100000
01111000
00011000
00001000
00000000
00000000
00000000
00000000

00000000
00000000
00000000
00000000
00001000
00111000
00100000
00000000

00110000
00100000
00000000
00000000
00000000
00000000
00000000
00000000

00000000
00000000
00101000
00101100
00111100
00001000
00000000
00000000

00000000
00000010
00000111
00000100
00000000
00000000
00000000
00000000

00000000
00000000
00000000
00000000
00000000
00000000
00000100
00000110

00000000
00000000
00011000
00111000
00011100
01111000
00011000
00001000

00000111
00000001
00000000
00000000
00000000
00000000
00000000
00000000

00000000
00000000
00000000
00000000
00000110
00000111
00000111
00000110

00000010
00000111
00001111
00000011
00000001
00000000
00000000
00000000

00000000
00000000
00000000
00000000
00000000
00000000
00000011
00000010

00000000
00000000
00000000
11000000
11100000
11100000
01110000
11100000

00000000
01110000
01110000
11110000
11010000
11000000
00000000
00000000

01100000
11110000
10111000
00110000
00100000
00000000
00000000
00000000

00000000
00000000
00000000
00000000
00000010
00000011
00000010
00000000

00000000
00000000
00001000
01011000
11110000
11000000
10000000
00000000

00000000
00000000
00000000
00000000
00001100
00011100
00010000
00010000

00000000
00100000
01110000
01011000
00001100
00001000
00001000
00001000

00000000
00000000
00000000
00000000
00000000
00000000
00000000
11100000

11110000
10000000
11000000
11000000
00000000
00000000
00000000
00000000

00001111
00011111
00011111
00000011
00000000
00000000
00000000
00000000

00000000
10000000
11000000
11000000
11000000
10000000
10000000
00000000

00000000
01000000
11000000
11100000
11100000
00100000
00000000
00000000

00000000
00000000
00000000
00000000
00000000
00001000
00011101
00011111

01110000
11111000
00111000
00110000
00100000
00000000
00000000
00000000

00000000
00000011
00000111
00000011
00001111
00000011
00000010
00000000

00010000
01010000
01011000
01111000
00111000
00000000
00000000
00000000

00000000
00000001
00000011
00000001
00000000
00000000
00000000
00000000

00000000
00000000
00000000
00110000
11110000
11110000
11000000
00000000

00000100
00000000
00000000
00000000
00000000
00000000
00000000
00000000

00000000
00000000
00000000
00110000
00110000
00111000
00110000
01100000

00111100
01111000
01010000
00010000
00110000
00000000
00000000
00000000

00000001
00000000
00000000
00000000
00000000
00000000
00000000
00000000

00000000
00000000
00000000
00000000
00000000
00000001
00000001
00000001

00000111
00000010
00001110
00000011
00000010
00000000
00000000
00000000

00000000
00000000
00000000
00000010
00000010
00000010
00000000
00000000

00000000
00000000
01100000
01000000
00000000
00000000
00000000
00000000

00000000
00000000
00000000
00000000
00000100
00011100
00000000
00000000

00000000
00000000
00000000
00001100
00000000
00000000
00000000
00000000

00000000
11100000
01110000
00100000
00100000
00000000
00000000
00000000

00000110
00111110
00011110
00001000
00000000
00000000
00000000
00000000

00000000
00000000
00000000
00000011
00000000
00000000
00000000
00000000

00000000
00000000
11100000
01100000
11000000
00000000
00000000
00000000

00000000
00000000
00000000
00000000
00000000
00000000
10100000
11100000

00000000
00000000
00000000
00000000
00110000
00010010
00110111
01111110

00000000
00000000
00000000
00000000
00000000
00110000
00111000
00001100

00011000
00000000
00000000
00000000
00000000
00000000
00000000
00000000

10111110
11111110
01100100
00000000
00000000
00000000
00000000
00000000

00000000
00000000
00000000
00000000
01110100
11111100
00110000
00100000

11000000
11110000
11100000
11000000
00000000
00000000
00000000
00000000

00000000
11000000
11110000
00000000
00000000
00000000
00000000
00000000

00000000
00000000
00000000
00000000
00000000
00000000
00010000
00111100

00000000
01000000
01000000
01110000
00000000
00000000
00000000
00000000

00111100
11111000
11110000
11000000
00000000
00000000
00000000
00000000

00001100
00000111
00000000
00000000
00000000
00000000
00000000
00000000

00000000
00000000
00000000
00000000
00000000
00001000
01111000
00110000

00000000
00000000
00000000
00000000
00000000
00000000
00000111
00000111

10000000
11000000
11100000
11100000
11100000
11100000
00000000
00000000

00000000
00000000
00100000
00100000
00100000
11111000
01100000
00100000

00000001
00000001
00001101
00000111
00000111
00000000
00000000
00000000

00000000
00000000
00000111
00000111
00000011
00000010
00000000
00000000

00000000
00000000
00100000
00100000
11111000
01111100
01110000
00000000

00000000
00000000
00000100
00000100
00000111
00100111
00111110
00000010

00000000
00000000
10100000
11111000
11100000
01100000
00000000
00000000

00000000
00000000
10100000
11100000
11000000
01000000
00000000
00000000

00000000
00000000
00000000
00000010
00000110
00000111
00001111
00001111

00111000
00110000
00110000
00100000
00100000
00000000
00000000
00000000

00000000
00000000
00000000
00110000
00111000
00011100
01111110
00000110

00000000
00000000
00000000
10000000
11100000
11100000
11101000
10111100

00000000
10000000
00000000
00000000
00000000
00000000
00000000
00000000

00000000
00000000
10000000
11100000
11000000
10000000
10000000
00000000

00000001
00000001
00000011
00000011
00000000
00000000
00000000
00000000

00000000
00000000
00000110
00001111
00001011
00001011
00001000
00000000

00000000
00000100
00000111
00000100
00000000
00000000
00000000
00000000

00000000
00000000
00000000
00000000
01000000
00000000
00000000
00000000

00000000
00000000
00000000
00000000
00000000
00000000
10000000
11100000

01000000
11000000
11111100
10101000
00000000
00000000
00000000
00000000

00000000
00000000
00000000
00000000
00000111
00001110
00001111
00011111

00000000
00000000
00000000
00000011
00001111
00001001
00000000
00000000

00000000
00000000
00000000
10000000
11001000
11111100
01111000
11000000

00000001
00000011
00000001
00000001
00000001
00000000
00000000
00000000

00000000
00000000
00000000
00000111
00000100
00011100
00111100
00001110

00000000
00000000
00000010
00000111
00000111
00000100
00000000
00000000

00000000
00000000
00000000
00000000
00000000
00100000
00100000
01111000

01111000
01100000
01100000
01100000
11100000
01100000
00000000
00000000

00000011
00000011
00001111
00000111
00000000
00000000
00000000
00000000

00000001
00000011
00000110
00000000
00000000
00000000
00000000
00000000

00000000
00000000
00000000
00001000
00001011
00011110
00001110
00001100

00000000
00000000
10000000
10000000
10000000
11000000
01000000
00000000

00000000
00000000
00000000
00000011
00001111
00001101
00000001
00000011

00000000
00110000
11110000
00000000
00000000
00000000
00000000
00000000

00000000
00000000
00000000
00000000
10000000
10000000
11000000
11100000

00000101
00011111
00000001
00000001
00000001
00000000
00000000
00000000

01000000
01110000
00011100
11110000
00111000
00110000
00000000
00000000

11000000
11100000
01110000
01110000
01100000
11000000
01000000
00000000

00111111
00010110
00010100
00000100
00000000
00000000
00000000
00000000

00000000
00000000
00000000
00000000
00000000
00001011
00001111
00001001

00000001
00000011
00000111
00000111
00000001
00000001
00000001
00000001

00000000
00000000
00000000
00000100
00001110
00000000
00000000
00000000

00000000
00000010
00000010
00000010
00000111
00011100
00000111
00000101

00000000
00000000
00000000
00000000
00000000
00000000
10000000
11100000

00000000
00000000
00000000
00000000
00001110
00111100
00011100
00000000

00000000
00000000
00000000
00000000
01000000
11100000
00110000
00010000

00000000
00000000
00000000
00100000
01100000
11000000
11000000
11000000

01100000
00000000
00000000
00000000
00000000
00000000
00000000
00000000

00000000
00000000
00000000
11000000
01000000
11111000
11000000
11000000

00000011
00000011
00000001
00000000
00000000
00000000
00000000
00000000

00000000
00000010
00000010
00000010
00011111
00001101
00000000
00000000

00000000
00000000
00000000
00000000
00000000
00000000
00001000
00011100

00000000
00000000
00000000
00000000
00100000
00110100
00011110
00001110

00000000
00000000
01110000
01110000
00000000
00000000
00000000
00000000

00000011
00000111
00000110
00000100
00000000
00000000
00000000
00000000

00000000
00000010
00000110
00000111
00000110
00000000
00000000
00000000

00000000
00000000
11000000
00000000
00000000
00000000
00000000
00000000

00000000
00000000
00000000
00000000
01100000
11100000
11000000
11000000

00000000
00000000
00000000
00000000
00000000
00000000
00000000
00000001

00000000
00000000
00000000
00000000
00000000
01000000
01100000
11000000

00000000
00001000
00001000
00000000
00000000
00000000
00000000
00000000

00000000
00000000
00000000
00000000
00001000
00001111
00001110
00000110

00000000
00000000
00000000
00000000
00010000
00010000
00010000
00000000

00000000
00000000
00000000
00000000
00001000
00000000
00000000
00000000

00000000
00000000
00100000
00100000
00000000
00000000
00000000
00000000

11110000
11000000
00000000
00000000
00000000
00000000
00000000
00000000

00000000
00100000
01110000
00111000
00100000
00000000
00000000
00000000

00000000
00000001
00000001
00000011
00001111
00011011
00000001
00000001

11111100
01101110
00000100
00000100
00000000
00000000
00000000
00000000

00000000
00000000
00011000
00010000
00110000
00000000
00000000
00000000

11111111
00111010
00000000
00000000
00000000
00000000
00000000
00000000

00000000
00000000
00000000
00000000
11100000
11110000
01111100
00001000

00000000
00000000
00000000
00000000
00000000
00000000
00001100
00111100

11000000
11000000
11010000
11110000
01000000
00000000
00000000
00000000

00000000
00000000
00000000
00000000
00010000
00111100
00111111
00011111

00000000
00010000
00110000
01110000
01111000
01010000
00000000
00000000

00000000
00000000
00000000
00000000
00000000
00000000
00000000
00100000

00000000
00000100
00001111
00000111
00000001
00000000
00000000
00000000

00000000
00000000
00000000
00000000
00001000
11001000
01111100
00110000

00001100
01001000
11111000
01001000
11000000
00000000
00000000
00000000

00000000
00001000
00011100
00000000
00000000
00000000
00000000
00000000

00000000
00000000
00001100
00001100
00000110
00000111
00000100
00000000

00000000
01000000
11100000
00000000
00000000
00000000
00000000
00000000

00000000
00000000
00000011
00001011
00011111
00001000
00000000
00000000

00000000
00000000
00000000
00000000
00100000
11100000
11111000
00111000

00000000
00001110
00000000
00000000
00000000
00000000
00000000
00000000

00000000
00001111
00000001
00000001
00000000
00000000
00000000
00000000

00000000
00000000
00000000
00000000
00100000
10110000
11100000
11100000

00000000
00110000
00000000
00000000
00000000
00000000
00000000
00000000

00000000
00100000
01100000
11110000
11000000
00000000
00000000
00000000

00000000
00000000
00000000
00000000
00010000
00011100
00011100
00010000

00111000
01110000
01000000
00000000
00000000
00000000
00000000
00000000

00000000
00000000
00000000
00000000
00000000
00001000
00011100
00111111

00000000
00000000
00000000
00000000
00000000
00000100
00001110
00000100

00000000
00000100
00000110
00011110
00010011
00000010
00000000
00000000

10100000
11100000
11111000
00000000
00000000
00000000
00000000
00000000

10111111
11111000
00011000
00010000
00010000
00000000
00000000
00000000

00000000
00000000
00000000
11000000
01000000
01111000
00000000
00000000

00000000
00000000
01000000
01000000
01000000
11100000
00000000
00000000

00000000
00000000
00000001
00000001
00001001
00001011
00001111
00000111

00000000
00000000
00000000
00000000
00000000
00000000
00000011
00000110

00000000
00000000
00000010
00000010
00000111
00000000
00000000
00000000

00000000
00000011
00000000
00000000
00000000
00000000
00000000
00000000

00011101
00011111
00001101
00001001
00000000
00000000
00000000
00000000

00000000
00000000
00000000
00000000
00000110
01111110
01010010
00000000

00000000
00000000
00000000
00000000
00100000
00110000
01110110
11111100

00000010
00000011
00011011
00111111
00010001
00000000
00000000
00000000

11100000
11100000
10000000
10000000
00000000
00000000
00000000
00000000

00000000
00000000
00000000
00000000
00000000
00000011
00111111
00000111

00000010
00000011
00000111
00001111
00000101
00000100
00000000
00000000

00000000
00000000
00000000
00000000
00000000
00000000
01000000
01110000

00000000
00000000
00000000
00010000
00011110
00011010
00001000
00001000

00000111
00000110
00001111
00011000
00000000
00000000
00000000
00000000

11110000
10111000
00000000
00000000
00000000
00000000
00000000
00000000

00000000
00000000
00000000
00000000
00000000
00000000
01000000
01000000

00011100
00011111
00011101
00000000
00000000
00000000
00000000
00000000

00000001
00000001
00000001
00000111
00000111
00000011
00000011
00000001

00000000
00000000
00000011
00000010
00011111
00011001
00000000
00000000

00000000
00001100
00000100
00000000
00000000
00000000
00000000
00000000

00001001
00001111
00001111
00000111
00000010
00000000
00000000
00000000

00000000
00000000
00000000
00000010
00000010
00000110
00000111
00000000

00000000
00000000
00000000
00000000
00000001
00000001
00000000
00000000

00000000
00000000
00000000
00001000
00001000
00001000
00000000
00000000

00000000
00000000
00000000
00000111
00000110
00000111
00001100
00000000

01111111
00100100
00000000
00000000
00000000
00000000
00000000
00000000

00000000
00000000
00001111
00001111
00001100
00001000
00000000
00000000

00000000
00000000
00000000
00000000
00000000
00000000
00100000
01100000

00000111
00000100
00000000
00000000
00000000
00000000
00000000
00000000

11100000
11000000
10000000
10000000
00000000
00000000
00000000
00000000

00000000
00000000
00000000
00000000
00001110
00001110
11111000
01111100

00000000
00000000
00000000
00000000
00000000
00111000
01111000
11111110

10000000
10000000
11100000
00000000
00000000
00000000
00000000
00000000

00100000
00100000
00100000
00000000
00000000
00000000
00000000
00000000

00101110
00111110
00111110
00000000
00000000
00000000
00000000
00000000

00000000
00000000
00000001
00000001
00000001
00000000
00000000
00000000

00000000
00000000
00000000
00000001
00000001
00000001
00000111
00000011

00000000
00000001
00000001
00000011
00000011
00001110
00000000
00000000

00000000
00000000
00000000
00000000
00000111
00000111
00001111
00000111

01111000
01110000
00000000
00000000
00000000
00000000
00000000
00000000

00000011
00000011
00000011
00000110
00000010
00000000
00000000
00000000

11000000
10000000
00000000
00000000
00000000
00000000
00000000
00000000

00000000
00000000
00000000
00000000
00000000
00000001
00011111
00001111

00000000
00000000
00000000
00000010
00000011
00000011
00000111
00000111

00000000
00000000
00010000
00000000
00000000
00000000
00000000
00000000

00011110
00011110
00011011
00000010
00000000
00000000
00000000
00000000

00000000
00000000
10000000
11010000
01110000
01000000
01000000
11000000

00001110
00000000
00000000
00000000
00000000
00000000
00000000
00000000

00011110
00111000
00001000
00000000
00000000
00000000
00000000
00000000

00000000
00000000
00000000
00100000
00110000
00110000
00010000
00000000

00000010
00000010
00000011
00000011
00000011
00000000
00000000
00000000

00000000
00100000
11111100
11110000
11110000
01000000
00000000
00000000

00000000
00000000
00000000
00000100
00001100
00000000
00000000
00000000

00000000
00000000
00000000
00000000
00010000
10111100
11111100
00100100

10000000
11000000
11000000
11100000
11000000
11000000
00000000
00000000

00000000
00000000
00001000
00001000
00011100
00011110
00001000
00000000

01110000
01100000
00000000
00000000
00000000
00000000
00000000
00000000

00000000
00000000
00000000
00000000
00000000
00000100
00001100
00000000

00000000
00000000
00000000
00000000
00000000
00100000
01111000
00111110

01110000
11111100
11011000
00010000
00000000
00000000
00000000
00000000

11111100
10010000
11000000
01100000
11000000
01000000
00000000
00000000

00000000
00000000
00000000
00000000
00000000
10100000
11100000
11000000
