00000000000000000000001111111111
00000000000000000000001111111111
00000000000000000000001111111111
00000000000000000000001111111111
00000000000000000010001111111111
00000000000000000000001111111111
00000000000010000000001111111111
00000000000000000000001111111111
00000000000000000000001111111111
00000000000000000000001111111111
00000000000000000000001111111111
00000000000000000000001111111111
00100000000000000000001111111111
00000000000000000000001111111111
00000000010000000000001111111111
00000000000000000000001111111111
00000000000000000000001111111111
00000000000000000000001111111111
00000000000000000000001111111111
00000000000000000000001111111111
00000000000000000000001111111111
00000000000000000000001111111111
00000000000000000000001111111111
00000000000000000000001111111111
10000000000000000000001111111111
00000001000000000000001111111111
00000000000000000000001111111111
00000000000000000000001111111111
00000000000000000001001111111111
00000000000000000000001111111111
00000000000001100000001111111111
11111111111111111111111111111111

4
00000000
01000000
01000000
00000000
00000000
00000000
00000000
00000000

00000000
00000000
00000000
00000000
01100000
00000000
00000000
00000000

01000000
01000000
01000000
01000000
00000000
00000000
00000000
00000000

00111110
11111000
00011100
00001000
00000000
00000000
00000000
00000000
