00000000000000000000000011111111
00000000000010000000000011111111
00000000000000000000000011111111
00000000000000000000000011111111
00000000000000000000000011111111
00000000000000000000000011111111
00000000000000000000000011111111
00000000000000000000000011111111
00000000000000000000000011111111
00000000000000000000000011111111
00000000000000000000000011111111
00000000000000000000001011111111
00000000000000010000000011111111
00000000000000000000000011111111
00000000000000000000000011111111
00000000000000000000000011111111
00000000010000000010000011111111
00000000000000000010000011111111
00000000000000000000000111111111
00000000000000000000000011111111
00000000000000000000000011111111
00000000000000000000000011111111
00000000000000000000000011111111
00000000000000000000010011111111
00000000000000000000000011111111
00000000000000000000000011111111
11111111111111111111111111111111
11111111111111111111111111111111
11111111111111111111111111111111
11111111111111111111111111111111
11111111111111111111111111111111
11111111111111111111111111111111

131
00000000
00000000
00000000
00000000
00000000
00000000
00100000
00000000

00000000
00000000
00000000
00000000
00111000
00000000
00000000
00000000

00000000
00000000
00000000
00000000
00000000
00010000
00110000
00111100

00000000
00000000
00000000
00000000
00000000
00000001
00000011
00000000

00000000
00000000
00000000
00010000
11110000
01110000
11100000
01100000

00000000
00000000
00000100
00000100
00000100
00000000
00000000
00000000

00000000
00000000
00000000
00000000
00000000
00000000
00000000
00000001

00000000
00000000
11100000
01100000
11100000
10100000
00000000
00000000

00000000
10000000
11100000
11110000
00100000
00000000
00000000
00000000

00000000
00000000
10000000
11100000
11100000
11100000
11100000
11100000

00011111
00000100
00000000
00000000
00000000
00000000
00000000
00000000

00000000
00000000
00000000
00000000
00000000
00100000
11110110
11011110

00000000
00000001
00000011
00000010
00000000
00000000
00000000
00000000

00000000
00000000
00000000
00000000
00000000
00000000
11100000
01000000

00000111
00000111
00000010
00000000
00000000
00000000
00000000
00000000

00000000
00000000
00000000
00000000
00000000
00000000
00010110
01111110

00000000
00000000
00000000
00000000
00000000
00000100
00000110
00001110

00000000
01000000
11000000
10000000
00000000
00000000
00000000
00000000

11000000
01100000
00000000
00000000
00000000
00000000
00000000
00000000

00010000
00111100
00011000
00000000
00000000
00000000
00000000
00000000

00000000
00001000
00001110
00001110
00001111
00000110
00000000
00000000

00000000
00000000
00000000
00001000
00001000
00001100
00001000
00011000

00000000
00000000
00000000
00000000
00010010
00110011
00011011
00011111

00000000
00000000
00000000
00000000
00000000
00001110
00001111
00000110

00000000
00000000
00000000
00000000
00000000
00000000
00000100
00000000

00000000
00000000
00000011
00000010
00000000
00000000
00000000
00000000

00000001
00000111
00000011
00000001
00000001
00000111
00001101
00001001

00000000
01000000
01000000
11100000
11000000
11000000
01000000
00000000

00000000
00000000
00000000
00000000
00000000
00000000
00000000
00110000

00000000
00000000
00000000
00000000
00100000
11110000
11100000
11000000

00000000
00000000
00000000
00000000
00000000
00100000
00100000
00000000

00000000
00000000
00000000
00000000
00010000
00011100
00011100
00011110

00000000
10000000
10000000
11000000
11110000
11110000
00000000
00000000

00000000
00000000
00000000
00000000
00000000
00000100
00000000
00000000

00000000
00000000
00000000
00001000
00001111
00000110
00000011
00000000

00011100
01111111
00001100
00001110
00000000
00000000
00000000
00000000

00000000
00000100
00000100
00001100
00000000
00000000
00000000
00000000

11000000
00000000
00000000
00000000
00000000
00000000
00000000
00000000

00001110
00000010
00000000
00000000
00000000
00000000
00000000
00000000

00000000
00000000
00001000
00001011
00001011
00001111
00000111
00000010

00000111
00000111
00011111
00010011
00000011
00000000
00000000
00000000

00000000
00000000
00000000
00000000
00100000
00100000
01110000
00010000

11100000
00000000
00000000
00000000
00000000
00000000
00000000
00000000

00000000
00000000
10110000
11110000
11110000
11000000
01000000
00000000

00000000
00000000
00000000
00000000
00011000
00011100
01110000
00000000

00000000
00000000
00000000
00000000
00000100
00001100
00000000
00000000

00000111
00000100
00000000
00000000
00000000
00000000
00000000
00000000

00000000
00000011
00000001
00000000
00000000
00000000
00000000
00000000

00000000
00000000
00000000
00000000
00001000
00011000
00001110
00001000

00000000
00000000
00000000
00000000
00000000
00000000
00000010
00000011

00000000
00000000
00000000
00000000
00100000
01100000
11110000
11110000

00000000
00000000
00000000
00000000
00000000
00000000
00110000
00010000

11110000
10000000
10000000
00000000
00000000
00000000
00000000
00000000

00001111
00011111
00001111
00000110
00000100
00000000
00000000
00000000

00000000
00000000
00000000
00001100
00111110
00101000
00000000
00000000

00000000
00000000
01100000
01100000
00110000
00000000
00000000
00000000

00000000
00000000
00000000
00000000
00000011
00001111
00000011
00000000

00000000
00000000
00000000
00000000
00000000
00000000
00000110
00000000

00000000
00000010
00000110
00000100
00000000
00000000
00000000
00000000

00000011
00000011
00000001
00000011
00000001
00000111
00000001
00000000

00000000
00000000
00000000
00000000
11000000
11000000
11100000
11100000

00000011
00000011
00000010
00000000
00000000
00000000
00000000
00000000

11110000
11111000
00000000
00000000
00000000
00000000
00000000
00000000

00000000
00000000
00000000
00000000
00000000
00000011
00000111
00000110

00000000
00000100
00001100
00000000
00000000
00000000
00000000
00000000

00000000
00000000
00000000
00000010
00000000
00000000
00000000
00000000

00000000
00000000
00000000
00000000
00000000
01000000
01111000
00011100

00000100
00000100
00001110
00000011
00000010
00000000
00000000
00000000

00000000
00000000
00000001
00000001
00001111
00001011
00000011
00000000

10000000
10000000
11100000
10111000
10100000
00000000
00000000
00000000

11000000
11110000
11000000
00000000
00000000
00000000
00000000
00000000

00100000
00100000
01110000
01100000
01100000
11100000
11000000
00000000

11110000
11100000
01000000
00000000
00000000
00000000
00000000
00000000

00000000
00001000
00111100
00100000
00100000
00100000
00000000
00000000

00000000
00000000
00000000
00000000
00000000
00110000
00000000
00000000

00000000
00001100
00000100
00000000
00000000
00000000
00000000
00000000

00001110
00011011
00001000
00000000
00000000
00000000
00000000
00000000

00000000
00000000
00000000
00000000
00001000
00011010
00011110
00111111

00000000
00000100
01111100
00011110
00001110
00000000
00000000
00000000

00000000
00000000
00000000
10000000
11000000
11100000
00000000
00000000

10000000
00000000
00000000
00000000
00000000
00000000
00000000
00000000

00111000
01101000
11100000
01100000
00000000
00000000
00000000
00000000

00000000
00000000
00000000
00000000
00000000
00000001
00000111
00000111

00000000
10000000
11111000
11100000
11000000
10000000
00000000
00000000

11000000
01000000
00000000
00000000
00000000
00000000
00000000
00000000

00000000
00000000
00001100
00001111
00001000
00011000
00000000
00000000

00111100
00111110
00100100
00000100
00000000
00000000
00000000
00000000

00000111
00000110
00000110
00000011
00000000
00000000
00000000
00000000

00000000
00000000
00100000
01111000
01110000
11110000
01100000
11000000

11110000
11100000
11000000
11000000
11000000
00000000
00000000
00000000

00000000
00000000
00000000
00000000
00000000
00100000
00000000
00000000

00101110
00111111
00011110
00010000
00000000
00000000
00000000
00000000

11000000
01110000
11111000
01000000
00000000
00000000
00000000
00000000

00000000
00000000
00000000
00101100
00111000
00010000
00000000
00000000

00000000
00000000
11000000
10000000
00000000
00000000
00000000
00000000

00000000
00000001
00000001
00000001
00000001
00000000
00000000
00000000

00010000
01111110
00101110
00001000
00000000
00000000
00000000
00000000

00000110
00000111
00001111
00000011
00000011
00000001
00000001
00000000

00000000
00000100
00000111
00000110
00000111
00000010
00000000
00000000

00110000
00011110
00001000
00000000
00000000
00000000
00000000
00000000

11111000
01111000
01100000
11110000
01000000
00000000
00000000
00000000

01111100
01110000
00010000
00000000
00000000
00000000
00000000
00000000

00000000
00000000
00000000
00000000
00000000
00111100
10111100
11111100

00000000
00000000
00000000
00000000
00000000
00000000
01100000
00000000

00010000
00010000
00000000
00000000
00000000
00000000
00000000
00000000

00000000
00000000
00000000
00000000
00000000
00000000
00010000
00000000

11111000
00111000
00000000
00000000
00000000
00000000
00000000
00000000

00000000
00000000
00000000
00000000
00000000
10000000
11000000
11000000

00000011
00000111
00011110
00000000
00000000
00000000
00000000
00000000

00000110
00000110
00000111
00001111
00011100
00001000
00000000
00000000

00000000
00000100
00010100
00011110
00111110
00001000
00000000
00000000

01110000
11000000
10000000
00000000
00000000
00000000
00000000
00000000

00001100
00011110
00001100
00001000
00000000
00000000
00000000
00000000

00000000
00000000
01000000
11000000
11110000
01110000
00100000
00000000

11111000
11110000
11110000
01110000
00000000
00000000
00000000
00000000

11000000
11100000
11000000
11000000
11000000
10000000
00000000
00000000

00000000
00000000
00000000
00000000
00000000
00010000
00011111
00001110

00000000
00000000
00000000
00000000
00000000
00100000
01110000
01111000

00000000
00000000
00000000
10000000
10000000
00000000
00000000
00000000

00000000
00000000
00000010
00000111
00001110
00000010
00000010
00000000

00000000
00000000
00000000
00000000
01110000
11111100
00101000
00000000

00000000
00000000
00000000
00000000
00000001
00011011
00011111
00011110

00010000
00111000
01111110
11000000
11100000
00100000
00000000
00000000

00000011
00000001
00000111
00000000
00000000
00000000
00000000
00000000

00000011
00000010
00000010
00000000
00000000
00000000
00000000
00000000

00000000
00000000
00000000
00000000
00000000
00000000
11000000
01000000

10000000
11000000
11110000
11100000
10000000
10000000
10000000
10000000

00000000
00000000
00000000
00000000
00000000
00000010
00000000
00000000

00000000
00000000
00000000
00001000
00011000
00001000
00001100
00000110

00000001
00001111
00001111
00001111
00000110
00000000
00000000
00000000

00001111
00000110
00000000
00000000
00000000
00000000
00000000
00000000
