00000000000000000000000000000011
00000000000000000000000000000011
00000000000000000000000000000011
00000000000000000000000000000011
00000000000000000000000000000011
00000000000000000000000000000011
00000000000000000000000000000011
00000000000000000000000000000011
00000000000000000000000000000011
00000000000000000000000000000011
00000000000000000000000000000011
00000000000000000000000000000011
00000000000000000000000000000011
00000000000000000000000000000011
00000000000000000000000000000011
00000000000000000000000000000011
00000000000000000000000000000011
00000000000000000000000000000011
00000000000000000000000000000011
00000000000000000000000000000011
00000000000000000000000000000011
00000000000000000000000000000011
10000000000000000000000000000011
00000010000000000000000000000011
00000000000000000000000000000011
00000000000000000000000000000011
00000000000000000000000000000011
00000010000000000000000000000011
11111111111111111111111111111111
11111111111111111111111111111111
11111111111111111111111111111111
11111111111111111111111111111111

52
00000000
00000000
00000000
00000000
00000100
00000100
00000000
00000000

00000000
00100000
11100000
11100000
11110000
10010000
00000000
00000000

00000000
00000000
00000001
00000011
00000010
00000010
00000110
00000010

00000000
00000000
00000100
00001101
00001111
00000000
00000000
00000000

00000000
00000000
00000000
00000000
00000100
00000100
00000000
00000000

00001111
00011110
00011100
00000000
00000000
00000000
00000000
00000000

00000000
00000000
00000000
00000000
00000000
00000011
00001111
00000111

00000000
00000000
00000000
00000000
00000000
01000000
01111000
00010000

00000000
00000000
00000000
00000000
01100000
01110000
00111100
00011100

00000000
00000000
00000000
00000000
00000001
00000000
00000000
00000000

00011111
00001111
00000000
00000000
00000000
00000000
00000000
00000000

00000000
10000000
10000000
10000000
11000000
01000000
01000000
00000000

00000000
00000000
00001000
00011000
00111000
00011111
00000110
00000000

00001000
00001111
00001100
00000000
00000000
00000000
00000000
00000000

00000000
00000000
00000000
00000000
00000000
00000000
01111000
00100000

00000000
00000000
00010000
00111100
00111100
00111000
00011000
00000000

00000000
00000000
00000000
00000000
00000000
00000000
00001100
00001000

00000000
00000000
00000000
10000000
10000000
11000000
11100000
11110000

00011111
00110111
00100000
00000000
00000000
00000000
00000000
00000000

00000111
00001110
00000110
00000000
00000000
00000000
00000000
00000000

00000000
00000000
00000000
01000000
11100000
11110000
11000000
00000000

00000000
00000001
00000001
00000001
00000001
00000101
00000111
00001111

00001111
00000100
00000100
00000000
00000000
00000000
00000000
00000000

00000000
00011110
00010000
00000000
00000000
00000000
00000000
00000000

00000000
00000000
00000000
00000000
00000000
00000001
00000000
00000000

00000000
00000000
00000000
00000000
00000000
11100000
11110000
11011000

00000001
00000001
00000001
00000111
00000001
00000111
00001111
00000100

00000000
01100000
00000000
00000000
00000000
00000000
00000000
00000000

00000000
00000000
00000000
00000000
00000100
00000000
00000000
00000000

00000000
00000010
00000111
00000001
00000000
00000000
00000000
00000000

00000000
00000000
00000000
01100000
01111000
11111000
00110000
00100000

00000000
00000000
00000000
00000000
00000010
00000000
00000000
00000000

00000000
00001000
01101000
01111110
01011110
00000100
00000000
00000000

00000000
00000000
00000000
00000000
00110000
00110000
01110000
00100000

00000000
00000000
00000000
00000010
00000011
00001111
00000111
00000111

00000000
00000000
00000000
00000110
00000011
00001111
00000011
00000011

00100000
00000000
00000000
00000000
00000000
00000000
00000000
00000000

00000010
00000000
00000000
00000000
00000000
00000000
00000000
00000000

00000000
00000000
00000000
00000000
11000000
10000000
00000000
00000000

00000000
00000000
00000010
00011110
00001111
00001011
00000011
00000011

00000000
00011000
01110000
01100000
11100000
00100000
00100000
00000000

00000110
00011110
00000011
00000000
00000000
00000000
00000000
00000000

00000000
00000000
00000000
00000000
00000000
01111000
01111100
00011000

00000000
00000000
00000000
00000000
00000000
00000000
00000011
00000000

00000000
00100000
01100000
00111100
11110000
11010000
10000000
00000000

11110000
11110000
11000000
01000000
00000000
00000000
00000000
00000000

00000000
00000000
00000000
00000000
00000000
00000000
10000000
00000000

11000000
11100000
10000000
00000000
00000000
00000000
00000000
00000000

00110000
00010000
00010000
00000000
00000000
00000000
00000000
00000000

00000000
00000000
01100000
00100000
00100000
00100000
00000000
00000000

00000000
00001000
00000000
00000000
00000000
00000000
00000000
00000000

00000000
00011000
00111100
00100000
00100000
00100000
00000000
00000000
