00000000000000000000000000000001
00000000000000000000000000000001
00000000000000000000000000000001
00000000000000000000000000000001
00000000000000000000000000000001
00000000000000000000000000000001
00000000000000000000000000000001
00000000000000000000000000000001
00000000000000000000000000000001
00000000000000000000000000000001
00000000000000000000000000000001
00000000000000000000000000000001
00000000000000000000000000000001
00000000000000000000000000000001
00000000000000000000000000000001
00000000000000000000000000000001
00000000000000000000000000000001
00000000000000000000000000000001
00000000000000000000000000000001
00010000000000000000000000000001
00000000000000000000000000000001
00000000000000000000000000000001
00000000000000000000000000000001
00000000000000000000000000000001
00000000000000000000000000000001
11111111111111111111111111111111
11111111111111111111111111111111
11111111111111111111111111111111
11111111111111111111111111111111
11111111111111111111111111111111
11111111111111111111111111111111
11111111111111111111111111111111

159
10000000
10000000
11100000
11110000
11100000
00000000
00000000
00000000

00000000
00000000
00000000
00000100
00000111
00001111
00000111
00000111

00000000
00000000
00000000
00000000
00000000
00000011
00000000
00000000

00000000
01100110
00111110
00101110
00000011
00000001
00000000
00000000

10000000
11000000
11100000
11100000
10000000
10000000
10000000
00000000

00010000
01111110
00110000
00110000
00110000
00000000
00000000
00000000

00000000
00000000
00000000
00000000
01000000
01110000
01110100
11111100

00000000
00000000
00000000
00000000
00100000
01100000
11110000
11100000

00000000
00000000
00000000
01100000
01000000
00000000
00000000
00000000

00000000
00000001
00000111
00000011
00000011
00000010
00000000
00000000

00000000
00000000
00000000
00000000
00001000
01111000
00110000
00000000

00000000
00000100
00000000
00000000
00000000
00000000
00000000
00000000

00000000
00000000
00000000
00000000
10000000
11100000
00000000
00000000

00000000
00000000
00000000
00000000
00000000
00000000
00011100
00000000

00000000
00000000
00000000
00000011
00000001
00000111
00000011
00000000

00000000
00000000
00000000
00000000
00001101
00000111
00000111
00000111

00000000
00000000
00000000
00000000
00000000
00000011
00000111
00000001

00000000
00000000
00000000
00000000
00000000
00000001
00000001
00000001

00000000
00000111
00000111
00000111
00011101
00000001
00000000
00000000

00010000
00011100
00111100
00101100
00001000
00000000
00000000
00000000

00000000
00000000
00000000
00000000
00000011
00000111
00000011
00111111

11110000
11000000
10000000
10000000
00000000
00000000
00000000
00000000

00000000
00000000
00000000
00000000
00000000
00001100
00011110
00111000

01000000
11000000
01100000
01100000
00100000
00000000
00000000
00000000

00000000
00000000
00000000
00100000
00100000
00100000
00000000
00000000

00001000
00011000
00110000
00000000
00000000
00000000
00000000
00000000

00100000
01100000
00100000
00000000
00000000
00000000
00000000
00000000

00001101
00111111
00001111
00000010
00000011
00000000
00000000
00000000

00000000
00000000
00000000
00000000
00000000
00000000
00001000
00001100

00000000
00000000
00000000
00000000
00000000
00000000
01100000
00000000

00000000
00000000
00000000
00000110
00001111
00001110
00000111
00000000

00000000
00000000
00000000
00000100
00001100
01001110
11111100
00011100

00000000
00001000
00000000
00000000
00000000
00000000
00000000
00000000

00000000
00000000
01110000
00000000
00000000
00000000
00000000
00000000

11110000
11111000
10001100
10001000
00001000
00000000
00000000
00000000

00000111
00000111
00001111
00001011
00000001
00000000
00000000
00000000

00000000
00000000
00000000
00000000
00000000
01000000
11000000
10000000

00001111
00011100
00000000
00000000
00000000
00000000
00000000
00000000

00000000
00000000
01000000
01000000
01000000
01000000
00000000
00000000

00000000
00000000
00000000
00000000
00001110
00000010
00000000
00000000

00000000
00001000
00111000
11111110
10011100
00010000
00000000
00000000

11110000
11111100
00100000
00100000
00000000
00000000
00000000
00000000

00000000
00000000
00011100
11110000
10110000
00000000
00000000
00000000

01110000
00000000
00000000
00000000
00000000
00000000
00000000
00000000

00000000
00000000
00000000
00000000
00000000
00001100
00001111
00000111

00010011
00011111
00001111
00000100
00000000
00000000
00000000
00000000

00000000
00000000
11111000
00011000
00011110
00000000
00000000
00000000

00000000
00000000
00000000
11000000
01000000
00000000
00000000
00000000

00000000
00000000
00000000
00000000
00000000
00000000
00001100
00000000

00000000
00000000
00000000
00000000
00000001
00000001
00000001
00000011

00000000
00000000
00000000
00000000
00000000
00111000
00011100
00000000

00000000
00000000
10000000
00000000
00000000
00000000
00000000
00000000

00000011
00000111
00001110
00000111
00000110
00000000
00000000
00000000

00000000
00000000
00000000
00000000
00000000
00000100
00000000
00000000

00000001
00000011
00000111
00000111
00000111
00000110
00000000
00000000

00000000
00000000
00000000
00000000
00000011
00000011
00000011
00000000

00000000
00000000
00000000
00000000
00000010
00001010
00111111
01111000

00000000
00000000
00000000
00000000
00000000
00100000
11101000
01111100

00000000
00000000
00000000
00001000
01111111
01001010
00001000
00001000

00000000
00000000
00000000
01110000
01000000
01100000
00000000
00000000

00000000
00000000
11000000
11110000
01100000
01000000
01000000
00000000

00111100
00111000
00011000
00001000
00000000
00000000
00000000
00000000

00000000
00000000
00000000
00000000
00000111
00000011
00000011
00000000

00000000
00000000
00000000
00000000
00000001
00000000
00000000
00000000

00000000
00000000
00000111
00010001
00011001
00001111
00000011
00000011

00000000
00000000
00000110
00000111
00000010
00000010
00000000
00000000

00110000
00010000
00010000
00000000
00000000
00000000
00000000
00000000

00100000
00110000
00110000
00000000
00000000
00000000
00000000
00000000

00000000
00000000
00000001
00000111
00000111
00000011
00000000
00000000

00111111
00001101
00001100
00001100
00000000
00000000
00000000
00000000

00000000
00000000
11000000
01000000
01100000
01000000
11000000
11000000

00000000
00000000
00000000
00000000
00000000
00100000
00111011
00111111

00000000
00011100
00000100
00000111
00000100
00000000
00000000
00000000

00000001
00000111
00000001
00000000
00000000
00000000
00000000
00000000

00000000
00000000
00000001
00000001
00001011
00001111
00000111
00000001

00000000
00000100
00011100
00111100
00001100
00001100
00001000
00000000

00000000
00001000
00011000
00001000
00000000
00000000
00000000
00000000

00000000
00000000
00001000
00001111
00011110
00001000
00000000
00000000

00000000
00000000
00000000
00000010
00000011
00011111
00000111
00000000

00000000
00000000
00000000
00001000
00001000
00011111
00011111
00000111

00000000
00000000
00000000
01100000
00100000
00000000
00000000
00000000

00000000
00000000
00000000
00000000
00000000
00001000
00011010
00111110

00000000
00000000
00001000
00011110
00011100
00001100
00000100
00000000

11111100
11111100
10101000
00001000
00000000
00000000
00000000
00000000

00000000
11000000
01110000
01110000
00100000
00000000
00000000
00000000

00111100
00011000
00010000
00010000
00000000
00000000
00000000
00000000

00000000
00000000
00000000
00000000
00001110
00000000
00000000
00000000

00000010
00000010
00001110
00000011
00000011
00000001
00000000
00000000

00000000
00000000
00000000
01100000
00110000
00000000
00000000
00000000

00000000
00000000
00000000
00000000
00000100
00000000
00000000
00000000

00000000
00000000
00000000
00010000
00010000
00010000
00000000
00000000

00000000
00000000
00000000
00000000
00000000
00000000
00000000
00000010

00000000
00000000
00000000
00000000
01000000
11110000
10100000
00000000

00000000
00000000
00000000
00000000
00000000
00000100
00101100
11111110

00000000
00000011
00000011
00000110
00000000
00000000
00000000
00000000

00000000
00000000
00000000
00000000
01111000
11111000
01111000
00111000

00110000
00111110
00010000
00010000
00000000
00000000
00000000
00000000

00000000
00000000
00000000
00000000
00000110
00000111
00011111
00111110

00000000
00010000
00011000
00001000
00011000
00111111
00001101
00000000

00000000
10000000
11000000
01100000
11110000
01100000
11100000
11000000

00000011
00000011
00000011
00000000
00000000
00000000
00000000
00000000

00000000
00000000
00000000
00000000
00000000
10000000
10000000
00000000

11111100
01100000
11100000
01000000
00000000
00000000
00000000
00000000

00000000
00000000
00000000
00000000
00000000
00010000
10011000
11111000

00111000
00101000
00101100
00101000
00000000
00000000
00000000
00000000

11111110
11111000
00100000
00110000
00000000
00000000
00000000
00000000

00000000
00000000
00000000
00010000
00011000
00011110
01111100
00111100

00000010
00000011
00000111
00011110
00111000
00011000
00001000
00000000

00000000
00000000
00000000
00000010
00000010
00000010
00000010
00000010

00000000
00000000
00000000
00000000
00000000
00110000
01110010
00111111

00010000
00111000
00000000
00000000
00000000
00000000
00000000
00000000

10000000
11000000
10000000
00000000
00000000
00000000
00000000
00000000

00000000
00000000
00000000
00000000
10111000
10101100
11100000
10100000

00000000
00000000
00000000
00011000
00001110
00000010
00000000
00000000

00000000
00000000
00000000
00000000
11100000
01110000
00111000
00011100

00000000
00000000
10000000
00000000
00000000
00000000
00000000
00000000

00000000
01010000
01111100
11011000
00000000
00000000
00000000
00000000

00000000
00000000
00001000
00001000
00001000
00001100
00011110
00000100

01110000
11110000
01000000
00000000
00000000
00000000
00000000
00000000

11000000
11000000
11110000
11000000
01000000
00000000
00000000
00000000

00000010
00000111
00001100
00000000
00000000
00000000
00000000
00000000

00000000
00000000
00100000
00100000
01100000
01000000
11000000
00000000

00000000
01000000
11000000
01000000
00000000
00000000
00000000
00000000

00000000
00000000
00000010
00000000
00000000
00000000
00000000
00000000

00101000
01111100
00000100
00000000
00000000
00000000
00000000
00000000

00000000
00111000
00011000
00010000
00000000
00000000
00000000
00000000

00000000
00000000
00000000
00000000
10000000
10100000
11100000
11100000

00000001
00000001
00000011
00000111
00000000
00000000
00000000
00000000

00111110
00011110
00010110
00000100
00000100
00000000
00000000
00000000

00000000
00000000
00001100
00000100
00011111
00011110
00000111
00000100

00000000
00000000
00000000
00010000
00111000
00011000
00010000
00000000

00000000
00000000
01000000
00000000
00000000
00000000
00000000
00000000

00000000
00010000
00000000
00000000
00000000
00000000
00000000
00000000

00000000
00000000
00000000
00000000
01100000
11000000
10000000
00000000

00000000
00000000
00000000
00000000
00100000
01110000
00000000
00000000

00000000
00000000
00000000
00000000
00000000
10000000
00000000
00000000

00000000
10000000
11100000
11110000
10000000
00000000
00000000
00000000

00000000
00000000
00000000
00000000
00000000
10000000
00000000
00000000

00000000
00000000
00000000
00000000
00000000
00000000
11000000
00000000

00000000
00000000
00000000
00100000
01111000
00000000
00000000
00000000

00000000
00000000
00000000
00000000
00100000
00100000
01111100
00111100

00000000
00000011
00001111
00000001
00000000
00000000
00000000
00000000

01111111
01000001
00000000
00000000
00000000
00000000
00000000
00000000

00000000
00000000
00000000
00000000
00000011
00011111
00000011
00000010

00000000
00000000
00000000
00000000
00000100
01101110
00111000
11110000

00000000
00010000
00010000
00010000
00010000
00000000
00000000
00000000

00000000
01100000
00100000
00100000
00110000
11100000
01100000
00000000

00000000
00000000
01100000
00110000
00110110
00111100
00010100
00010100

11111110
11101100
11000000
10000000
10000000
00000000
00000000
00000000

00000000
00000000
10000000
11100000
11100000
00100000
00000000
00000000

00000000
00000000
00000101
00000111
00000111
00000011
00000000
00000000

00000000
00000000
00000000
00000000
00000000
00000000
00001100
00000000

00011111
00010110
00000000
00000000
00000000
00000000
00000000
00000000

00001111
00001111
00000111
00000000
00000000
00000000
00000000
00000000

00000000
00000000
00000000
00000000
00000110
00000000
00000000
00000000

10000000
11000000
11000000
10000000
10000000
10000000
00000000
00000000

00000000
00000000
00000000
10000000
10000000
11000000
01000000
00000000

00000001
00000001
00000111
00000111
00000111
00000001
00000000
00000000

00000000
00000000
00000000
00000000
00000000
00110000
01110000
01110000
