00010000000000000100000111111111
00001100000001000000000111111111
00001000010000000110000111111111
00000000000000000000001111111111
00000000010000110001000111111111
11000010000001000000001111111111
10100100000000000000100111111111
00001000000000000010000111111111
00000000000010000000000111111111
00000000000000000000000111111111
00000000000000000000000111111111
10001000000000000100000111111111
00000010000000000000000111111111
00000000101000000000000111111111
00001100000000000000000111111111
00000000000000100000000111111111
00000000000000000000100111111111
00000000000000000000000111111111
00000000000000011100110111111111
00000000000010000101000111111111
00000010000000000000000111111111
00000000000000100000000111111111
00000000000000000000000111111111
11111111111111111111111111111111
11111111111111111111111111111111
11111111111111111111111111111111
11111111111111111111111111111111
11111111111111111111111111111111
11111111111111111111111111111111
11111111111111111111111111111111
11111111111111111111111111111111
11111111111111111111111111111111

10
00000000
00000000
00000000
00000111
00000110
00000111
00000110
00000000

11110000
11110000
00010000
00000000
00000000
00000000
00000000
00000000

00000000
00000000
00000000
00000000
10000000
11000000
10000000
00000000

00000000
00000000
00000000
00011000
00001000
00011000
00011000
00110000

00000000
00000000
01000000
11000000
00000000
00000000
00000000
00000000

00000000
00000000
00000000
00100000
11111110
11011000
00011000
00000000

00000000
00001000
00001000
00001000
01111000
11110000
01110000
01100000

00000000
00000000
00000010
00000010
00000110
00011111
00000010
00000000

00000000
00000000
00000000
00000000
00000011
00000111
00000111
00000111

00000111
00000011
00000001
00000001
00000000
00000000
00000000
00000000
