00000000000000000000000000000000
00001010000000000000000000000000
00000000000000000000000000000000
00000000000100000000000000000000
00100000000000000000000000000010
00100000000010000000000000000000
00000000000000000000000000000000
00001100000000010000000000000000
00000000000000000000000000000000
00000000000000000000000000010000
00010000000100000000000000000000
00000000000000000000000000000000
00000000000000000000000000000000
00000000000000000000000000001000
00000000000000000000000000000000
00000000000000000000000000000100
00010000000000000000000000000000
00000001000000000000001110000000
00001100000000000000000001001100
00000000000000010000000000000010
00000000000000000010000000000000
00000000000000000000000000000000
00000000000000000000001000000000
00000000000000000001000000000000
00000000000000000000000000000000
00000000000000100000000000000000
00000000000000000000010000000000
11111111111111111111111111111111
11111111111111111111111111111111
11111111111111111111111111111111
11111111111111111111111111111111
11111111111111111111111111111111

72
10000000
11010000
11110000
01110000
01000000
00000000
00000000
00000000

00000000
00111000
00100000
00000000
00000000
00000000
00000000
00000000

00000000
00000000
00000000
00000000
00000000
00000000
00000000
00110000

00000000
00000000
00001000
00001100
00011100
00001000
00000000
00000000

00000000
00000000
00000000
00000000
00000000
10000000
11100000
11110000

00000000
00000000
00000000
00010000
01110000
00010000
00011000
00011111

00000000
00000000
00000000
00000000
01000000
01000000
11010000
11110000

00000000
01110000
00100000
00100000
00100000
00100000
00000000
00000000

00000011
00000011
00000011
00000010
00000011
00000000
00000000
00000000

00000000
00000000
00000000
00000000
00000000
00000000
00001011
00011111

00000000
00000000
00000000
00110000
01111000
01111000
01001110
00000100

00000000
00000000
00000000
00000000
11000000
01100000
00000000
00000000

01111110
01110000
01000000
00000000
00000000
00000000
00000000
00000000

00000000
00000000
00000000
00000000
00100000
00101000
10111000
11110000

00000000
00000000
00000000
10000000
10010000
11110000
00100000
00100000

00000000
00000000
00000000
00000000
01100000
00000000
00000000
00000000

00000000
00000000
00000000
00000000
00000000
00000001
00000000
00000000

01000000
11100000
01110000
01110000
00110000
00100000
00100000
00000000

00000000
00000000
00000000
01100000
11100000
11100000
11110000
11110000

00000000
00000000
00000000
00000000
00000110
00001100
00001000
00000000

00000000
00000000
00000000
00000000
00000001
00000001
00000011
00001111

00000000
00000000
00000000
00000000
00000000
00001110
00001111
00000111

00000000
00000000
00000000
00000000
00001100
00111100
00001100
00000000

01000000
01110000
11000000
01000000
00000000
00000000
00000000
00000000

01111110
11101000
10100000
10000000
00000000
00000000
00000000
00000000

00000000
00000000
00000000
00000000
00000011
00000111
00000000
00000000

00001111
00011111
00001111
00000011
00000000
00000000
00000000
00000000

00000000
00000000
00000000
00000000
00000000
00010000
01011000
01110000

00000100
00011111
00011101
00111100
00011000
00000000
00000000
00000000

00000000
00000100
00001111
00000110
00000000
00000000
00000000
00000000

00000000
00011000
00011000
01111000
00111000
00010000
00010000
00000000

00000000
00000010
00001111
00000011
00000001
00000000
00000000
00000000

00000100
00000100
00000000
00000000
00000000
00000000
00000000
00000000

01111111
00011111
00000011
00000011
00000000
00000000
00000000
00000000

11110000
10111000
00111000
00100000
00000000
00000000
00000000
00000000

11000000
01000000
01000000
00000000
00000000
00000000
00000000
00000000

11100000
11110000
11011000
00011000
00000000
00000000
00000000
00000000

00000000
00100000
00110000
00000000
00000000
00000000
00000000
00000000

00000000
00000000
00000000
00000110
00000110
00000110
00001110
01111110

00000000
00000000
00000000
00000000
00110000
00110100
00111100
00011000

00010000
00010100
00011100
00001000
00000000
00000000
00000000
00000000

00000010
00001111
00000001
00000000
00000000
00000000
00000000
00000000

00110000
00111000
01111100
00010000
00000000
00000000
00000000
00000000

00000000
00000000
10000000
10100000
11110000
11000000
10000000
10000000

00000000
00000000
00000000
00000000
11100000
11110000
10110000
00100000

00000111
00000000
00000000
00000000
00000000
00000000
00000000
00000000

00001010
00001110
00001010
00000000
00000000
00000000
00000000
00000000

00000000
00101000
00111110
00111000
00010000
00010000
00000000
00000000

00000011
00000011
00000011
00000111
00000000
00000000
00000000
00000000

00000000
00000000
00000000
00000000
00001100
00000111
00000001
00000000

00000000
00000000
00000000
00000000
11011100
11110000
01000000
00000000

00110000
00111000
00111111
00001100
00000100
00000000
00000000
00000000

00000000
00000000
00000000
00010000
00011000
00010000
00000000
00000000

00000000
00010000
10011100
10110000
11111000
10110000
00000000
00000000

00000000
00000000
00000000
00000000
00000000
10110000
11100000
11000000

00001101
00001111
00011110
00000100
00000000
00000000
00000000
00000000

01111000
01110000
11110000
01010000
00010000
00000000
00000000
00000000

00100000
00100000
00000000
00000000
00000000
00000000
00000000
00000000

00000000
00000000
00000000
00000110
00000000
00000000
00000000
00000000

00000111
00000011
00000110
00000110
00001111
00000011
00000001
00000000

00000000
00000001
00000011
00000001
00000000
00000000
00000000
00000000

00000000
00000000
00000000
00000000
00000000
00110000
00000000
00000000

00000000
00000000
00000000
00000110
00001110
00000111
00011110
00010100

00000000
00000001
00000111
00000001
00000000
00000000
00000000
00000000

00000000
00000000
00000000
00000000
00000000
00000011
00000001
00000000

00000000
00000000
00000000
00000101
00000111
00000111
00000111
00000110

00000000
00000000
00000100
00000000
00000000
00000000
00000000
00000000

00000000
00010000
00011000
00011000
00010000
00000000
00000000
00000000

00000000
00000000
00000000
00000000
00000000
00001000
00001110
00000000

00000000
00000000
00000000
00010000
00111000
00101000
00000000
00000000

11110000
11110000
11100000
01000000
00000000
00000000
00000000
00000000

00000000
00000000
00000001
00000001
00000011
00001110
00001100
00000000
