00000100000000000000000000000011
00000000000000000000000000000011
00000000001000000000000000000011
00000000000000000100000000000011
00000000000000000000000000000011
00000000000000000000000001000011
00000000001000000000000000000011
00000000000000100000000000000011
00000000010000000000000001000011
00000000000000000000000000000011
00000001000000000000000000000011
00000000000000000000000000000011
00000000000100000000001000000111
00000000000000100000100000000011
00000000000000000000000000000011
00000000000000000000000000000011
00010010000000000000000000010011
00000010000000001000000000000011
00001000000000000000000000000011
00000000000000000000000000000011
00000010000000000000000000000011
00000000000000000000000000000011
11111111111111111111111111111111
11111111111111111111111111111111
11111111111111111111111111111111
11111111111111111111111111111111
11111111111111111111111111111111
11111111111111111111111111111111
11111111111111111111111111111111
11111111111111111111111111111111
11111111111111111111111111111111
11111111111111111111111111111111

155
00000000
00000000
00000000
00000000
00000000
00000000
01000000
11000000

00000000
00000000
00000000
00000000
00000000
00101000
00111100
00001100

00000000
00000000
11000000
11000000
11000000
11100000
01000000
00000000

00000000
00000000
00000000
00000000
00000010
00000011
00000011
00000111

00000000
11000000
11000000
01000000
00000000
00000000
00000000
00000000

00000000
00000000
00000000
00000000
00000000
00001110
00011000
00111000

00000111
00000111
00000000
00000000
00000000
00000000
00000000
00000000

00000000
00000000
00000000
00000010
00000010
00011010
00011111
00011111

00000000
00000000
00000000
00000000
11100000
11110000
11100000
01100000

00000000
00000000
00000000
00000000
00000100
00111111
00011100
00001100

11110000
11100000
11100000
11000000
10000000
00000000
00000000
00000000

00000000
00000000
01000000
11110000
11000000
10000000
00000000
00000000

00000000
00000000
00000000
01111000
00111100
00000110
00000111
00000011

00000000
00000000
00000000
00000000
00000000
00000000
11100000
11110000

00001000
00011000
00000000
00000000
00000000
00000000
00000000
00000000

00000000
00000000
00000000
00110000
00000000
00000000
00000000
00000000

00011100
01111100
01011100
00000000
00000000
00000000
00000000
00000000

00000111
00000111
00001100
01111100
00000110
00000000
00000000
00000000

11001000
01111100
00100000
00100000
00000000
00000000
00000000
00000000

00000000
00000000
00000000
00000000
00000000
00000000
11110000
11111000

00000000
00000000
01000000
01001000
11111000
11110000
10010000
11000000

00000000
00000000
00000000
00000000
00000000
00000001
00000011
00000111

00000000
00001100
00111100
00000100
00000100
00000000
00000000
00000000

00000000
00000000
00000000
00000000
00000000
10000000
10111000
11111000

01111100
00111000
00111000
00000000
00000000
00000000
00000000
00000000

00000000
00000000
00000000
00000000
00000000
00000000
01000000
00000000

00000000
00000000
00000000
00001010
00011111
00001000
00000000
00000000

00000000
00000000
00000001
00000101
00000111
00000011
00001111
00000111

01110000
01111000
01011000
01000000
01000000
00000000
00000000
00000000

00000000
00000000
00000000
00010000
01111000
00100000
00000000
00000000

11000000
11100000
10000000
10000000
10000000
00000000
00000000
00000000

00000000
00000000
00001110
00001000
00000000
00000000
00000000
00000000

00011100
00001000
00001000
00000000
00000000
00000000
00000000
00000000

01000000
01110000
01111110
00111100
00000000
00000000
00000000
00000000

00000011
00001111
00000100
00000000
00000000
00000000
00000000
00000000

00000000
00000000
00000000
00111000
01111000
01101100
01001000
00000000

01111110
00101100
00001000
00000000
00000000
00000000
00000000
00000000

11110000
11111100
01000000
00000000
00000000
00000000
00000000
00000000

00000000
00000000
00000000
00000000
00000000
00001111
00001011
00000011

00000010
00001111
00001010
00000010
00000000
00000000
00000000
00000000

00000000
00000011
00001111
00001110
00001010
00111000
00000000
00000000

00000000
10100000
11111100
01111000
01000000
00000000
00000000
00000000

10000000
10000000
11100000
00000000
00000000
00000000
00000000
00000000

11110000
11010000
10000000
10000000
00000000
00000000
00000000
00000000

00000000
00000000
00010000
00011000
01111110
11111000
10000000
10000000

00000000
00000000
00000000
10000000
10000000
10001000
11111000
01111100

00000000
00000000
00000000
11000000
11000000
11111000
11100000
11100000

00000111
00000010
00000110
00001111
00001010
00000000
00000000
00000000

01100000
01100000
01111100
00100100
00000000
00000000
00000000
00000000

00000000
00000000
00000000
00000000
00000000
00000000
00001000
00001100

01111000
11111000
11100000
11000000
11000000
00000000
00000000
00000000

00000000
00000000
00000000
00000000
00001000
00001111
00001111
00001001

00000000
11000000
11110000
11110000
11000000
01000000
00000000
00000000

00000000
00001000
01111000
00011000
00011100
00001000
00000000
00000000

00000000
00000000
00000000
00000000
00000000
00011000
01011110
11111111

00000000
00000000
10100000
11100000
11110000
00100000
00000000
00000000

00000000
00000000
00000000
00000000
00101000
01111000
01111100
00100000

00111110
00010110
00000100
00001100
00001000
00000000
00000000
00000000

00000000
00000000
00000000
00000000
01000000
11010000
11110000
11100000

10000000
11100000
00000000
00000000
00000000
00000000
00000000
00000000

00000000
00000000
00000000
00000000
11000000
11010000
11010000
01110000

00000000
00000000
01100000
01110000
01100000
00000000
00000000
00000000

01000000
11110000
11110000
01100000
00000000
00000000
00000000
00000000

11000000
01000000
01000000
00000000
00000000
00000000
00000000
00000000

00000000
00000000
00000000
00000000
00001000
00000000
00000000
00000000

00000000
00000000
00000000
00000000
00000100
00000000
00000000
00000000

00000000
00000000
00000000
00000000
11000000
00000000
00000000
00000000

01100000
11110000
01100000
00000000
00000000
00000000
00000000
00000000

00000000
00000000
00000000
00000001
00000111
00000011
00000011
00000000

00000000
00000000
00000000
00000000
00000000
00000000
00000100
00000000

00000001
00000011
00111011
00011111
00000010
00000000
00000000
00000000

00000000
00000000
00000000
00000000
00000000
00100000
00111000
00110000

00000000
00000000
00000000
00000000
00000001
00000011
00001110
00011111

00000000
00000000
00011101
00001111
00000101
00000101
00000001
00000001

00000000
11000000
11000000
11000000
01000000
00000000
00000000
00000000

00000000
00000000
00000000
00000000
00000000
11110000
11111100
11011000

00110000
01110000
01111100
00101000
00000000
00000000
00000000
00000000

00000000
00000000
00000000
00000000
00000000
00001000
00011000
00000000

00000000
00000000
00100000
00000000
00000000
00000000
00000000
00000000

00000000
00000000
00000000
00000000
00010000
00011100
00110000
00100000

00000100
00001111
00000010
00000000
00000000
00000000
00000000
00000000

00000000
00000000
00000001
00000011
00000000
00000000
00000000
00000000

00000000
00000000
00000000
00000011
00000001
00000000
00000000
00000000

00011101
00111111
00000011
00000010
00000000
00000000
00000000
00000000

00000000
10000000
11000000
11100000
11110000
11110000
00000000
00000000

11100000
01110000
11110000
10010000
00000000
00000000
00000000
00000000

00000000
00000000
00000000
00000000
00000000
00111000
01111000
00000000

00000000
00000000
00000000
00000000
11000000
11110000
11110100
01111100

00000000
00000000
00000100
00000000
00000000
00000000
00000000
00000000

00000000
00110000
01100000
11000000
10000000
00000000
00000000
00000000

00000000
00000000
00000000
00010000
00011000
00011000
00011000
00111000

00000000
00000000
00000000
00000000
00110000
00011100
00000000
00000000

00000000
00000000
00000000
00000011
00000011
00000001
00000111
00000011

00000000
00000000
00000000
00000000
00000000
00000000
10000000
00000000

00000000
00000000
00000000
00000000
00010000
00011100
11111000
00001000

01000000
01000000
01010000
11110000
11110000
01000000
01000000
01000000

00000000
00000000
00000000
00000000
01001000
01111000
01111100
01100000

00000000
00000000
00000000
01000000
11000000
11000000
11000000
01000000

00000000
00000000
00000010
00001111
00000101
00000001
00000000
00000000

00010000
01110000
01010000
00010000
00000000
00000000
00000000
00000000

00000000
00000000
00000000
00000000
01000000
00000000
00000000
00000000

00000000
00100000
00000000
00000000
00000000
00000000
00000000
00000000

01000000
01100000
01100000
01110000
00000000
00000000
00000000
00000000

00000000
10000000
00000000
00000000
00000000
00000000
00000000
00000000

00000000
10000000
10000000
11000000
01100000
01100000
00000000
00000000

00000000
00000000
00110000
11111000
00010000
00010000
00000000
00000000

00000000
00000000
01000000
01100000
01100000
01111100
11001000
01100000

11110000
00110000
00100000
00000000
00000000
00000000
00000000
00000000

00000000
00000000
00000000
00000000
00000000
00000000
00000000
00000111

00000000
00000000
00000000
00000011
00011111
00010101
00000100
00000000

00011000
00010000
00000000
00000000
00000000
00000000
00000000
00000000

00000000
00000000
00000000
00000000
00000000
00000000
00011100
00000000

00000000
00010000
00011100
11111000
10111000
00011000
00000000
00000000

00000000
00000000
00000110
00000110
00001110
00001100
00000000
00000000

00000000
00000000
00000000
00110000
01111000
00000000
00000000
00000000

00000000
00000000
10000000
00000000
00000000
00000000
00000000
00000000

00011100
00111110
00011100
00000000
00000000
00000000
00000000
00000000

00000000
00000000
00000001
00001111
00000011
00000010
00000000
00000000

00011111
00001111
00000111
00000010
00000000
00000000
00000000
00000000

00000000
00000000
01000000
11100100
11111100
11010000
00000000
00000000

00000000
00000000
00000000
00000100
00000100
00001110
00000000
00000000

00000000
00000000
00100000
00100000
00111000
00100000
11100000
00000000

00111000
00001100
00000000
00000000
00000000
00000000
00000000
00000000

00000000
00000000
00000000
00000010
00000010
00000010
00000110
00001110

00000000
00000000
00000000
00000000
00000000
00000000
11000000
11100000

00000000
00000100
00000111
00000011
00000000
00000000
00000000
00000000

00000000
00000000
00000000
00000000
10000000
10100000
11110000
00000000

00000111
00000001
00000001
00000000
00000000
00000000
00000000
00000000

00000000
00000000
00100000
00000000
00000000
00000000
00000000
00000000

10000000
11000000
11000000
11000000
11000000
11100000
00000000
00000000

00000000
00000110
00000011
00001111
00000111
00000011
00000011
00000000

00000000
00000000
00000000
00000000
00000011
00000111
00111111
00001101

00000000
11100000
00000000
00000000
00000000
00000000
00000000
00000000

00000000
00000000
00000000
00001110
00000100
00000100
00000000
00000000

00111111
00001111
00001111
00000100
00000100
00000000
00000000
00000000

00000000
00000000
00000000
00000001
00000111
00001111
00001000
00000000

00000000
00000000
00000000
00010000
00011000
01111110
00110000
00000000

00011011
00001111
00000011
00000011
00000000
00000000
00000000
00000000

00010000
00010000
00010000
00010000
00010000
00110000
00000000
00000000

00000000
00000000
00000000
00000000
00000000
10100000
11110000
11111000

00000000
00000000
00011000
00011100
00010100
00000000
00000000
00000000

00001000
00001100
00111111
00001110
00000000
00000000
00000000
00000000

00000000
11000000
11100000
01100000
11000000
00000000
00000000
00000000

00000000
00000000
00000000
00000000
10011000
11111000
11100000
11000000

11110000
11111000
10101000
00001000
00000000
00000000
00000000
00000000

00000000
00000000
00000000
00000000
00000000
00000000
10000000
11000000

00011111
00111111
00000001
00000001
00000000
00000000
00000000
00000000

00000000
00000000
00000101
00001111
00000111
00000010
00000011
00000000

00000000
00000000
00000000
00000000
00000000
11010100
11111110
11111000

00000000
01100000
01100000
11110000
01111000
00001000
00000000
00000000

00000000
00000000
00100000
00110000
00000000
00000000
00000000
00000000

10000000
10000000
00000000
00000000
00000000
00000000
00000000
00000000

00000000
00001111
00000000
00000000
00000000
00000000
00000000
00000000

00000000
00000000
00010000
00111100
00000000
00000000
00000000
00000000

11100000
11111000
11100000
00100000
00000000
00000000
00000000
00000000
