00000000000000000100111111111111
00000000001000000000111111111111
00000000000010000000111111111111
00001010100000000010111111111111
00000000000000000000111111111111
00010000000010000000111111111111
00001000000000001001111111111111
00000000010000000000111111111111
00000000000000000000111111111111
00000000000000000100111111111111
00000000000000000000111111111111
00000000000000000000111111111111
00000000000000000000111111111111
00110010000000000000111111111111
00000000001000000010111111111111
00000010000001000100111111111111
00000000000001000000111111111111
00001000100000000000111111111111
00000000000000000000111111111111
00000000000000000000111111111111
00000000000001000000111111111111
00000000001000000000111111111111
00000000001000000000111111111111
00000000000000000000111111111111
00000000000000000000111111111111
00000000000000000000111111111111
00000000000000000000111111111111
10000000000000000000111111111111
00001000000010000000111111111111
00011100000000100000111111111111
00000000000000000000111111111111
00000000000000000100111111111111

24
00000000
00000000
00000000
00000000
01100000
00100000
00000000
00000000

00000000
00000000
00000000
00000000
00000000
00000000
10000000
11111000

00110000
10111100
11111110
01000000
00000000
00000000
00000000
00000000

00000000
00000000
10000000
00000000
00000000
00000000
00000000
00000000

10100000
11101000
01111100
11010000
00000000
00000000
00000000
00000000

00000000
00000000
00000000
00000000
00100000
00100000
00000000
00000000

00000000
00000000
00001000
00011000
00111000
01111100
00000100
00000000

00000000
00000000
00111000
00111000
01111100
00011000
00001000
00001000

00100000
01100000
01000000
01000000
00000000
00000000
00000000
00000000

11000000
11000000
11000000
11000000
00000000
00000000
00000000
00000000

00000000
00000000
00000000
00000000
00110000
01110000
00000000
00000000

00000000
00000000
00000000
00000000
00000000
00001000
00000000
00000000

00000000
00000000
00000000
00000001
00001111
00000111
00000111
00000001

00000000
00000000
00000000
00000000
00000011
00000011
00000011
00000110

00000000
00000000
01000000
01000000
11100000
01100000
11100000
01111100

00000000
00000001
00000001
00000111
00000011
00000000
00000000
00000000

00000000
00001000
00001110
00001111
00000000
00000000
00000000
00000000

00000011
00000110
00000100
00000100
00011100
00000000
00000000
00000000

00000000
00000000
00010000
00010000
00010000
00011000
00001100
00001100

00000000
00000000
00000000
00000000
00000000
00000000
11000000
11100000

11111000
00011000
00011100
00010100
00000000
00000000
00000000
00000000

00000000
00000001
00000111
00000001
00000001
00000000
00000000
00000000

00000111
00000111
00000011
00000011
00000011
00000010
00000000
00000000

00000100
01100110
01111100
00001100
00000100
00000000
00000000
00000000
