00000010000000000000000000001111
00000100000100000000000000001111
00000000000000100010000000001111
10000011000000000000000000001111
00000000000000000000000000001111
00100000000000000000001000001111
00000001000000010100000000001111
00000000000000000000001010001111
00000000000000000000000000001111
00000000000000000000000000001111
00000000000000000000000000001111
00000000000001000000000000001111
00000000000000000000000000001111
00000000000000000000000000001111
00000000000000000000000000001111
00001000000000000000100000001111
00000000000000001010000100101111
00000000000000000000000000001111
00000000000000010000000000001111
00000000001000000000000000001111
00000000000000000010101010001111
00000000010000000000000000001111
00000000000000000000000011001111
11111111111111111111111111111111
11111111111111111111111111111111
11111111111111111111111111111111
11111111111111111111111111111111
11111111111111111111111111111111
11111111111111111111111111111111
11111111111111111111111111111111
11111111111111111111111111111111
11111111111111111111111111111111

83
00000000
00000000
00000000
00000011
00000000
00000000
00000000
00000000

00000000
00000000
00000000
00000000
00000000
00000000
00001110
00011110

00000000
00000000
00000000
00000000
01100000
11000000
11000000
00000000

00000000
00000000
01000000
01000000
11110000
11110000
01111000
11000000

00000111
00000010
00000010
00000000
00000000
00000000
00000000
00000000

00000000
00000000
00000000
00000000
01000000
00000000
00000000
00000000

00000000
00000000
00000000
00000000
00000000
00001100
00000100
00000110

00000000
00000000
00000000
00000000
00001000
00001000
00001000
00000000

11111000
11110000
11000000
01000000
11000000
00000000
00000000
00000000

00000000
00000000
00000000
01000000
01000000
11100000
01100000
01100000

00000000
01111100
11100110
01000100
00000000
00000000
00000000
00000000

00000011
00000111
00001100
00000000
00000000
00000000
00000000
00000000

00000000
00000000
00000000
10111000
11101100
11101000
01000000
11000000

00000000
00000000
00000000
00000000
00000000
00001100
01001110
11111100

00000000
00000000
00000100
00000100
00001110
00001111
00000110
00000000

00000000
00000000
00000000
01000000
01111100
00111110
00001110
00001100

00000000
00000000
00000000
00000000
10000000
11000000
11110000
11000000

00000000
00000000
00000000
00000000
00000001
00000001
00000011
00000010

00000000
00000000
00000010
00000011
00000111
00000111
00000101
00000001

00000000
00000000
00000000
00001000
00101100
00111111
00011101
00000000

00000000
00000000
00000000
00000000
00000000
00001100
10001111
11111000

00110000
11111000
11110000
11000000
01000000
00000000
00000000
00000000

00000000
00000000
00000000
00000000
00000000
00010000
11011000
11111100

00000000
00001000
00001000
00001000
00000000
00000000
00000000
00000000

00100000
00110000
11110100
01111110
00011000
00000000
00000000
00000000

00000000
00000000
00000000
00000000
00000000
00100000
00000000
00000000

00000000
00000000
01000000
11000000
01100000
11100000
01000000
00000000

00000000
00000000
00000000
00000000
00000000
11100000
11100000
11110000

00000000
00000000
00000000
00000000
11000000
11000000
11000000
11111000

00000000
00000000
01000000
11110000
10000000
10000000
10000000
00000000

00001110
00111110
00000100
00000100
00000000
00000000
00000000
00000000

00000000
00000000
00111000
01111000
01110000
00100000
00000000
00000000

00000000
00000000
00000000
00000000
00000000
00001100
00011111
00000000

00011100
01110000
01000000
01000000
01000000
00000000
00000000
00000000

00000000
00000000
00000010
00000011
00000000
00000000
00000000
00000000

00000001
00000011
00000111
00000011
00000010
00000000
00000000
00000000

00000000
00000000
00001100
00000000
00000000
00000000
00000000
00000000

00000000
00000000
00000000
00000000
00000000
00000001
00000011
00000001

00111100
00111110
00111111
00000100
00000000
00000000
00000000
00000000

00000000
00000000
00000000
00000110
00000110
00000110
00001111
00001111

00000001
00000111
00000111
00000001
00000000
00000000
00000000
00000000

00000000
00000000
00000000
00000000
11000000
00000000
00000000
00000000

00000000
00000000
00000000
00000000
00000000
00000000
00000000
00000010

00000001
00000000
00000000
00000000
00000000
00000000
00000000
00000000

00000000
00000000
00100000
00000000
00000000
00000000
00000000
00000000

00001111
00001111
00000110
00000110
00000010
00000010
00000000
00000000

00000100
00000000
00000000
00000000
00000000
00000000
00000000
00000000

00001010
00001110
00001010
00001011
00000011
00000000
00000000
00000000

00000000
00000000
00011100
00001000
00000000
00000000
00000000
00000000

00000000
00000000
00000000
01100000
01000000
00000000
00000000
00000000

00000000
00000000
00010000
00011000
00011100
00000000
00000000
00000000

00000000
00000010
00000011
00000011
00000000
00000000
00000000
00000000

00000000
00000000
00000000
00000000
00000000
00000010
00000011
00000010

00000000
00000000
00000000
00000000
00001110
00011100
00010000
00000000

00000000
00000000
00000000
00000000
00000000
00011110
00001000
00000000

00000000
00000000
10000000
11000000
11000000
10000000
00000000
00000000

00000000
00000010
00000000
00000000
00000000
00000000
00000000
00000000

10111000
11111100
01011000
00000000
00000000
00000000
00000000
00000000

00000000
00000000
00100000
00101110
00111100
00010000
00000000
00000000

00000000
00000000
00000000
00000000
00000000
00000000
00000111
00001100

00000000
00000000
00000000
00000000
00000000
00000100
00000000
00000000

00000000
00000000
00000000
00000000
11000000
11111000
10000000
11110000

00000000
00000000
00000000
00000000
00000000
00000010
00010111
00011111

00000000
00000000
00000000
00000000
00000000
01000000
00000000
00000000

00000000
00000000
00000000
00000000
00000100
00000111
00011111
00000111

00000000
00000000
00000000
00000000
00000110
00001110
00001111
00011010

00000000
00000000
01000000
11110000
11110000
00000000
00000000
00000000

00000000
00000000
00000000
00000000
11100000
11100000
00000000
00000000

00000100
00000110
00000010
00000000
00000000
00000000
00000000
00000000

00011110
00000110
00000010
00000010
00000000
00000000
00000000
00000000

11100000
00111000
00111000
00110000
00000000
00000000
00000000
00000000

00000000
00000000
00000000
00000000
00000000
00010100
01111110
00110100

00000000
00000000
00000000
00000000
01000000
01000000
11000000
11110000

00000000
00000000
00000000
00000000
00000000
01101000
00111000
00011000

00000000
11111100
00101000
00100000
00000000
00000000
00000000
00000000

00000000
00000000
00000000
00000000
01000000
11111000
11111000
11100000

00000000
00000000
00000000
00000000
00000000
11100000
10000000
00000000

00000000
00000000
00000000
00000000
00010000
11110110
01111100
11100000

00000000
00000000
00000000
00000000
00000000
00001000
00001100
00111100

00000010
00000010
00000011
00000011
00000000
00000000
00000000
00000000

00000000
01100000
01110000
01100000
00000000
00000000
00000000
00000000

00000000
00000000
00000000
00000000
00000100
00000100
00011110
00010111

00000000
00000000
10000000
10000000
10000000
00000000
00000000
00000000
