00000000000000000000001000000011
00000000000000000000000000000011
00000000000000000000000000000011
00000000100000000000000000000011
00000000000000000000000000000011
00000000000000000000000000000011
00000000100000000000000000000011
00000000000000000000010000000011
00000000000000000000000000010011
00000000000000000000000000000011
00000000000000000000000010000011
00001000000000000010010000000011
00000000000000000000000000000011
00000000000000000000000000000011
00000000000000000000000000000011
00000000000000000000000000000011
00000000000000000000000000000011
00000000000000000000000000000011
00000000000000000000000000000011
00000000000000000000000000000011
00000010000000000000000000000011
00000000000000000000000000000011
00000000000000000010000000000011
00000000000000000000000001000011
00000000000000000001000000000011
00000000000000000000000000000011
11111111111111111111111111111111
11111111111111111111111111111111
11111111111111111111111111111111
11111111111111111111111111111111
11111111111111111111111111111111
11111111111111111111111111111111

71
00000000
00000000
00000000
00000000
00000111
00000100
00000000
00000000

00000000
00000000
00000000
00000011
00000111
00000001
00000001
00000000

00000000
00000000
00000000
00000000
00000111
00000111
00001100
00001100

00000000
00000000
00000000
00011100
00001110
00001111
00001111
00000110

00000000
00000000
00000100
00000100
00000100
00000100
00001111
00011111

00000000
00000000
00000000
00000110
00011100
00000100
00000000
00000000

00000000
00000000
00000000
00000000
00000000
00000000
00000000
00100000

11100000
11110100
11111100
01100000
00000000
00000000
00000000
00000000

00000000
00000000
00000000
00011000
00001000
11111000
01111000
00110000

00111000
00000000
00000000
00000000
00000000
00000000
00000000
00000000

00000000
00000000
00000000
00000000
00000000
00000000
00000000
00000001

00000000
00000000
00000000
00000100
00001100
01111100
00111100
00110000

00000000
10010000
11111000
11110000
00100000
00000000
00000000
00000000

00000000
00000000
00011100
00001100
00111000
00000000
00000000
00000000

00000000
00000000
00000000
00000000
00000001
00000011
00000011
00000011

00000000
00000000
00000000
00000000
00001100
10111100
11110000
11110000

00000000
00000000
00000000
00000000
00000000
00000000
00001100
00000000

00000000
00000000
00000000
01000000
01100000
11100000
11111100
11000000

00000000
00000000
00000000
00000000
00110000
00110000
01111100
00111000

11111000
11111100
01111000
00010000
00000000
00000000
00000000
00000000

00001000
00001000
00001100
00000000
00000000
00000000
00000000
00000000

00011110
00001110
00000100
00000100
00000000
00000000
00000000
00000000

00000000
00000000
00111000
11100000
10000000
00000000
00000000
00000000

00000000
11000000
10000000
00000000
00000000
00000000
00000000
00000000

00000000
00000000
00000000
00000000
00000000
00000000
00000000
00000110

00000000
00000011
00000011
00000011
00000000
00000000
00000000
00000000

00000000
00100000
00110110
00011110
00001100
00000000
00000000
00000000

00011110
01111111
00010101
00000000
00000000
00000000
00000000
00000000

00000000
00000000
01000000
01100000
00100000
00000000
00000000
00000000

00000000
00000000
00000000
00010111
00111100
00011000
00010000
00000000

00000000
00000000
00000000
00000000
00000111
00000000
00000000
00000000

00011000
00111000
00000000
00000000
00000000
00000000
00000000
00000000

00000000
00001000
00011110
00011110
00011000
00110000
00100000
00000000

00000000
00000000
00000000
00000011
00010110
00111111
00011100
00001000

00000000
00000000
00000000
00000000
01000000
01000000
01110000
00111000

00000000
00000000
00000000
00000000
00000000
01011000
11111100
00111100

00000000
00000000
00000000
01110000
01100000
00000000
00000000
00000000

00000000
00000000
00000000
00000000
00010000
00011100
00111000
00011000

00000000
10000000
10000000
10000000
00000000
00000000
00000000
00000000

10000000
11000000
11000000
11000000
10000000
00000000
00000000
00000000

00011100
00010100
00110111
00010000
00000000
00000000
00000000
00000000

00000000
00000000
00000000
00000010
00001111
00001110
00011100
00000000

00001001
00001111
00001111
00011110
00010000
00000000
00000000
00000000

00000000
00000000
00000000
00000000
10000000
11100000
11110000
10110000

00000000
00000000
00000000
01010000
01111000
11111000
11010000
10010000

11111100
11111000
01000000
00000000
00000000
00000000
00000000
00000000

00011000
00111000
00101000
00100000
00100000
00000000
00000000
00000000

00000010
00000111
00000000
00000000
00000000
00000000
00000000
00000000

00000000
00000000
00000000
00000000
00011000
00011000
00010000
00000000

00000000
00000000
00000000
00000000
00000000
00000011
00111110
00001000

00011110
00111100
00011000
00000000
00000000
00000000
00000000
00000000

00000000
00000000
00000110
00000000
00000000
00000000
00000000
00000000

00011011
00001110
00001111
00000011
00000010
00000000
00000000
00000000

00000000
00000000
00000000
00000000
00000111
00000111
00000111
00000011

00000000
00110000
01110000
00010000
00000000
00000000
00000000
00000000

11110000
11000000
00000000
00000000
00000000
00000000
00000000
00000000

00000000
00000000
00000100
00001100
00001110
00101000
00111000
00001000

00011100
00011110
00001110
00001000
00000000
00000000
00000000
00000000

00110000
00011000
00011000
00001110
00000110
00000000
00000000
00000000

00000011
00001111
00000011
00000001
00000000
00000000
00000000
00000000

00000000
00000000
00000000
00001000
00001100
00001100
00111100
11111100

00001100
00011100
00000000
00000000
00000000
00000000
00000000
00000000

00000000
00000000
00000000
00000000
00000000
00000000
00000000
00000110

11000000
11000000
11000000
00000000
00000000
00000000
00000000
00000000

00000000
00110000
00010000
00010000
00000000
00000000
00000000
00000000

00000000
01000000
01000000
11111000
01110000
00100000
00000000
00000000

00000000
00000000
00000000
00000000
00000001
00000001
00000001
00000000

00000000
00000000
00000000
00000010
00000010
00001110
00001110
00111011

00000000
00000100
00000100
00001100
00001111
00000111
00000011
00000000

00000000
00100000
00110000
01111000
00100000
00000000
00000000
00000000

00000000
00000000
00000000
00000000
01100000
00100000
00000000
00000000
