00000000000000000000011111111111
00000000000000000010011111111111
10000000000000001000011111111111
00000000000000000000011111111111
00000010000000100100011111111111
00000000000000000000011111111111
00000000000000000000011111111111
00000000000000000000011111111111
01000000000001000000011111111111
00000100000000000000011111111111
00000000000000000000011111111111
00000000000000000000011111111111
00000000000000000000011111111111
00000000000000000000011111111111
00000000000000000000011111111111
00010000000000000000011111111111
00000000000000000000011111111111
00010000000000000000011111111111
00000000000000000000011111111111
00000000000000000000011111111111
00000000000100000000011111111111
00000001000000000001011111111111
00000000100000000000011111111111
00100000000000000000011111111111
00000000001000000000011111111111
00000000000000000000011111111111
00000000000000000000011111111111
00000000000000000010011111111111
00000000000000000000011111111111
11111111111111111111111111111111
11111111111111111111111111111111
11111111111111111111111111111111

104
00100000
01100000
00110000
10111000
11100000
00000000
00000000
00000000

01111100
00001111
00001110
00001000
00000000
00000000
00000000
00000000

00000000
01000000
00000000
00000000
00000000
00000000
00000000
00000000

10000000
10000000
10000000
11100000
10000000
00000000
00000000
00000000

00000000
00000000
00000000
00000000
00000000
00001000
00101000
01111000

00000000
00000110
00000110
00001111
00001110
00000000
00000000
00000000

00000000
00001000
01001100
01001000
01111000
00100000
00100000
00000000

11100000
11110000
11110000
11100000
11000000
00000000
00000000
00000000

00000001
00000000
00000000
00000000
00000000
00000000
00000000
00000000

00000000
00000000
00000010
00000010
00000110
00000011
00000001
00000000

00111111
00001111
00000011
00000010
00000010
00000000
00000000
00000000

00000000
00000000
00111100
00001100
00000000
00000000
00000000
00000000

00000000
00000000
00000000
00000000
00000000
10000000
10000000
10000000

01111110
01111100
00110000
00000000
00000000
00000000
00000000
00000000

00000001
00000000
00000000
00000000
00000000
00000000
00000000
00000000

00000000
00000000
00000000
00000000
00000000
00111000
00111000
11110000

00000000
00000000
00000000
00000000
00100000
10100000
11111000
11010000

00000000
00000000
00000000
00000000
00010000
00111000
00011000
00000000

00000000
00000000
00001100
00001100
00001110
00001110
00000111
00000110

01000000
01110000
00010000
00000000
00000000
00000000
00000000
00000000

00000000
01000000
01110000
01110000
11100000
11100000
01100000
00000000

00000000
00000000
00000000
00000000
00000000
00000000
00000001
00000000

00000000
00000000
00000000
00000010
00000011
00000011
00000001
00000000

10000000
11100000
10000000
00000000
00000000
00000000
00000000
00000000

01000000
01100000
11100000
11100000
11100000
10000000
00000000
00000000

00001110
00011100
00000000
00000000
00000000
00000000
00000000
00000000

00000011
00000111
00011111
00000101
00000100
00000000
00000000
00000000

00000100
00010111
00111100
00100000
00000000
00000000
00000000
00000000

00000000
00000000
00010000
01010000
01111000
11100000
10100000
00000000

00000000
00000000
00000000
00000000
01100000
01100000
01100000
01000000

00011100
00010100
00000100
00000000
00000000
00000000
00000000
00000000

00000000
00000000
00000000
00000100
00001111
00000111
00000110
00000111

00000010
00000011
00000111
00111110
00001100
00000000
00000000
00000000

00000000
00000000
00000010
00000110
00000011
00000011
00000111
00001111

00000000
00000010
00000111
00000011
00000011
00000011
00000011
00001110

00000111
00001111
00000110
00000100
00000000
00000000
00000000
00000000

00000000
11010000
11110000
10000000
10000000
10000000
00000000
00000000

00000000
00000000
00000000
00000000
00000000
00000000
00000100
00000100

00001111
00000011
00000001
00000000
00000000
00000000
00000000
00000000

11110000
01100000
01100000
01100000
01100000
11100000
00000000
00000000

00000000
00000000
00000000
00000000
00000000
01000000
11000000
01110000

01111000
00111000
00111100
00110000
00011000
00010000
00000000
00000000

00000000
00000000
00000000
00000000
00000000
00000000
00000000
01111000

00000000
00000000
10000000
10000000
10000000
11000100
11111110
11001000

00000000
00000000
00000000
00001000
00011000
00000000
00000000
00000000

00000000
00000000
00000000
00000000
00000000
00001000
00001000
00001100

00001111
00001111
00001011
00011001
00000000
00000000
00000000
00000000

00000000
00000000
00000000
00000011
00011010
00011110
00000000
00000000

00011111
00001111
00001000
00000000
00000000
00000000
00000000
00000000

00000000
00000000
00000000
00000000
00000000
00000000
00100000
01100000

00000000
00000000
00000000
00000000
01000000
11100000
01100000
11110000

00000100
00000110
00000000
00000000
00000000
00000000
00000000
00000000

00111111
00011111
00000011
00000010
00000000
00000000
00000000
00000000

00000000
00000000
00000000
00000000
00000000
00000000
00000000
00001000

00000011
00010111
00111111
00000001
00000000
00000000
00000000
00000000

00000000
00000000
00000000
00000000
00000000
00111000
00111110
00001100

00000000
00000110
00000100
00000000
00000000
00000000
00000000
00000000

00000000
00011100
00001100
00001000
00000000
00000000
00000000
00000000

00000000
00000000
00000000
00000000
00000000
00011000
00111111
00111111

00000000
00000000
00000000
00000000
00111000
00111000
00001000
00000000

00000000
00000000
00000000
00000000
00000000
00000000
00000000
00001100

00000000
00000000
00000000
00000000
00000000
00010000
01110011
11111111

00000000
00000000
00000000
00000000
00000000
00000000
00000000
00000011

00000000
00000000
00000000
00000000
00001010
00001111
00001011
00000011

11000000
11100000
11100000
01100000
01000000
00000000
00000000
00000000

00000000
00000000
00000000
00000000
00000000
00001100
00001100
00001100

00001010
00001110
00000011
00000000
00000000
00000000
00000000
00000000

00000000
00000000
00000000
11000000
10000000
10000000
00000000
00000000

00000000
00000000
00000000
00000000
00000000
00000000
00000000
00010000

00000010
00000111
00000000
00000000
00000000
00000000
00000000
00000000

00000000
00000000
00000001
00000001
00000111
00000111
00000110
00000000

00000000
00000000
00010000
01110000
01111000
01110000
00100000
11100000

00000000
00000000
01100000
00111000
00111000
00010000
00000000
00000000

00010000
00110000
00000000
00000000
00000000
00000000
00000000
00000000

00000000
00010000
00011100
01110000
00000000
00000000
00000000
00000000

00000000
00000000
00000000
00100000
00100000
00111000
00000000
00000000

00001111
00001111
00001110
00011110
00000000
00000000
00000000
00000000

00000000
00000000
00001100
00000000
00000000
00000000
00000000
00000000

00000000
00000000
00000000
00000000
00101000
01111100
01101110
11001000

00000000
00000000
00000000
00010000
00010000
00000000
00000000
00000000

00000000
00000000
00011100
00001110
00000100
00000000
00000000
00000000

00000000
01000000
11100000
10100000
00000000
00000000
00000000
00000000

00000000
00000000
00000000
00000000
00000000
00000011
00000010
00000111

00111000
00111100
00000000
00000000
00000000
00000000
00000000
00000000

00000000
00000000
00000000
00000000
00000000
00000000
00001000
00001100

00100000
00110000
00000000
00000000
00000000
00000000
00000000
00000000

11000000
11110000
00000000
00000000
00000000
00000000
00000000
00000000

00000000
00001000
00001000
00011000
00111110
00111100
00001000
00000000

00000000
00000000
00000000
00000010
00000000
00000000
00000000
00000000

00000000
00000000
00000000
10110000
11110000
11100000
00000000
00000000

11110000
11110000
01110000
00000000
00000000
00000000
00000000
00000000

00000000
00000000
00000000
00000000
00000000
00000100
00000100
00000000

11000000
11100000
01000000
11000000
00000000
00000000
00000000
00000000

00000000
00000000
00000000
00000000
00000010
00110010
00111111
00111110

00000000
00000000
00000000
00000000
00000000
11110000
01111100
01110000

10000000
11000000
11000000
11110000
11111000
00100000
00000000
00000000

00000000
11000000
11100000
10000000
00000000
00000000
00000000
00000000

00000000
00011000
00111100
00000111
00000111
00000100
00000000
00000000

00111111
00111101
00101101
00001000
00000000
00000000
00000000
00000000

00000000
00000000
00000001
00000011
00001111
00011110
11111000
00000000

00001111
00000110
00000110
00000000
00000000
00000000
00000000
00000000

00000000
00000000
11000000
11000000
11100000
01000000
00000000
00000000

01000000
11000000
01110000
11111000
11100000
00100000
00000000
00000000

00000000
00000000
00000000
00001000
00001000
00000000
00000000
00000000
