00000000000000001000000111111111
00100100000000000000001111111111
00100100000000000000000111111111
00100000100000000001010111111111
00000000000000000000000111111111
01100000000001000000000111111111
00001000000000000000000111111111
00001000000001000000000111111111
01100001100000010000000111111111
00001100001000010000100111111111
00000100000000010000000111111111
00000000000000000000000111111111
00000000000000000000000111111111
00000000000000000100000111111111
00010000000001000000000111111111
00100000100001000000000111111111
00000110000000000000010111111111
00000110000000000000001111111111
00000000000000010000000111111111
10000000000000001000000111111111
00001000000000000111000111111111
00000100000000001000000111111111
11111111111111111111111111111111
11111111111111111111111111111111
11111111111111111111111111111111
11111111111111111111111111111111
11111111111111111111111111111111
11111111111111111111111111111111
11111111111111111111111111111111
11111111111111111111111111111111
11111111111111111111111111111111
11111111111111111111111111111111

29
00000000
00000000
00000000
00000001
00000001
00000001
00000001
00000111

11000000
00000000
00000000
00000000
00000000
00000000
00000000
00000000

00000000
00000000
01000000
01111000
01100000
00000000
00000000
00000000

11100000
11110000
11000000
00000000
00000000
00000000
00000000
00000000

00000000
00000000
00000000
00000000
00011100
00011110
00011010
00001000

00011111
00001111
00001110
00000000
00000000
00000000
00000000
00000000

00001000
00001100
00000111
00000001
00000000
00000000
00000000
00000000

00000000
00000000
00000000
00000000
00000000
00000000
00000000
01000000

00000010
00000000
00000000
00000000
00000000
00000000
00000000
00000000

00000000
00000000
00000000
00000000
00000000
00000100
00001110
00000100

00000000
00000000
00010000
00110000
00011000
00001100
00000000
00000000

00000000
00000000
00000011
00001111
00000111
00000011
00000001
00000000

00000000
00000000
00000000
00000000
00000000
00001110
00000100
00000000

00110111
00011111
00010111
00000011
00000000
00000000
00000000
00000000

00000000
00000000
00000000
00000000
00111000
00111000
00100000
00000000

00010100
00011110
00000000
00000000
00000000
00000000
00000000
00000000

00000000
00000000
00010000
00000000
00000000
00000000
00000000
00000000

00000000
01000000
01000000
01000000
00000000
00000000
00000000
00000000

00000000
00000000
00000000
00000000
00000000
00000011
00000000
00000000

00000000
00000100
00000100
00000110
00000011
00000001
00000001
00000000

00000000
00000000
00000000
00000000
00000000
00000000
10000000
11000000

00000000
00000000
00000000
00100000
11110000
00110000
00011000
00001000

00000000
00000000
00000000
00000000
00000000
00000011
00000001
00000001

00000000
00000000
00001000
00011100
01110000
00011000
00010000
00000000

00000000
00000000
00000000
00000000
00000100
00011100
00001110
00000000

00000000
00000000
00000000
00000010
00000000
00000000
00000000
00000000

00000000
00000000
00000000
00000001
00000111
00000111
00001111
00000111

00000000
00001000
00001100
00001111
00001111
00001111
00000010
00000000

00000000
00000000
00000000
00000010
00000110
00001111
00011100
00000000
