00000000000000000000001111111111
00000100000000000000001111111111
11000000000000000000001111111111
01000000100000000000001111111111
00000000000000000000001111111111
10000100000001000010001111111111
10000000000000000000001111111111
00100000000000010000001111111111
01000100000000000000001111111111
00000000000000000000001111111111
00000000000000000000001111111111
00010010001000100000001111111111
00000010000001001000101111111111
00010000000000000000011111111111
00001000000000000000001111111111
00100000000000001000001111111111
00000000000000000000011111111111
00000000000000000101001111111111
00001000000000000010001111111111
00000000000000010000001111111111
10010010000000000000011111111111
00000000010000000000001111111111
00100000100100000000001111111111
01010010000000000000001111111111
00000000000000000000001111111111
00000000000000000000001111111111
00000100000000010100001111111111
11111111111111111111111111111111
11111111111111111111111111111111
11111111111111111111111111111111
11111111111111111111111111111111
11111111111111111111111111111111

198
00000100
00001100
00011110
00011110
00000110
00000000
00000000
00000000

01111000
01011000
01001000
01000000
00000000
00000000
00000000
00000000

00000000
00001000
00001000
00001000
00001000
00011100
00000000
00000000

00000000
00000000
00000000
00000000
00000001
00000001
00000000
00000000

00000000
00100000
00100000
00000000
00000000
00000000
00000000
00000000

01111100
01111000
00010000
00000000
00000000
00000000
00000000
00000000

00000000
00000000
00000000
00001100
00111110
00001100
00000000
00000000

00000000
00010000
01110100
00111100
00010000
00011000
00000000
00000000

00000000
00000010
00000111
00001111
00000000
00000000
00000000
00000000

00000000
00000000
00000000
00001000
00111100
00011000
00011000
00001000

01111111
00111001
00010000
00010000
00000000
00000000
00000000
00000000

00000000
00000000
00000000
00000000
00000000
11111100
11100000
11000000

11100000
01100000
11110000
11110000
00000000
00000000
00000000
00000000

00000000
00000000
00000000
00100000
00100000
00111000
01110000
01110000

00000000
00000000
00000000
00000000
00101100
01111000
01101000
11101000

00000000
01000000
01000000
11100000
11110000
11100000
10000000
00000000

00000000
00000000
00000000
00000000
00000010
00000010
00000000
00000000

00100000
00100000
00000000
00000000
00000000
00000000
00000000
00000000

00000000
00000000
00000000
00000000
00000000
00000000
01011000
01111100

00000000
00000000
00010100
00011110
00000000
00000000
00000000
00000000

00011111
00110111
00110000
00000000
00000000
00000000
00000000
00000000

00000000
00000000
00000000
00000000
00000000
00000011
00000000
00000000

00000010
00000111
00000010
00000011
00000010
00000010
00000010
00000000

00000000
00000000
00000000
00000100
00000000
00000000
00000000
00000000

00100100
11111100
11110110
00000000
00000000
00000000
00000000
00000000

00000000
00000000
00000000
00111000
01111100
01111000
01100000
01000000

00000000
00000000
00000000
00000100
00010100
00111111
00001110
00000011

00000000
00000000
00000000
00000000
00000000
00010000
00010000
00000000

00000000
00000110
00000110
00000111
00001110
00000010
00000000
00000000

00000000
00000000
00000000
00000000
00000011
00000011
00000111
00000011

00111000
00011000
00000000
00000000
00000000
00000000
00000000
00000000

00000001
00011011
00001111
00001111
00001100
00001000
00000000
00000000

00000000
00000000
00000000
00100000
00111010
00001111
00001110
00001111

00000000
00000000
00000000
00000010
00000011
00000111
00000011
00001111

00000000
00000000
00000000
00110000
00010000
00000000
00000000
00000000

00000111
00000111
00000111
00001111
00000001
00000000
00000000
00000000

00000000
00000011
00000001
00000000
00000000
00000000
00000000
00000000

00000000
00000000
00000000
11100000
11100000
11000000
11000000
00000000

00000011
00000000
00000000
00000000
00000000
00000000
00000000
00000000

00000000
00000000
00110000
00110100
00111100
00011110
00001011
00000000

00000000
00000000
00110000
00011000
00000000
00000000
00000000
00000000

00000000
00000000
00000000
00000011
00000010
00000010
00000000
00000000

00000000
00000000
00011100
11110000
11110000
11100000
11000000
00000000

00000000
00000000
00000000
00000000
00110000
00111100
00011110
01110110

00000000
00000000
11000000
11000000
11100000
01111000
01010000
00000000

00000000
00010000
00010000
00010000
00000000
00000000
00000000
00000000

00000000
00000000
00000000
10110000
11100000
11000000
00000000
00000000

11111000
11101000
10000000
11000000
01000000
00000000
00000000
00000000

11111100
11111000
00000000
00000000
00000000
00000000
00000000
00000000

00000000
00000000
00000000
00000000
00000000
01000000
11000000
11100000

00000000
00000000
00000000
00000101
00000101
00000111
00000111
00000000

00111000
00000000
00000000
00000000
00000000
00000000
00000000
00000000

01110000
11111000
00110000
00000000
00000000
00000000
00000000
00000000

01111110
00000000
00000000
00000000
00000000
00000000
00000000
00000000

00000000
00000000
00000000
00000000
10000000
11100000
11111100
00111000

00000000
00000000
01110000
01010000
00000000
00000000
00000000
00000000

00011110
00000110
00000000
00000000
00000000
00000000
00000000
00000000

11110000
11100000
11100000
10000000
00000000
00000000
00000000
00000000

00000000
00000000
00000000
00001000
00000000
00000000
00000000
00000000

00000000
00000000
00000000
00000000
00000001
00000001
00000001
00000000

00000000
00000000
00000000
11000000
01000000
00000000
00000000
00000000

00000000
00000000
11000000
11110000
11011000
01001000
00000000
00000000

01110000
00100000
00100000
00000000
00000000
00000000
00000000
00000000

00000000
00000000
00000000
00000000
00000000
00000010
00000011
00001111

00000000
00000000
00000000
00000000
10000000
10000000
10000000
11100000

00001111
00011111
00011111
00000001
00000000
00000000
00000000
00000000

00000011
00000000
00000000
00000000
00000000
00000000
00000000
00000000

11111100
00111110
00011000
00011100
00000000
00000000
00000000
00000000

00000000
00000000
00000000
00000000
00001100
00001111
00000010
00000000

00000000
00000000
00000000
01000000
01000000
01100000
11100000
00100000

00011100
00011000
00000000
00000000
00000000
00000000
00000000
00000000

00000000
00000000
00000000
00000000
00000000
00000000
00001000
00000000

00000000
00000000
00000000
00000000
00000100
00001110
00000000
00000000

00000000
00000000
00000000
00000000
11101110
11111000
01110000
00110000

00000000
00010000
00010000
00110000
00111100
00011000
00010000
00010000

00000000
00000000
00000000
00000000
00000011
00000111
00000101
00000000

00000000
00000000
00000000
00000000
10000000
11110000
11010000
11010000

00000000
00000000
00000000
00000000
00000000
01110000
00111100
11111000

00000000
00000000
00000000
00100000
10110000
11111110
11101000
01000000

00000000
00000000
00000000
00000100
00000111
00000111
00011111
00000110

00000001
00000001
00000001
00000011
00000110
00000000
00000000
00000000

00001011
00001111
00001111
00000011
00000001
00000000
00000000
00000000

00001111
00001111
00000111
00000111
00000001
00000001
00000000
00000000

00000000
00000000
00000000
00000000
00000000
00000111
00000001
00000000

01111111
00111000
00000000
00000000
00000000
00000000
00000000
00000000

00000000
00000000
00000000
00000000
00000010
00000111
00000110
00001111

00000000
00000000
00000000
00000000
00000011
00000011
00000000
00000000

00000000
00000000
00000000
00000100
00111110
00111000
01111000
00111000

00000000
00000000
00000000
00011000
00001100
00000000
00000000
00000000

00000000
00000000
00000000
00000000
00100000
01110000
00100000
00100000

11000000
11100000
11100000
10100000
00000000
00000000
00000000
00000000

00000000
00000000
00000000
00000000
00100000
00100000
00000000
00000000

00000000
00000000
00000010
00000010
00000011
00000000
00000000
00000000

00000100
00001100
00000100
00000000
00000000
00000000
00000000
00000000

00000000
00000001
00000001
00000111
00001110
00000111
00000101
00000000

00000000
00000000
00000000
00000000
00000000
10000000
00000000
00000000

00000000
00000000
00001000
00000000
00000000
00000000
00000000
00000000

00000000
00001000
00001111
00000001
00000000
00000000
00000000
00000000

00000000
00000000
00000000
00000000
00000000
01100000
01000000
00000000

00000000
00000000
00000000
00001000
00001000
00000000
00000000
00000000

00000000
00000000
00010000
00011000
01111100
00000000
00000000
00000000

00110000
01111000
00011000
00010000
00000000
00000000
00000000
00000000

00000000
00001000
00001000
00000000
00000000
00000000
00000000
00000000

11111111
10101111
00000100
00000000
00000000
00000000
00000000
00000000

11100000
11100000
01110000
00110000
00100000
00000000
00000000
00000000

00000000
00000000
00000000
00000000
01000000
01111000
00000000
00000000

00000000
00000000
00000000
00000000
00000000
00000110
00000000
00000000

00000000
00000000
00000000
00000000
00000001
00000001
00000001
00000000

00000000
00000000
00000000
00000000
00000000
00000011
00000000
00000000

00000000
00000100
00001100
00001110
00001000
00001000
00000000
00000000

00000000
00000000
00000000
00000000
00000000
00000000
00011000
00011100

00111000
01110000
00110000
00010000
00000000
00000000
00000000
00000000

00000000
00000000
00000000
00000000
00001100
00001111
00000111
00000111

00000000
00000000
00000000
00000011
00000011
00000011
00001111
00000011

11111000
00111110
00000000
00000000
00000000
00000000
00000000
00000000

00000000
00000000
00000000
00000000
00000010
00000111
00000001
00000000

00000000
00000000
00000100
00000100
00010100
00111111
00011100
00001110

00000000
00000000
00000000
00000000
00000000
00000000
00000111
00000110

00000011
00000000
00000000
00000000
00000000
00000000
00000000
00000000

11000000
01000000
01100000
11110000
11000000
10000000
00000000
00000000

11000000
11111000
01111000
11001000
01000000
00000000
00000000
00000000

00000000
00000000
00000000
00000000
00001100
00011110
00001110
00000010

00000000
00000000
00000000
00000000
00000000
00000001
00000011
00000000

00000011
00001111
00000010
00000010
00000000
00000000
00000000
00000000

00000100
00011110
00111111
00010100
00010000
00011000
00000000
00000000

00000000
00000000
00110000
01110000
11100000
11000000
00000000
00000000

00000000
00000000
00000000
00000000
00000000
00000000
00000001
00001111

00000000
00001110
00011111
00111010
00001000
00000000
00000000
00000000

00000000
00000000
00000000
00000000
00100000
00100000
00000000
00000000

00000000
00000000
00000001
00000111
00000111
00000011
00000010
00000000

00000000
00000000
00000000
00000000
00000000
00011100
00011000
00010000

10000000
11100000
01000000
00000000
00000000
00000000
00000000
00000000

00000000
00001110
00001110
00001111
00000011
00000001
00000000
00000000

00000000
00000000
00100000
00111000
00000000
00000000
00000000
00000000

00000100
00000000
00000000
00000000
00000000
00000000
00000000
00000000

00000000
00000000
00000000
00000000
00000000
11000000
11000000
10000000

00000000
00000000
00000000
00000000
00000000
00010000
00110000
01111000

00111000
00011000
00000000
00000000
00000000
00000000
00000000
00000000

00110000
00111100
11111100
01110000
00000000
00000000
00000000
00000000

00010000
11111000
11100000
00000000
00000000
00000000
00000000
00000000

00110000
00110000
00000000
00000000
00000000
00000000
00000000
00000000

00000000
00000000
00000000
00000010
00000010
00000111
00011110
00001111

01110000
01100000
11000000
00000000
00000000
00000000
00000000
00000000

00000011
00001110
00001111
00000011
00000011
00000011
00000000
00000000

00000000
00000010
00000110
01001110
01111100
00110100
00000000
00000000

00000000
00000000
00000000
00000000
00001100
00011100
00011111
00001001

00000000
00000000
00000000
11100000
00111000
00011000
00001000
00001000

00000000
00000000
00000000
00000000
10110000
11111100
01101000
11000000

00000000
00000000
00000000
00000100
00000110
00000011
00000011
00000011

00000000
00000000
00000000
00000000
01000000
01010000
01110000
11111100

00000000
00000000
00000000
00001111
00000111
00000110
00000000
00000000

00000000
00000000
00000000
00000000
00000000
00000010
00001110
00011100

11000000
11100000
11111000
11000000
10000000
10000000
00000000
00000000

00000100
00000101
00000111
00000111
00000111
00000010
00000000
00000000

00000000
00000000
11110000
01110000
01110000
01000000
00000000
00000000

00100000
01100000
01110000
01100000
00000000
00000000
00000000
00000000

11111000
11010000
00000000
00000000
00000000
00000000
00000000
00000000

00000000
00000000
00000000
00000000
00000100
00000100
00001100
00001110

00000000
00000000
00000000
00010000
00010000
00110000
00110000
00000000

00000000
00000000
00000010
00000000
00000000
00000000
00000000
00000000

00000000
00000000
00000000
00000000
00000100
00000110
00001110
00011111

00000000
00000000
00010000
00010000
00000000
00000000
00000000
00000000

00011000
11110000
11110000
11100000
01000000
01000000
00000000
00000000

00000000
10000000
11110000
11110000
11100000
10100000
10000000
00000000

00110110
00011110
00000110
00000000
00000000
00000000
00000000
00000000

00000000
00000000
00000000
00000000
11100000
11100000
11000000
11000000

00000000
00000000
00000000
00000000
00100000
00111000
00111011
01111111

11110000
00000000
00000000
00000000
00000000
00000000
00000000
00000000

00000010
00000110
00001111
00011111
00000100
00000000
00000000
00000000

00100000
00100000
01100000
11000000
00000000
00000000
00000000
00000000

00000000
00000000
00000001
00000001
00000011
00000110
00000100
00000000

00000000
00000000
00000000
00000000
00011000
00011000
00111000
00010000

00000000
00000000
00000000
00000011
00000111
00011111
00010011
00000011

00000001
00000001
00000001
00000001
00000000
00000000
00000000
00000000

00000000
00000000
00000000
00000010
00000010
00000000
00000000
00000000

00000000
00000000
00000000
00000000
00000000
00001010
00001110
00001100

11000000
11111000
10000000
11000000
11000000
00000000
00000000
00000000

00000000
00000000
00000000
00000000
00000000
00000000
00001100
00001100

00000000
00000000
00000000
00000000
00000000
00000000
10000000
00000000

00000000
00000000
00010000
00000000
00000000
00000000
00000000
00000000

00000000
00000000
00000000
00000000
00000000
00000100
00000100
00000100

01110000
01011100
00000100
00000000
00000000
00000000
00000000
00000000

00000000
00000000
00000000
00000010
00000011
00000011
00000010
00000000

00000000
00000000
00000000
00000000
00000000
00000100
00011111
00000101

00001111
00000111
00000101
00000101
00000001
00000000
00000000
00000000

00000000
00000000
01000000
11100000
01110000
00000000
00000000
00000000

00000000
00000000
00000000
00000000
00000110
00000100
00001100
00000000

00000000
00000000
01000000
01000000
00000000
00000000
00000000
00000000

00000000
00000000
00000000
00000000
00010000
00111100
01100000
01110000

00000000
00000000
00000000
00000000
00100000
00101000
00111110
01111110

00000000
00000000
00000000
00000000
00000111
00001111
00000010
00000010

00000000
00000000
00001100
00111000
00001000
00000000
00000000
00000000

11000000
01100000
11000000
00000000
00000000
00000000
00000000
00000000

00000000
10000000
11100000
11100000
11000000
01000000
11000000
00000000

00000000
00000011
00000011
00011111
00001110
00000010
00000011
00000000

00000000
00000000
00001000
00001000
00001000
00000000
00000000
00000000

00000000
00000000
00000000
00000000
00000000
00000010
00001110
00000111

01111100
00011100
00011000
00010000
00000000
00000000
00000000
00000000
