00000000000000000000001111111111
11000000000000000010001111111111
00000000000000010010001111111111
00000110000001000000001111111111
01000000000100000001001111111111
00000000000000000000001111111111
10000000000000000100001111111111
00000000001000010000001111111111
00000001000110000000001111111111
00000000000000000000001111111111
00000000000000010000001111111111
00001000000001000000001111111111
00010001000000000000001111111111
00000000000000000000001111111111
00000000100000000000001111111111
00000000000000000000001111111111
00000000000000000001001111111111
00000100000000000001101111111111
00101000000000000000001111111111
00000000000001000000011111111111
00000000000000000000001111111111
00001000000000000000001111111111
00000000000000000000001111111111
01000000000000010000001111111111
00000000000000000001001111111111
00000000000000000100001111111111
11111111111111111111111111111111
11111111111111111111111111111111
11111111111111111111111111111111
11111111111111111111111111111111
11111111111111111111111111111111
11111111111111111111111111111111

165
00000000
00000000
00000000
00000000
00000000
00010011
01011111
01111111

00000000
00000100
00001110
00000100
00000100
00000100
00000000
00000000

00000000
00000000
00000000
00110010
00011111
00011110
00010100
00000000

11110000
11111000
01110000
00110000
00110000
00000000
00000000
00000000

00000000
00000000
00000010
00000111
00001110
00011011
00001010
00000000

00001101
00000111
00000110
00000100
00000000
00000000
00000000
00000000

00000000
00000000
00000000
00000000
00000000
11001000
11101100
11111000

00000111
00000111
00000001
00000000
00000000
00000000
00000000
00000000

00000000
00000000
01000000
01100000
01000000
01000000
00000000
00000000

00000000
00000000
00000000
00000000
00000000
11100000
00100000
00100000

00000000
00000000
00000000
00000000
00000000
00000000
00000000
01110000

00000000
00000000
00000000
00000000
01000000
11001100
11111000
01011000

00000000
00000000
00000000
00000000
00000000
00000000
00111100
00000000

00000000
00000010
00000011
00000011
00000011
00000010
00000000
00000000

00000000
00000000
00000001
00000011
00011111
00000000
00000000
00000000

00000000
00000000
00010000
01011000
01111000
11111000
00001000
00000000

11000000
11110000
11111000
10000000
10000000
10000000
00000000
00000000

00000000
00000000
01000000
01110000
00010000
00010000
00000000
00000000

00000000
00000000
00000000
00000000
00000000
00100000
01100000
01100000

00000000
00000000
00000011
00000111
00000001
00000001
00000001
00000000

00000000
00000000
00000000
00000000
00000000
01000000
01000000
01000000

00000000
00000000
00000000
00000000
00000000
00110000
00011110
00000100

00000000
00111100
00111110
00000000
00000000
00000000
00000000
00000000

00000000
00100000
00110000
01100000
11100000
00100000
00000000
00000000

00000000
00000000
00000000
00000001
00000111
00000011
00000011
00000000

00100000
00110000
00110000
00111000
00000000
00000000
00000000
00000000

00000000
00000000
00000000
00000000
00000000
00000001
00000111
00000001

00000000
00000000
00000000
00000000
00000000
00000000
00110000
01111000

00000000
00000000
00000000
00000000
00000000
00001110
00000100
00000000

00000000
00000000
00000000
00000000
00000110
00000111
00000110
00001100

00000000
00000000
11000000
11111000
11001000
01001000
00000000
00000000

00000000
00000001
00000011
00000111
00001111
00000000
00000000
00000000

00000000
00000000
00000000
00000000
00000001
00001111
00000001
00000000

00000000
10000000
00000000
00000000
00000000
00000000
00000000
00000000

00000000
11000000
11000000
11100000
11100000
11100000
10000000
00000000

00000000
00000001
00000011
00000001
00000000
00000000
00000000
00000000

00000000
00000000
00000100
00011100
00001111
00001110
00000100
00000000

00000000
00000000
00000000
00000000
00000000
01011000
11111110
11011000

00000000
00000000
00000001
00000001
00000011
00000011
00001110
00000000

00000000
00000000
00010000
00010000
11111100
10001000
00000000
00000000

00000000
00000000
00000000
00000000
00000000
01000000
01000000
01110000

00000000
00000000
00000000
10000000
10000000
10100000
11100000
11100000

00000000
00000000
00000000
00000000
01000000
11100000
00000000
00000000

00000000
00000000
00100000
00110000
00000000
00000000
00000000
00000000

00111110
00011110
00011110
00001100
00000000
00000000
00000000
00000000

00000000
00000000
00001110
00000111
00000011
00000001
00000001
00000000

00000000
00000000
00000000
00000000
00000000
00000011
00001111
00000111

00000000
00000000
00000000
00000000
01110000
00100000
00000000
00000000

00000000
00000000
00000000
01111110
01001010
00001000
00000000
00000000

00000000
00000000
00000000
00000000
01110000
00100000
00000000
00000000

00000000
00000000
00000000
00000000
00100000
11110000
11111110
11110000

00001110
00011010
00111000
00111000
01100000
00000000
00000000
00000000

00000000
00000000
00000110
00000110
00000000
00000000
00000000
00000000

00000000
00000000
00000000
00000000
00000000
10000000
11100000
10000000

00000000
00000000
00000000
00000100
00001100
00001111
00000001
00000001

00000011
00000110
00001111
00000011
00000000
00000000
00000000
00000000

00000001
00000111
00000110
00000110
00000010
00000000
00000000
00000000

00000000
00000000
00000000
00000000
00000000
00000000
00000100
00011100

00000111
00000111
00000110
00000100
00000000
00000000
00000000
00000000

00000000
00000000
00000000
00000000
00110000
10010000
11111100
11111000

11111100
10111000
00110000
00000000
00000000
00000000
00000000
00000000

00000000
00000000
00000000
00000000
00110000
11111000
00111100
00011100

11111110
00111000
00011000
00010000
00000000
00000000
00000000
00000000

00000000
00000000
00100000
00000000
00000000
00000000
00000000
00000000

00000000
00000000
00000000
00000000
00010000
00011000
00111100
01101100

00000000
00000000
00000000
00000000
01001110
11111100
01100100
01110000

11100000
11100000
10100000
00000000
00000000
00000000
00000000
00000000

00000000
00000000
00000000
00000000
00000000
01100000
00000000
00000000

00000110
00001110
00000000
00000000
00000000
00000000
00000000
00000000

00000000
00000100
00000100
00001111
00001110
00001010
00000000
00000000

00000011
00011111
00011111
00001111
00000000
00000000
00000000
00000000

00000000
00000000
00000000
00000100
00000111
00000110
00000100
00000000

00000000
00010000
00110000
00111000
11111000
00111000
00011000
00000000

00000011
00000111
00000011
00000000
00000000
00000000
00000000
00000000

00000001
00000011
00000111
00000010
00000000
00000000
00000000
00000000

00000000
00000010
00000010
00111111
00100011
00000001
00000001
00000001

00000000
00000000
00000000
00000000
00000110
00001111
00000001
00000001

00000000
00000000
00000000
00000000
00000000
00000000
00100000
00000000

00110000
00111100
00001000
00001000
00000000
00000000
00000000
00000000

00000110
00000000
00000000
00000000
00000000
00000000
00000000
00000000

00000000
00000000
00000000
00000011
00000001
00000000
00000000
00000000

00000000
00000000
00000000
00000000
00000000
10010000
10110000
11100000

00000000
00000000
00000000
00000000
00000000
11111000
11111000
11111000

00000000
00000000
00000000
00000000
00000000
00000000
11111100
10100000

00000000
00000000
00000000
00000000
00000000
00000000
00111111
00011110

00000000
00000001
00000001
00000000
00000000
00000000
00000000
00000000

00111111
01110111
00000100
00000110
00000000
00000000
00000000
00000000

00000000
00000000
00000000
00000000
00001000
00111100
00111100
00001000

00001101
00001111
00001101
00000000
00000000
00000000
00000000
00000000

00000000
00000000
00000000
00000000
10000000
11100000
11100000
10100000

00000000
00000000
00000000
00000000
00000010
00000000
00000000
00000000

00000000
00000000
00000000
00001000
00001011
00001111
00011111
00000111

00000000
00000000
00000000
00000100
00000100
00000100
00000000
00000000

11100000
11110000
01110000
00100000
00000000
00000000
00000000
00000000

00000000
00000000
00000000
00000000
00000000
00000000
00000000
00000010

00000000
00000000
00000000
00000000
00011110
01111110
00111011
00000000

00000000
00000000
00000000
00000000
00010110
00111110
00001100
00000100

00001100
00000111
00011111
00000111
00000000
00000000
00000000
00000000

00000000
00000000
10000000
10000000
10000000
11010000
11110000
11110000

00000000
00000000
00000000
00100000
00100000
00000000
00000000
00000000

00000100
00000110
00011110
00001110
00000000
00000000
00000000
00000000

00000000
00000000
00000000
00000000
00001000
00001100
00011000
00000000

00000000
00000000
00000000
00001000
00111100
00100000
11111000
00111000

00000000
00000000
01000000
00000000
00000000
00000000
00000000
00000000

00000100
00000000
00000000
00000000
00000000
00000000
00000000
00000000

01111000
00100000
00100000
00000000
00000000
00000000
00000000
00000000

00000000
00000010
00000000
00000000
00000000
00000000
00000000
00000000

00000000
00000000
00000000
10000000
10000000
11100000
11000000
10000000

01100000
11100000
10111000
00100000
00000000
00000000
00000000
00000000

11000000
11000000
11110000
01011000
00000000
00000000
00000000
00000000

00000000
00000000
00000000
00000010
00110110
00011111
00000000
00000000

00000000
00000000
00000000
00000000
00000000
00000000
00010000
00000000

00000000
00000000
00000000
00000110
00000000
00000000
00000000
00000000

00000000
00000000
00011000
00011000
00110000
11100000
01000000
01000000

01100000
01100000
11110000
10000000
00000000
00000000
00000000
00000000

00000000
00000000
00000000
00000000
00000000
00011110
00001000
00000000

00000000
00000000
00000000
00000000
00000111
00011110
00001111
00001100

00000000
00000000
00000000
00000000
00000100
00000110
00000100
00000000

00000111
00000011
00000011
00000001
00000001
00000000
00000000
00000000

00001001
00011111
00111111
00010101
00000000
00000000
00000000
00000000

00000000
00000000
00000000
01100000
01000000
01000000
00000000
00000000

00100000
01100000
01110000
01110000
01110000
00100000
00000000
00000000

00011111
00111111
00010001
00000000
00000000
00000000
00000000
00000000

00011111
00001111
00000110
00000000
00000000
00000000
00000000
00000000

00000000
00000000
00000000
01010000
11110000
01111000
00110000
00110000

00001111
00000010
00011110
00000010
00000000
00000000
00000000
00000000

11000000
11000000
01100000
11000000
01000000
00000000
00000000
00000000

00000000
00000000
00000000
00000000
00000000
00000000
00000000
00010000

00000000
00000000
00000000
00000000
00000000
00000000
10000000
11000000

00000000
00000000
00000000
11100000
10110000
00100000
00000000
00000000

00100000
00100000
00000000
00000000
00000000
00000000
00000000
00000000

00000000
00000000
00000000
00000000
00000000
00111110
00001110
00000010

00000000
00000000
00000000
00000000
00001100
00000100
00011111
00000110

00000000
00000000
00000000
00000000
00000011
00011110
00000110
00000011

00000000
10000000
10010000
11110000
11100000
11100000
10000000
10000000

00000000
00001110
00001110
00111011
00001001
00000000
00000000
00000000

00000000
00000000
00000000
00000000
00010000
00010000
00010000
00010000

00000000
00010000
11111000
11110000
11000000
01000000
11000000
01000000

00000000
00000000
00000000
00000000
00000000
00010000
00010000
00111000

00000000
00001000
00000000
00000000
00000000
00000000
00000000
00000000

00000000
00000001
00000111
00001111
00001101
00000000
00000000
00000000

00000000
00000000
00000110
00000111
00000011
00000010
00000010
00000000

00000000
00000000
00000000
00000000
00001001
00011111
00001111
00001111

00000000
00000000
00000000
00000000
00000010
00000010
00000010
00000000

00011100
00010100
00000000
00000000
00000000
00000000
00000000
00000000

00000000
00000011
00011110
00011110
00001110
00000000
00000000
00000000

11000000
11100000
11100000
10100000
10000000
00000000
00000000
00000000

00000000
00000000
00000000
00000100
00011110
00001111
00001100
00111000

00000000
00000000
00000000
00000000
00000000
00000000
01000000
01000000

00000010
00010111
00111100
00011110
00000100
00000100
00000000
00000000

10000000
10000000
11000000
11100000
11100000
00110000
00100000
00000000

00000000
00000000
00000000
00000000
00100000
00100000
10110000
11111000

00000000
00000000
00000000
00000000
00001000
00000000
00000000
00000000

10000000
10000000
11000000
10000000
10000000
00000000
00000000
00000000

00000000
00000000
00000000
00001000
00001100
00000000
00000000
00000000

00000000
11100000
11000000
00000000
00000000
00000000
00000000
00000000

10000000
10000000
11000000
11000000
11000000
00000000
00000000
00000000

00000000
00000000
00000000
00000000
00100000
01100000
11100000
11100000

00000001
00000001
00000000
00000000
00000000
00000000
00000000
00000000

00000000
00000000
00000000
00010000
00000000
00000000
00000000
00000000

00000000
00000000
00000000
00000000
00000011
00000011
00000111
00000010

00000000
00000100
00001100
00001000
00001000
00000000
00000000
00000000

11111110
11110000
11010000
10000000
10000000
00000000
00000000
00000000

00000000
00000000
00000000
00000000
00001100
00001100
00000000
00000000

00000000
00000000
00000010
00000011
00111110
00011011
00010010
00000011
