00000000000000000000111111111111
00000000000000000000111111111111
00000000000000000000111111111111
00000000000000000000111111111111
00000000000000000000111111111111
00000000000000000010111111111111
00000000000000000000111111111111
00000000000000000000111111111111
00000000000000000000111111111111
10000000000000000000111111111111
00000000000000000000111111111111
00000000000000000000111111111111
00001000000000000000111111111111
00000000000000000000111111111111
00000000000000000000111111111111
00000000000000000000111111111111
00000000000000000000111111111111
00000000000000000000111111111111
00000000000000000000111111111111
00000000000000000000111111111111
00000000000000000000111111111111
00000000000000000000111111111111
00000000000000000000111111111111
00000000000000000000111111111111
00000000000000000000111111111111
00000000000000000000111111111111
00000000001000000000111111111111
00000000000000000000111111111111
00000000000000000000111111111111
00000000000000000000111111111111
11111111111111111111111111111111
11111111111111111111111111111111

137
00000000
00000000
00000000
00011000
00001100
00001110
00000000
00000000

00011000
00111110
00010000
00010000
00010000
00000000
00000000
00000000

00000000
00000000
00000011
00000001
00000001
00000000
00000000
00000000

11111000
11111110
01100000
00000000
00000000
00000000
00000000
00000000

00001000
00001000
00000000
00000000
00000000
00000000
00000000
00000000

00000000
00000000
00000000
00000000
00000000
00111000
00111000
00111000

00000000
00000000
10000000
11100000
10000000
00000000
00000000
00000000

01100000
01000000
11000000
00000000
00000000
00000000
00000000
00000000

00011100
00111000
01100000
00000000
00000000
00000000
00000000
00000000

00100000
00000000
00000000
00000000
00000000
00000000
00000000
00000000

00000000
00000000
11000000
00000000
00000000
00000000
00000000
00000000

00000000
00000000
00100000
00110110
00011110
00011110
00000100
00000000

00000000
00000000
00011000
01111100
01111000
00011000
00000000
00000000

00000000
00000000
00000000
00000001
00000001
00000111
00000111
00001111

00000000
00000000
00010000
00011000
00000000
00000000
00000000
00000000

00111111
00111100
00010110
00010100
00000000
00000000
00000000
00000000

00100000
00000000
00000000
00000000
00000000
00000000
00000000
00000000

11111100
11101100
11001000
00000000
00000000
00000000
00000000
00000000

00000000
00110000
00000000
00000000
00000000
00000000
00000000
00000000

00000000
00001000
00011100
00011000
00011000
00110000
00000000
00000000

00000110
00111100
00111000
00111000
00010000
00000000
00000000
00000000

00000000
00000000
00000000
00000000
00000001
00000111
00000000
00000000

00001110
00001000
00000000
00000000
00000000
00000000
00000000
00000000

00000000
00000000
00000000
00000000
10000000
10000000
10000000
10000000

00000000
00000000
00000000
00000000
00000000
00000100
00000110
00000000

00000000
00000000
00000000
00000000
00000100
00001111
00000010
00000000

00000000
00000000
00000000
00000000
00010011
00011111
00011111
00000011

00000000
00000000
00000000
00000000
00100000
11111100
11110000
00100000

11100000
11110000
11111000
00000000
00000000
00000000
00000000
00000000

00000000
00000000
00000000
00000000
00000000
00011110
00111110
00101000

00000000
00000000
00000000
00000000
00000000
00000011
00001111
00000111

00000000
00000001
00000111
00000101
00000100
00000000
00000000
00000000

00011010
00001111
00001111
00001110
00000000
00000000
00000000
00000000

01111100
00011100
00001000
00001000
00000000
00000000
00000000
00000000

01110000
00100000
00100000
00000000
00000000
00000000
00000000
00000000

00000000
00000000
00000000
00001000
00011101
00000111
00000010
00000010

00100111
01110110
00111100
00110000
00010000
00000000
00000000
00000000

00000000
00000000
00000000
00000100
00001100
00011101
00001111
00000001

00000000
00001000
00001000
00011000
00111110
00110000
00000000
00000000

00000100
00011100
00110100
00010100
00000100
00000000
00000000
00000000

00000000
00000000
01000000
11000000
01100000
11100000
00110000
00000000

01010000
11110000
00110000
00000000
00000000
00000000
00000000
00000000

00000000
00000000
10000000
11000000
11110000
11100000
11100000
11000000

00000000
00010000
00000000
00000000
00000000
00000000
00000000
00000000

00000000
00000000
00000000
00100000
00000000
00000000
00000000
00000000

00001111
00001111
00001111
00000100
00000000
00000000
00000000
00000000

00011111
00001100
00111110
00001110
00000100
00000000
00000000
00000000

00000101
00001111
00000011
00000000
00000000
00000000
00000000
00000000

10000000
10000000
11000000
10000000
10000000
00000000
00000000
00000000

01000000
01000000
01000000
11000000
11100000
01000000
00000000
00000000

00001111
00000111
00000110
00000000
00000000
00000000
00000000
00000000

00000000
00000000
00000000
00000000
11110000
11110000
01110000
11111000

00000000
00001000
10111100
11111100
11000000
01100000
00000000
00000000

00001000
00001100
00011110
00001110
00001000
00001000
00001000
00000000

01111110
00001110
00001000
00000000
00000000
00000000
00000000
00000000

00000000
00000000
00000000
00111000
00001000
00001000
00000000
00000000

00000000
00000000
00001000
00000000
00000000
00000000
00000000
00000000

00000000
00010000
00110000
00000000
00000000
00000000
00000000
00000000

00000000
00000000
00000000
00000000
00110000
00100000
01100000
01000000

00000000
00000000
00000000
00000000
00100000
00100000
01100000
00100000

00000000
00000000
00010000
11011000
01111000
11010000
00000000
00000000

00000000
00000000
00000000
00000000
00000000
00001000
00000000
00000000

00000000
00000000
00000000
00000000
00000000
00000000
00100000
01100000

00000000
00000001
00000001
00000001
00000001
00000000
00000000
00000000

00001100
00111000
11111000
00000000
00000000
00000000
00000000
00000000

00000110
00001110
00001111
00000111
00000010
00000000
00000000
00000000

00000000
00000000
00000000
00000000
00000000
00000101
00001111
00000010

00000000
00000001
00000001
00000011
00000000
00000000
00000000
00000000

00011110
00001111
00011100
00110100
00010000
00000000
00000000
00000000

00000000
00000000
00000000
00000000
00000011
00001110
00000011
00000001

00000000
00000000
00000000
00000000
00010000
01011100
01111110
11011000

01101000
01111000
01110000
11100000
00100000
00000000
00000000
00000000

00000000
00000000
00000000
00000000
00111000
00001000
00000000
00000000

00000000
00010000
01010000
01010000
11110000
00010000
00000000
00000000

00000000
00000000
00000000
00000000
00000000
00000010
00000010
00000000

00000000
00000000
00000000
00000000
00000000
00000000
00000110
00000010

00000000
00000000
00000000
00000000
00000001
00000000
00000000
00000000

00000000
00000000
00000000
00000000
01000000
11100000
10000000
00000000

00000011
00001111
00001111
00001011
00000011
00000001
00000000
00000000

00000000
00000000
00010100
01011100
11111100
01011000
00001000
00000000

00000000
00000000
00000000
00000000
00000000
00001100
00111111
00000110

11000000
11000000
11110000
11100000
00100000
00000000
00000000
00000000

00000000
00000101
00001111
00000100
00011100
00000100
00000000
00000000

00000000
00000000
00000000
00000011
00000011
00000111
00000110
00000000

11111100
11111000
11000000
00000000
00000000
00000000
00000000
00000000

00000000
00000000
00000000
00000000
01111000
01100000
00000000
00000000

00000000
01000000
11100000
11100000
01100000
01110000
01111000
00000000

00000001
00000001
00001011
00001111
00000011
00000001
00000000
00000000

00000000
00000000
00000000
01000000
11000000
11000000
11110000
11111000

00000001
00000001
00000101
00001111
00001011
00000010
00000000
00000000

00000000
00000000
00000000
00000000
00001100
00001000
00000000
00000000

00000000
00000000
00000000
00000000
00001100
00001101
00011111
00011110

00000000
00000000
00000000
00000100
00000000
00000000
00000000
00000000

00000000
00000000
00110000
00111000
00111100
00101000
00000000
00000000

00000000
00000000
00000000
00000000
00000000
00000000
00011100
00001000

00000000
01000000
11000000
00000000
00000000
00000000
00000000
00000000

00000000
00000000
00100000
00000000
00000000
00000000
00000000
00000000

00000000
00000000
00000000
00000000
00000000
00001100
00000000
00000000

00000000
00000000
00000000
00000000
00000000
01000000
11000000
11100000

00000000
00000100
00011110
00011100
00011000
00000000
00000000
00000000

00000011
00000111
00011111
00001000
00000000
00000000
00000000
00000000

00000000
00000000
00100000
00000000
00000000
00000000
00000000
00000000

00000000
00000000
00000000
00000000
00000000
11100110
01100111
00111110

00000000
00000000
00000000
00010100
00111111
00011110
00001100
00000000

00000000
00000000
00100000
00100000
00100000
01100000
00100000
00000000

00000000
00000000
01000000
01000000
00000000
00000000
00000000
00000000

00000000
00000000
00000000
00000000
00000000
00001000
00000000
00000000

00000000
00000011
00000011
00000011
00000011
00000010
00000000
00000000

00000000
00000000
00100000
01111000
01011000
01000000
01000000
00000000

00000000
00001000
00111110
00111111
00111100
00000000
00000000
00000000

00000000
00000000
00000100
00000100
00000000
00000000
00000000
00000000

00000000
00000110
00111111
01111110
00010000
00000000
00000000
00000000

00000000
00000011
00000110
00000111
00001111
00001110
00000000
00000000

00001000
00001100
00000100
00011111
00000111
00000001
00000000
00000000

00000000
00000000
00000000
11000000
11000000
11000000
11100000
00100000

00111111
00111111
00011000
00000000
00000000
00000000
00000000
00000000

00000001
00000001
00000001
00000000
00000000
00000000
00000000
00000000

01111000
00111000
11110000
01110000
00110000
00000000
00000000
00000000

11000000
01000000
11100000
11100000
00000000
00000000
00000000
00000000

00000000
00000000
00000000
00000000
00000100
00001110
00011111
01111110

00000000
00000000
00000000
10000000
10100000
11100000
11110000
11111100

00000000
00000000
00010000
00011000
00011110
00010110
00000000
00000000

00000000
00001000
00011000
00011100
00000000
00000000
00000000
00000000

00000000
00011000
00011100
00011100
00001100
00000100
00000000
00000000

00000000
00000000
00000000
00000000
00000000
10000000
10000000
10000000

00000000
00000000
00000000
00000000
00000000
00100000
11110000
11100000

00011110
00001111
00111100
00011000
00000000
00000000
00000000
00000000

00000000
00000000
00000000
00110000
01111110
00000000
00000000
00000000

00000000
00000000
00000000
00000000
00000000
00000000
00000010
00000011

00000000
00000000
01000000
11100000
00000000
00000000
00000000
00000000

01111000
01110000
00110000
00000000
00000000
00000000
00000000
00000000

00000000
00000000
00000000
00000000
00000000
00100000
01111110
00111000

01111000
11110000
01110000
11100000
01000000
00000000
00000000
00000000

00000000
00000100
00000110
00111111
00011101
00001000
00000000
00000000

00000000
00000000
00000011
00000011
00000011
00000001
00000001
00000000

00000000
00000000
00100000
11110000
01111000
01000000
01000000
00000000

00010000
01111100
00010000
00000000
00000000
00000000
00000000
00000000
