00011000000000000000000000000011
00000010000000000001000000000011
00000000010001000000000000000011
00000000000000000000000000001011
00000000000000100001000000000011
00000000000001000000000000000011
00000000000000000000000000000011
00000000000000000000000010000011
00000000000010000000000000000011
00000000000000100000000000000011
00000010000000000000000100100111
00000000011000000000000000001011
00010000000000000000000000000011
00000000000000000000000000000011
00000000000000000000000000000011
00000000000000000000000000000011
00001011000000000000000000000011
00000000000000010000000000100011
00000000000000000000000000000011
00000001100100000000000000000011
00000000000000000000000000000011
00000010000010000000000000000011
00000000100000000000000000010011
11000000000000010000000000000011
00000000100010000000000000010111
11111111111111111111111111111111
11111111111111111111111111111111
11111111111111111111111111111111
11111111111111111111111111111111
11111111111111111111111111111111
11111111111111111111111111111111
11111111111111111111111111111111

124
00000000
00000000
10000000
10000000
10000000
11000000
00000000
00000000

00000000
00000000
00000000
10000000
10000000
10000000
11110000
11110000

00000000
00000000
00000000
00000000
00100000
10100000
11100000
00000000

00000000
00000000
00000000
00000000
00000101
00000111
00000111
00000001

00000001
00000000
00000000
00000000
00000000
00000000
00000000
00000000

11110100
01011100
01010100
00010000
00000000
00000000
00000000
00000000

00000000
00000000
00000000
00000000
10000000
11000000
11100000
11110000

11110000
11111100
11101000
10000000
00000000
00000000
00000000
00000000

00000000
01010000
01110000
11111000
01110000
00110000
00010000
00000000

00000000
11000000
11000000
11000000
11100000
10000000
00000000
00000000

00000000
00000000
00000000
00000000
00000110
00001110
00011111
00001111

00000000
00000000
00000100
00001100
00000110
00000111
00000000
00000000

00000000
00000000
00000000
00000000
00000011
00001111
00001111
00000111

00011110
00111111
00001110
00000110
00000000
00000000
00000000
00000000

00000000
00110000
00000000
00000000
00000000
00000000
00000000
00000000

00000000
00000000
00001000
00011000
00111100
00111100
00011100
00001000

00000000
00000000
00000000
11100000
01100000
11100000
11000000
11000000

00000000
00000000
00000100
00000100
00001110
00001111
00000011
00000011

00000000
00000000
00000000
01000000
11000000
11100000
01000000
00000000

00000000
00000000
00000000
00000000
00000000
00000000
00000000
00011000

00000000
00000000
00000000
00000000
00000000
00100000
00111000
00110000

00000000
00000000
00101000
00111100
00111100
00001100
00001000
00000000

01000000
01000000
11100000
01100000
11111000
10110000
00000000
00000000

00000000
00000000
00000000
00000000
00000000
00000000
00000000
00000110

00000000
00000000
00010000
01111000
00111100
00000110
00000000
00000000

00110000
11110000
00110000
00111000
00100000
00000000
00000000
00000000

00000000
00000000
00000000
00000000
01000000
01000000
11100000
11000000

00000000
00000000
01110000
11111000
00100000
00000000
00000000
00000000

00000000
00000000
00000000
00011000
00111000
00110000
11100000
01100000

00000000
00000000
00000000
00100000
00100000
01100000
01100000
00000000

11100000
01100000
00100000
00000000
00000000
00000000
00000000
00000000

00111111
00001111
00001110
00000000
00000000
00000000
00000000
00000000

11100000
11111000
11110000
10000000
00000000
00000000
00000000
00000000

00000000
00000000
00000000
00000000
00000000
00000000
00001000
00000000

00000000
00000000
00000010
00000010
00000111
00001110
00000000
00000000

00000000
00010000
00010000
00010000
00010000
00010000
00000000
00000000

00010000
11110000
11100000
11100000
01000000
01000000
00000000
00000000

00000000
00000100
00000111
00001101
00000000
00000000
00000000
00000000

00000000
00000000
00000000
00000000
10100000
11110000
11111100
11000000

00000000
00001000
00001000
00001000
00000000
00000000
00000000
00000000

11000000
11110000
11110000
11000000
00000000
00000000
00000000
00000000

10000000
10000000
11110000
11100000
11000000
11000000
10000000
10000000

00001111
00000100
00000100
00000000
00000000
00000000
00000000
00000000

00000000
00000000
00000000
00000000
00000001
00000001
00000000
00000000

00000000
00000000
00000000
00000000
00000000
01111000
01111000
01011000

00111000
00001000
00000000
00000000
00000000
00000000
00000000
00000000

00111000
00111000
00011100
00000000
00000000
00000000
00000000
00000000

00000000
00100000
01111100
00111110
00000110
00000000
00000000
00000000

00000000
00000000
00001110
00001110
00000110
00000000
00000000
00000000

00000000
00000000
00000000
00000000
10000000
10000000
10000000
00000000

10000000
00000000
00000000
00000000
00000000
00000000
00000000
00000000

00000000
00000001
00000011
00011111
00010111
00000000
00000000
00000000

00000001
00000000
00000000
00000000
00000000
00000000
00000000
00000000

00000011
00000111
00000111
00000111
00000001
00000000
00000000
00000000

00000000
00000000
00000000
11100000
11100000
11100000
11100000
11100000

11000000
11100000
11000000
11000000
10000000
00000000
00000000
00000000

00000001
00001111
00000110
00000110
00000111
00000011
00000000
00000000

00000000
00000000
00000000
00000000
00000000
00000000
00000000
01000000

00000000
00010001
00011111
00110100
00100110
00100011
00000000
00000000

00011110
00011100
00000100
00000100
00000000
00000000
00000000
00000000

11100000
11100000
11100000
11100000
11000000
01000000
01000000
00000000

00001100
00000000
00000000
00000000
00000000
00000000
00000000
00000000

00000000
00000000
00000000
00000000
00100000
01100000
11101000
00111100

00011100
00001100
00000000
00000000
00000000
00000000
00000000
00000000

00000000
00001000
00001000
00111100
00010000
00000000
00000000
00000000

10000000
11000000
11100000
01100000
01000000
01000000
00000000
00000000

00000000
00000000
00000100
00001101
00011111
00010011
00000000
00000000

00000000
00000000
00000000
10100000
11100000
11100000
11100000
11100000

00000100
00001100
00001111
00000110
00000000
00000000
00000000
00000000

00000000
00000000
00100000
00100000
01111000
01000000
01100000
11000000

00000000
00000000
00000000
00101000
00111000
10110000
11100000
01100000

00000000
00000000
00000000
00000000
00000000
00000000
01100000
01000000

00000000
00000000
00000000
00000000
00011000
00011101
00011111
01111001

00000000
00000000
00000000
00000000
00000000
01100000
00100000
00100000

00000000
00000000
00000000
00000000
00000000
00000010
00000011
00000111

00000000
00000000
00000000
00000000
00111000
01111111
00001110
00000110

00000000
00000000
00000000
00000000
00000000
00001000
00011100
00001110

11111000
11101000
11101000
01001000
00001000
00000000
00000000
00000000

00000010
00000110
00001110
00000110
00000110
00000110
00000100
00000100

00000000
00000000
00000000
00000000
01100000
00000000
00000000
00000000

00100000
00110000
01111000
00111100
00011000
00001000
00000000
00000000

00000000
00000000
00000000
00000000
00000000
00000000
10000000
10000000

00000000
00000000
00000000
00000000
00000010
00001110
00000011
00000010

00000000
00000000
00000000
00010000
10011000
11110000
11100000
11100000

00000000
00110000
11111100
00000100
00000000
00000000
00000000
00000000

01110000
01100000
11100000
10000000
00000000
00000000
00000000
00000000

00000001
00000111
00001111
00000111
00000111
00000010
00000000
00000000

00000000
00000000
00000000
00000000
00000000
00000100
00011110
00110110

00000000
00000000
00000100
00000100
00000100
00000100
00000000
00000000

00000000
00000000
00000000
01000000
01110000
00110000
00010000
00000000

00000000
00000000
00000000
00000000
00000000
00000000
01000000
11100000

00100000
11101000
11111000
01110000
01000000
00000000
00000000
00000000

00000000
00000000
00000110
00000111
00000111
00001111
00000100
00000000

00000010
00000011
00000000
00000000
00000000
00000000
00000000
00000000

00000000
00000000
00000000
00000000
00001100
00000110
00000110
00000110

00000000
11000000
11100000
10000000
00000000
00000000
00000000
00000000

00000000
00000000
00000000
00000000
00000000
00100000
11100000
10000000

00000000
00000000
00000000
01100000
00100000
00110000
00100000
00000000

00111100
00000100
00000000
00000000
00000000
00000000
00000000
00000000

00000000
00000000
00000000
00000000
00000010
00000010
00000000
00000000

00000000
00000000
00000000
00000000
00000000
01100000
11110000
01000000

11111110
11110011
00011000
00000000
00000000
00000000
00000000
00000000

00000000
00000000
00000000
00000100
00000111
00000000
00000000
00000000

11110000
11111100
11010000
11000000
10000000
00000000
00000000
00000000

11111110
00111100
00101100
00001000
00000000
00000000
00000000
00000000

00000001
00000111
00000111
00000110
00000000
00000000
00000000
00000000

00000000
00000000
00000000
00000000
00001000
00001100
00011000
00000000

00000000
00000000
00000000
00000000
00000000
00000001
00000000
00000000

00000000
10000000
11100000
11100000
11100000
11000000
00000000
00000000

00000000
00000000
00000000
00000001
00001111
00001111
00001110
00011100

00011100
00110100
00010000
00000000
00000000
00000000
00000000
00000000

01111000
01111100
01011100
01000000
00000000
00000000
00000000
00000000

00000000
00000000
00000000
00000000
00000000
00000000
00000000
00000001

00000000
00000000
00000000
00000000
00000000
00000000
00000000
00100000

00000000
00000000
00000000
00000000
01010000
11010000
11111000
11101000

00000001
00000001
00000000
00000000
00000000
00000000
00000000
00000000

10000000
11000000
11100000
01100000
11100000
10000000
00000000
00000000

00000000
00000000
00000000
00000000
00000000
00000100
00000000
00000000

00000000
00000000
00000110
00001110
00000000
00000000
00000000
00000000

00000000
00100000
00110000
00000000
00000000
00000000
00000000
00000000

00001000
00111100
00111100
00001000
00000000
00000000
00000000
00000000

00000000
00000000
00000000
00000000
00001110
00000000
00000000
00000000

01111000
01000000
00000000
00000000
00000000
00000000
00000000
00000000

00000000
00000000
00000000
00000000
00000000
00000000
00011000
00000000
