00000000000000000000111111111111
00000011000000000000111111111111
00001010000001110000111111111111
00000000000000000000111111111111
11100000000000000000111111111111
00000000000000000000111111111111
00000000000100000010111111111111
10001000000001000001111111111111
00000000000000100000111111111111
00000000001100000000111111111111
00000000000100000000111111111111
00000001000000000000111111111111
00000000000000000100111111111111
00000000000000000000111111111111
00000000010000001000111111111111
00000000000010100000111111111111
00000000000000000000111111111111
00000000000000001000111111111111
00000010000000000000111111111111
00000000000000000000111111111111
00000000000000010001111111111111
00000000000000100000111111111111
00000000000000000010111111111111
00000000010010000000111111111111
00000000000000000000111111111111
11111111111111111111111111111111
11111111111111111111111111111111
11111111111111111111111111111111
11111111111111111111111111111111
11111111111111111111111111111111
11111111111111111111111111111111
11111111111111111111111111111111

253
00000000
10000000
11110000
11111000
11110000
00000000
00000000
00000000

00000000
00000000
00000000
10000000
11010000
11110000
11110000
11110000

00111100
11111110
11100010
10000000
00000000
00000000
00000000
00000000

00000000
00000000
00000001
00000011
00000111
00000011
00000011
00000011

00000000
00010000
00010000
00011000
01111000
00000000
00000000
00000000

00000000
00000000
00000000
00000000
00001000
00001100
00001101
00001111

00000000
00000000
00000000
00011000
01111000
01111000
00110000
00000000

00011000
00011000
00010000
00000000
00000000
00000000
00000000
00000000

00000000
00110000
00010000
00010000
00010000
00000000
00000000
00000000

00000000
01100000
11100000
00000000
00000000
00000000
00000000
00000000

00000000
00001010
00011111
00001111
00000011
00000000
00000000
00000000

00000000
00000000
00000000
00000000
00000000
00000001
00001111
00001101

00111000
11100000
11110000
11110000
00000000
00000000
00000000
00000000

00000000
00000000
00000100
00000000
00000000
00000000
00000000
00000000

00000000
00000000
00100000
10100000
11100000
00000000
00000000
00000000

00000000
01000000
01110000
11111000
01110000
11010000
00000000
00000000

01000000
01100000
01100000
00000000
00000000
00000000
00000000
00000000

00000110
00000011
00000010
00000000
00000000
00000000
00000000
00000000

00000000
00000000
00000000
00000000
00000000
00000100
00000000
00000000

00000000
00000000
00000000
00100000
00110000
00111110
00111110
00000100

00000000
00000000
00000000
00000000
00000000
00000000
00100000
00111100

00000000
00000000
00011000
00001010
00001111
00000110
00000110
00000010

00000000
00000000
00000000
00010000
00010000
00011000
00111110
00001100

00000000
00000000
00000000
00000000
00000000
00000000
00000010
00011110

00000000
00000000
00000000
00000000
00001000
00001000
00011000
00010000

00000000
00000110
00000110
00011111
00001101
00000000
00000000
00000000

00000000
00000000
00000000
00000000
00100000
00111000
00101000
00100000

00011111
00000110
00000111
00000001
00000000
00000000
00000000
00000000

00000000
00000000
00000000
00000000
01111111
00001111
00000110
00000011

00000000
01000000
11100000
10000000
00000000
00000000
00000000
00000000

00000000
00000000
00000000
11110000
11000000
01000000
01000000
00000000

10000000
11100000
01110000
11100000
01100000
11100000
00000000
00000000

00000000
00001000
00001111
00000011
00000000
00000000
00000000
00000000

00000100
00000000
00000000
00000000
00000000
00000000
00000000
00000000

00010000
01111110
00111100
00010000
00000000
00000000
00000000
00000000

00000000
00000000
00000000
00000000
01100000
01100000
11100000
10000000

00000000
00000000
00000000
00000000
00000000
01000000
11000000
11110000

00000000
00000000
00000000
00000000
00000011
00000111
00000001
00000000

00000000
00000000
00000000
00000010
00001111
00000110
00000000
00000000

00000000
00000000
00000000
00000000
00000110
00000110
00000000
00000000

00000000
00000000
00001000
00001100
00000000
00000000
00000000
00000000

00000111
00000011
00000000
00000000
00000000
00000000
00000000
00000000

00000000
00000000
00000000
00000000
00001000
00001011
00111110
00100111

00000000
00000000
00000000
00000000
00100000
01100000
11100000
00000000

00000000
00000000
00000010
00000011
00000111
00000011
00000001
00000000

00000100
00111110
00011111
00000011
00000000
00000000
00000000
00000000

00000000
00000000
00000000
00000000
00000000
00000000
00000001
00000001

00000000
00000000
00000000
00000000
00000000
00000000
00010111
00111111

00110000
00010000
00011000
00010000
00000000
00000000
00000000
00000000

00011111
00001111
00001111
00001010
00000000
00000000
00000000
00000000

11100000
11100000
00111000
00000000
00000000
00000000
00000000
00000000

00000000
00000000
00000000
00000000
00110000
01110000
11111000
01111000

00000000
00000000
00000000
00000000
10000000
11000000
10000000
00000000

00111100
00110110
00000110
00000011
00000000
00000000
00000000
00000000

00000000
00000000
00000000
00100000
00000000
00000000
00000000
00000000

00000000
00000000
00000000
00000000
00000000
00000000
00001100
00011100

00000111
00000111
00000000
00000000
00000000
00000000
00000000
00000000

00000000
00000000
00000000
00000000
00000000
01000000
01000000
11111111

11001000
11111000
11010000
01000000
00000000
00000000
00000000
00000000

00000000
00000000
00000000
00000000
00000100
00000000
00000000
00000000

00000000
00000001
00000000
00000000
00000000
00000000
00000000
00000000

10000000
00000000
00000000
00000000
00000000
00000000
00000000
00000000

00000000
00010000
00011000
00111000
00100000
00000000
00000000
00000000

00000000
00000000
00000000
00000000
00000000
00000010
00111111
01111100

00000000
00000000
00000000
00000000
00000000
11000000
01100000
00000000

00000000
00000111
00001110
00000100
00000000
00000000
00000000
00000000

00000000
00000000
00000000
00000000
00000000
01100000
01100000
00100000

00000000
00000000
01000000
01100000
01100000
00000000
00000000
00000000

00000100
00000100
00000101
00000111
00011111
00010101
00000000
00000000

00111100
00001111
00001000
00001100
00001000
00000000
00000000
00000000

00110000
11111100
00110000
00000000
00000000
00000000
00000000
00000000

11111000
11111000
01000000
00000000
00000000
00000000
00000000
00000000

00000000
00000000
00011100
00001100
00001000
00000000
00000000
00000000

00000000
00000000
00000000
00000000
00001110
00000111
00000111
00000110

00000000
00000000
00000000
10000000
10000000
11000000
10000000
10000000

00000000
00000000
00000000
00000000
10000000
10000000
10000000
10000000

00001000
00011000
00001000
00001000
00000000
00000000
00000000
00000000

00000000
00000100
00000100
00001100
00000000
00000000
00000000
00000000

11110000
11000000
00000000
00000000
00000000
00000000
00000000
00000000

01111000
00011100
00000000
00000000
00000000
00000000
00000000
00000000

00000001
00000001
00000001
00000001
00000000
00000000
00000000
00000000

00011000
00001000
00001100
00001110
00001111
00000000
00000000
00000000

00000000
00000000
00000000
00000000
00000000
00000000
00000000
00000111

00000000
01111100
11100000
11100000
11000000
01000000
00000000
00000000

00001100
00001100
00000000
00000000
00000000
00000000
00000000
00000000

00001111
00111111
00111000
00100000
00000000
00000000
00000000
00000000

00000000
00001000
00001000
00001110
00000111
00000111
00000001
00000000

00000000
00000000
00000000
00000000
00000000
00001000
00001000
00000000

00000000
10110000
11100000
11100000
01000000
00000000
00000000
00000000

00000000
00000000
00000100
00001110
00000111
00000001
00000001
00000000

00001000
00001100
00011110
00111000
00111000
11100000
00000000
00000000

00000000
00000000
00000000
00000100
00011100
00111000
00111000
00000000

00000000
00000000
00000000
00000000
01000000
01111000
00010000
00010000

00000000
00000000
00000000
00000001
00000001
00001001
00011111
00000111

00000000
00000000
00000000
00000000
00000000
00001000
00011100
00111000

00000010
00000010
00000011
00001111
00000011
00000011
00000001
00000001

00000000
11100000
11000000
00000000
00000000
00000000
00000000
00000000

00000000
00000000
00000000
00000000
00000000
00010000
01111000
01111000

00000011
00000010
00000010
00000000
00000000
00000000
00000000
00000000

00000000
00000000
00000000
00000000
00000000
00000000
00010000
00110000

11000000
11000000
10000000
10000000
10000000
00000000
00000000
00000000

00000110
00001110
00001110
00001000
00001000
00001000
00000000
00000000

00000000
00000000
00000000
00000000
00000000
00000000
10000000
11000000

00000000
00000000
00000000
10000000
10101000
11111000
00111000
00111100

00000000
00000000
00000000
00000000
00000001
00000011
00001111
00111111

00000000
00001110
00011100
00000000
00000000
00000000
00000000
00000000

00000000
00000000
00000000
00000000
00010000
00000000
00000000
00000000

00001000
00011110
00010110
00000000
00000000
00000000
00000000
00000000

00000000
00000000
00011000
00011000
00000000
00000000
00000000
00000000

00000000
00000000
00000000
10000000
11000000
11000000
11000000
10000000

00000000
00000110
00000011
00000010
00000000
00000000
00000000
00000000

00000000
00000000
00000000
00011000
00010000
00000000
00000000
00000000

00000000
00000000
00000000
00000000
00010000
01010000
01110000
00010000

00011100
00010000
00000000
00000000
00000000
00000000
00000000
00000000

00001000
00001010
00011110
00000011
00000000
00000000
00000000
00000000

00000000
00000000
00000000
00000100
00001110
00001110
00000010
00000010

00000000
00000000
00000000
00000000
00000000
00000000
11000000
11100000

11101000
11111000
11110000
11000000
00000000
00000000
00000000
00000000

00000000
00000000
00000000
00000000
10000000
11111000
11111000
11110000

00000100
00000100
00000000
00000000
00000000
00000000
00000000
00000000

00101000
10111100
11111100
01100000
00000000
00000000
00000000
00000000

00000000
00110000
00010000
00000000
00000000
00000000
00000000
00000000

00001110
00001000
00000000
00000000
00000000
00000000
00000000
00000000

00000000
00000000
00000000
00000000
00010010
00010111
00011110
00011111

00000000
00000000
00000000
00000000
10100000
11110000
10100000
00100000

00000000
00000000
00000000
00000000
00000000
00000110
00000000
00000000

00000000
00000000
00000000
00010100
00011100
00000000
00000000
00000000

11111100
00011100
00001100
00000000
00000000
00000000
00000000
00000000

00000000
00000000
00000000
00000000
00001000
00001100
00001111
00011111

00000000
00000000
00000000
00001110
00000000
00000000
00000000
00000000

00000000
00000000
00000000
01000000
01000000
01000000
01000000
11000000

00000111
00000110
00000111
00000000
00000000
00000000
00000000
00000000

00000000
00011000
00001110
00001000
00001000
00000000
00000000
00000000

00000000
01000000
11110000
10110000
10000000
00000000
00000000
00000000

00000000
00000000
00000000
00000000
01000000
01000000
00000000
00000000

00000000
00000000
00000010
00000011
00000011
00000011
00000111
00000111

00000000
00100000
01111000
00011000
00000000
00000000
00000000
00000000

00000000
00001110
00001111
00000010
00000000
00000000
00000000
00000000

00000000
00000000
00000100
00000110
00000000
00000000
00000000
00000000

00000000
01000000
11000000
00000000
00000000
00000000
00000000
00000000

00000000
00000000
00000000
00000000
00000000
00000000
10000000
00000000

00000000
00010000
00111000
00011000
00001000
00001000
00000000
00000000

00000000
00000000
10000000
10000000
11100000
01000000
00000000
00000000

01110000
00100000
00000000
00000000
00000000
00000000
00000000
00000000

11000000
00000000
00000000
00000000
00000000
00000000
00000000
00000000

01010000
11111100
01101000
01000000
00000000
00000000
00000000
00000000

00000000
00000000
00000011
00011111
00111011
00001000
00000000
00000000

00000000
00000000
00000000
00000000
00000000
01000000
01110000
11111100

00000000
00000000
00000000
00011000
00011000
00011100
00001111
00001100

00000000
00000000
00000000
00001111
00001111
00000111
00000001
00000001

00100000
00000000
00000000
00000000
00000000
00000000
00000000
00000000

00000000
00000000
00000000
00000000
00000101
00011111
00011111
00001111

00011000
00001100
00011100
00011100
00111000
00110000
00010000
00000000

00000000
00000000
00001100
00001000
00111000
00000000
00000000
00000000

00000000
00000000
01000000
11100000
11110000
10110000
00000000
00000000

00000000
00000100
00000111
00000011
00000010
00000000
00000000
00000000

00000000
00000000
00000000
00000000
00000111
00010010
00011110
00011111

00000000
00000000
00000000
00000000
00011110
00011111
00011101
00001101

00100000
01111000
01100000
00000000
00000000
00000000
00000000
00000000

00000000
00001100
00011110
00000111
00011100
00111100
00000000
00000000

00000000
00000000
11000000
11000000
11000000
00000000
00000000
00000000

00000000
01000000
11000000
01000000
00000000
00000000
00000000
00000000

11110000
01111110
11011110
00000000
00000000
00000000
00000000
00000000

01111000
01100000
00110000
00000000
00000000
00000000
00000000
00000000

00000000
00000000
00000000
00000000
00110000
00111100
01111000
00010000

00000000
00000000
00000000
00000000
00000000
11000000
00000000
00000000

11111100
00111100
11110000
01000000
00000000
00000000
00000000
00000000

00000000
00000000
00000000
00000000
00101000
01101000
00111100
00011000

00000000
00000000
00000000
00000000
00000000
00000000
11100000
11110000

00000000
00000000
00000000
00000000
00001000
01101000
00111000
00111000

00000000
00000000
00000000
00000000
00000000
00000000
00001110
00001110

00000000
00000000
00000000
00100000
00100000
00111000
00001000
00000000

00000000
00000011
00000110
00001111
00000011
00000001
00000000
00000000

00000000
00000000
00000000
10000000
10000000
10000000
00000000
00000000

00110100
00011111
00011111
00011100
00000000
00000000
00000000
00000000

00000000
00000000
00000000
00000000
00010000
00010000
00110000
00111110

11100000
11110000
11100000
00000000
00000000
00000000
00000000
00000000

00000001
00000001
00001011
00001111
00011100
00111100
00000000
00000000

00000000
00000000
00000000
10000000
11000000
11100000
00100000
00000000

00101000
00111100
00010000
00011000
00000000
00000000
00000000
00000000

00000111
00011111
00000111
00000110
00000100
00000000
00000000
00000000

00000000
00000000
00000000
01000000
01100000
11100000
11100000
01100000

00000000
00000000
00000000
00001000
00011000
01111000
00111000
11111000

00001101
00000111
00001111
00011110
00001010
00000000
00000000
00000000

00011110
00001100
00001000
00001000
00000000
00000000
00000000
00000000

10100000
11110000
11111100
01010100
00010000
00000000
00000000
00000000

00000000
00001000
00011000
00110000
00110000
00000000
00000000
00000000

00000000
00000000
00000000
00000000
00000000
00111100
00111100
00011000

01000000
01000000
11100000
01100000
00000000
00000000
00000000
00000000

00000000
00000000
00000010
00000011
00000010
00000000
00000000
00000000

00000000
00000000
11000000
01000000
01000000
11000000
00000000
00000000

00000000
00000000
00000000
00010000
00010000
00011000
00000000
00000000

00000000
00000000
00000000
00000000
00000000
00000000
00000000
00000010

00111111
00111110
00000100
00000000
00000000
00000000
00000000
00000000

10000000
11000000
11110000
11100000
01000000
11000000
00000000
00000000

00000000
00000000
00000011
00000000
00000000
00000000
00000000
00000000

00000000
00000000
00000000
00001000
00001110
00000100
00000000
00000000

00000100
00000110
00000000
00000000
00000000
00000000
00000000
00000000

00000000
00000000
00000000
00000000
00000000
00011000
00001000
00000000

00000000
00000000
00000000
00000000
00000000
00000000
10000000
11000000

11000000
11110000
11000000
01100000
00000000
00000000
00000000
00000000

00000000
00000000
00000000
00000100
00000101
00001111
00001110
00001000

01000000
00000000
00000000
00000000
00000000
00000000
00000000
00000000

00000000
00000000
00000000
00000000
00110000
00111110
00111000
00011000

00000001
00001111
00011111
00011011
00000001
00000000
00000000
00000000

00000000
00000000
00000000
00000100
00001100
00000100
00000100
00000000

00000000
00000000
00000000
00000000
00000001
00000001
00000000
00000000

00001100
00011110
00000111
00000000
00000000
00000000
00000000
00000000

00000000
00000000
00000000
00000000
01000000
11110000
01111000
00110000

11110000
00111000
00000000
00000000
00000000
00000000
00000000
00000000

11111000
01111100
00110100
00010000
00000000
00000000
00000000
00000000

00000000
00000000
10000000
11000000
11000000
11000000
11110000
11000000

01000000
00000000
00000000
00000000
00000000
00000000
00000000
00000000

00000010
00001110
00000011
00000000
00000000
00000000
00000000
00000000

00000110
00000011
00000010
00000000
00000000
00000000
00000000
00000000

00000000
00001100
00001111
00000010
00000000
00000000
00000000
00000000

00000111
00000111
00001110
00000000
00000000
00000000
00000000
00000000

00000000
00000000
00000000
00000100
00111111
00001111
00000111
00000011

00000000
00000000
00000000
00000000
00000110
00000000
00000000
00000000

00000000
00000000
00000000
00000000
10000000
10111110
11110100
11110000

00000000
00001000
00011110
00010010
00000011
00000000
00000000
00000000

00000000
00000000
00000000
00000000
00000000
01110000
00000000
00000000

00000000
00000000
00000000
00000000
00000000
00010000
00000000
00000000

00111000
11100000
11100000
01000000
00000000
00000000
00000000
00000000

00000000
00000000
00000000
00000000
00110000
00110000
00000000
00000000

00000000
00000000
00000000
00000000
00000000
11000000
11100000
01000000

00000000
00000000
00000000
00000000
00000000
00000010
00000000
00000000

00000000
00000000
01100000
01111100
01100000
00100000
00111000
00100000

00001000
00001000
00011000
01111000
01010000
00010000
00010000
00000000

00000000
00000000
00000000
00100000
11110000
01111000
11000000
00000000

00000000
00000000
00000000
00000000
00000000
00000001
00000000
00000000

00000000
00001110
00000110
00000011
00000011
00000011
00000011
00000001

11110000
01000000
01000000
00000000
00000000
00000000
00000000
00000000

00000000
00000000
00000000
00000000
00000000
11000000
11010000
11111000

00000000
00000000
00000000
00000000
01000000
01100000
01100000
01000000

01111111
00000100
00000000
00000000
00000000
00000000
00000000
00000000

00000000
00000010
00000000
00000000
00000000
00000000
00000000
00000000

00000000
00000010
00000010
00000000
00000000
00000000
00000000
00000000

00000000
00000000
00000000
00000000
00000000
00001000
00001100
00000000

00000000
00000000
00010000
00010000
00111111
11101110
00001000
00000000

00000000
00000000
00000000
00000000
00000011
00000011
00001111
00001001

01000000
11110000
11100000
00100000
11100000
00100000
11100000
00000000

00000001
00001111
00000011
00000011
00000000
00000000
00000000
00000000

00000000
00000000
00000100
00000100
00000100
00000000
00000000
00000000

00000000
00000000
00000000
00000000
00001110
00001110
00000110
00000110

11000000
11000000
01000000
00000000
00000000
00000000
00000000
00000000

10011000
11111000
11110000
11000000
10000000
00000000
00000000
00000000

00000000
00000000
00000000
00000000
00000000
00000000
10000000
00000000

00000000
00000000
00000000
01100000
00100000
00000000
00000000
00000000

00000000
00000000
00000000
00000000
00000000
00000000
00011100
00000110

00000000
00000000
11000000
01010000
11111000
11111100
10000000
00000000

00000000
01000000
11100000
10000000
00000000
00000000
00000000
00000000

00000000
00000000
00000000
00001011
00011111
00011110
00001000
00000000
