00000000000000000000000000000011
10000000000000000000000000000011
00000010000000000000000000000011
00000000010000000001000000000011
00000000000000000000000000000011
00000000000100000000000010000011
00000000000000000000000000010011
00000000000000000000000000000011
00000000000000100000010000000011
00000000000000000000000000000011
00100000000000000000000000000011
00000000000000000000001000000011
00000000000000001000000000000011
01000000000000000000010000000011
00000000000000000000000000000011
00000000000000000000000000000011
00000000000000000000000000000011
00000000000000000000000000000011
00000000000000000000000000000011
10000000000000000000000000000011
00100000000000000000001000000011
00000000000000000000000000000011
00000000010000000000000000000011
00000000000000000000000000000011
00000000000000000000000000000011
00000000000000000000000000000011
00000010000000000000000000000011
00000000000000000000000000000011
11111111111111111111111111111111
11111111111111111111111111111111
11111111111111111111111111111111
11111111111111111111111111111111

33
00000000
00000000
00000000
00000000
00001100
00000100
00000000
00000000

00000000
00010000
00010000
00010000
00010000
00000000
00000000
00000000

00000000
00000000
00000000
00000000
00000000
10000000
00000000
00000000

00000000
00000000
00001000
00001000
00011100
00001100
00001100
00000000

00000000
00000000
01100000
00000000
00000000
00000000
00000000
00000000

00000000
00000000
00000000
00000010
00000000
00000000
00000000
00000000

00000000
00000011
00011110
00011110
00000000
00000000
00000000
00000000

00000011
00000111
00000001
00000000
00000000
00000000
00000000
00000000

00111000
11111000
10100000
00000000
00000000
00000000
00000000
00000000

00111000
00011100
00011000
00001000
00001000
00000000
00000000
00000000

00000000
00001000
00001000
00001000
00000000
00000000
00000000
00000000

11100000
11100000
11000000
11000000
00000000
00000000
00000000
00000000

00000000
00000000
00000000
00000000
00000001
00011111
00010111
00000011

00111111
00001011
00001010
00000010
00000000
00000000
00000000
00000000

00000000
00000000
00000000
00001000
00001111
00001111
00000000
00000000

00000000
00000000
00000000
00110000
01100000
00100000
00000000
00000000

00000000
00000000
00000011
00000010
00000110
00000110
00011111
00001011

00000000
00000000
00000111
00000111
00001111
00000111
00000100
00000000

00000100
00011100
00011111
00000100
00000100
00000000
00000000
00000000

00000000
00000000
00000000
00000000
00000000
00111000
00001000
00001000

00000000
00000000
00101000
00111100
01110000
00000000
00000000
00000000

00000000
00001110
00000110
00000000
00000000
00000000
00000000
00000000

00000000
00000000
00000000
11110000
01110000
01110000
11000000
11000000

00000000
00000000
00000110
00000110
00011111
00011000
00000000
00000000

00000000
00000000
00000000
00000000
00000000
00011000
00010000
00010000

00011111
00011111
00000110
00000000
00000000
00000000
00000000
00000000

01111100
01001100
00000100
00000000
00000000
00000000
00000000
00000000

00000000
00000000
10000000
11100000
11111000
10111000
10011000
00000000

00000000
00111001
00001111
00001111
00000001
00000001
00000000
00000000

00000000
00000000
00000000
00000000
00000000
00000000
01110000
00000000

00111100
00111000
00100000
00000000
00000000
00000000
00000000
00000000

11110000
01000000
01000000
01000000
00000000
00000000
00000000
00000000

00111110
00101100
00000000
00000000
00000000
00000000
00000000
00000000
