00000000000000000000000001111111
00000000000000000000000001111111
00000000000000000000000001111111
00000000000000000000000001111111
00000000000000000000000001111111
00000000000000000000000001111111
00000000000000000000000001111111
00000000000000100000000001111111
00001000000000000000000001111111
00000000000000000000000001111111
00000000000000000000000001111111
00000000000000000000000001111111
00000000000000000000000001111111
00000000000000000000000001111111
00000000000000000000000001111111
00000000000000000000000001111111
00000000000000000000000001111111
00000000000000000000000001111111
00000000000000000000000001111111
00000000000000000000000001111111
00000010000000000000000001111111
00000000000000000000000001111111
00000000000000000000000001111111
00000000000000000000000001111111
00000000000000000000000001111111
00000000000000000000000001111111
00000000000000000000000001111111
00000000000000100000000001111111
00000000000000000000000001111111
11111111111111111111111111111111
11111111111111111111111111111111
11111111111111111111111111111111

241
00011010
00111110
00000111
00000100
00000100
00000000
00000000
00000000

00000000
00000000
00000000
00000000
00000000
00000001
00000001
00000001

00000000
00000000
00001000
00001000
00001000
00011000
00111100
01110100

01100000
01101000
11111100
11110000
00100000
00000000
00000000
00000000

00001110
00111100
00001100
00000100
00000000
00000000
00000000
00000000

00010000
00000000
00000000
00000000
00000000
00000000
00000000
00000000

00000000
00000000
00000000
00000000
00000111
00000111
00000111
00000011

00001000
00001100
00000000
00000000
00000000
00000000
00000000
00000000

01110000
11110000
11011000
00010000
00000000
00000000
00000000
00000000

00000000
00000000
00000000
00001000
00001000
00001000
00111000
01111111

00000000
00000000
10000000
00000000
00000000
00000000
00000000
00000000

00001110
00001111
00000110
00000000
00000000
00000000
00000000
00000000

00000000
00000000
00000000
00000000
00000000
00011010
00011110
01111000

00000000
00000000
00000000
00111000
00010000
00000000
00000000
00000000

00000000
10000000
11100000
11100000
11100000
01110000
00010000
00000000

00010000
00010000
00110000
01111000
00110000
00000000
00000000
00000000

11100000
11100000
11000000
00000000
00000000
00000000
00000000
00000000

00000000
00000000
00100000
00000000
00000000
00000000
00000000
00000000

00001001
00001111
00000000
00000000
00000000
00000000
00000000
00000000

00000000
00000000
00000000
11000000
01000000
11000000
11100000
01100000

00000000
00000000
00000000
00000001
00000011
00000011
00000000
00000000

11100000
11000000
10000000
00000000
00000000
00000000
00000000
00000000

00011100
00000100
00000110
00000100
00000000
00000000
00000000
00000000

00000000
00000000
00000000
00000000
00000000
00110011
00111111
00111000

00000000
00000000
00000000
00000000
00000000
00000000
00000000
01000000

00000000
00000000
00000000
00000000
10000000
11111100
11111000
11100000

00010000
00011000
00000000
00000000
00000000
00000000
00000000
00000000

00011111
00011101
00000100
00000100
00000100
00000000
00000000
00000000

00000000
00000000
00000000
00000000
00000000
10000000
10000000
00000000

00000000
00000000
00000100
00000100
00000100
00000000
00000000
00000000

00000000
00000000
00000000
01100000
00100000
11110000
11111000
10111000

00010000
00010000
00010000
00010000
00010000
00000000
00000000
00000000

00111100
11111110
11110000
10000000
00000000
00000000
00000000
00000000

00000000
00000000
00000000
10000000
11100000
00000000
00000000
00000000

00000000
00000000
00001000
00011000
00001100
00001100
00000110
00000000

00000000
00000000
00000000
00000000
00000000
00000000
01111000
00000000

00011000
00000000
00000000
00000000
00000000
00000000
00000000
00000000

00000000
00000000
00000000
00010000
00011100
00111000
00000000
00000000

00000000
00000000
00010100
00111100
00001110
00001011
00000000
00000000

00000000
00000000
00000000
00000010
00000011
00000010
00000111
00000111

00000110
00000111
00000110
00001111
00000000
00000000
00000000
00000000

00000000
00000000
01000000
01000000
01000000
01100000
00000000
00000000

00000000
00000000
00000000
00000010
00000011
00001111
00001111
00011111

00001111
00001011
00001001
00000000
00000000
00000000
00000000
00000000

00000000
00000010
00000000
00000000
00000000
00000000
00000000
00000000

00000000
00000000
00000000
00000000
00000100
00001111
00111111
00101011

00000100
00000111
00011111
00000110
00000011
00000001
00000001
00000001

00000000
00000000
00000000
00000000
10000000
10000000
00000000
00000000

00000000
00000110
00001110
00000100
00000000
00000000
00000000
00000000

00001000
00001110
00001000
00000000
00000000
00000000
00000000
00000000

00000000
00000000
00000000
00110000
00100000
00000000
00000000
00000000

00000000
00000000
00100000
01110000
00100000
00100000
00000000
00000000

00000000
00000000
10000000
10000000
10000000
11110000
11111000
01110000

00010000
00010000
00010000
01111110
00011111
00000000
00000000
00000000

00000000
00000000
00000000
00000000
00001000
00011000
00000000
00000000

01110000
11111100
11000000
10000000
00000000
00000000
00000000
00000000

00111111
00011011
00010011
00000111
00000000
00000000
00000000
00000000

00000000
00000000
00000000
00000000
00000000
00001000
00011000
01111100

00000000
00000000
00100000
00100000
00000000
00000000
00000000
00000000

00011000
00001100
11111100
11101000
00000000
00000000
00000000
00000000

00000000
00000000
00000001
00000011
00000011
00000011
00000010
00000000

00000000
00000000
01000000
11000000
11000000
10000000
00000000
00000000

00000111
00000111
00001111
00001001
00011000
00000000
00000000
00000000

00100000
00000000
00000000
00000000
00000000
00000000
00000000
00000000

00000000
00000001
00000001
00000111
00000011
00000011
00000000
00000000

00000000
00000000
00000000
00000000
00000000
00000000
11100000
00100000

00000000
00000000
00001100
00011000
00010000
00000000
00000000
00000000

00000000
00000000
00000000
00000000
00000100
00000110
00000011
00000000

00000000
00000000
00000000
00000000
00000000
00000000
01110000
01111000

00000000
00000000
00000000
00000110
00000111
00000111
00000111
00000110

00000000
00000000
00000000
01100000
00100000
11100000
01110000
11111000

00000000
00000000
00000000
00000110
00001110
00000111
00001111
00011000

00000000
00000000
00000000
00000000
00010100
11111100
01111000
00000000

00000000
00000000
00000000
00000011
00001111
00000000
00000000
00000000

00000010
00001111
00001101
00000100
00000100
00000000
00000000
00000000

00000000
00000000
00000000
00000000
00000000
00001000
00011111
01111111

00000000
00000000
00000000
11000000
11000000
11000000
11110000
11000000

00000000
00000000
00000000
00000100
00000100
00001111
00000111
00000001

00000000
00000000
00000000
00010000
00110000
00010000
00000000
00000000

00000000
00000000
00000000
00000000
00000100
00000111
00011110
00000111

11000000
11000000
10000000
10000000
00000000
00000000
00000000
00000000

00000000
00000000
00000000
00000000
00000000
00000000
01111000
00010000

11100000
11000000
11000000
11000000
10000000
00000000
00000000
00000000

00000000
00000000
00000000
00000000
11100000
01110000
00111100
00100000

00000000
00000000
00000000
00000000
00000000
00000000
00000100
00000000

00000000
00000000
00000000
00000000
00000000
00000000
00000110
00011111

00000000
00000000
00000000
00000000
00000000
01000000
11110000
11100000

00000011
00000111
00000001
00000001
00000001
00000000
00000000
00000000

00000100
00000110
00111100
00001000
00000000
00000000
00000000
00000000

00000000
00000000
01100000
01000000
00000000
00000000
00000000
00000000

00000000
00000000
00000000
01110100
00111100
00101000
00000000
00000000

00000000
00000000
00000000
00000000
00110000
00110100
00111100
00111110

00000000
00000000
00001000
00101100
00111110
01101100
01000100
00000000

01110000
01110000
01000000
01000000
01000000
00000000
00000000
00000000

11110000
11110000
01110000
01000000
00000000
00000000
00000000
00000000

11000000
11100000
01000000
00000000
00000000
00000000
00000000
00000000

00000000
00000000
00000000
00010000
00011100
01111111
00000000
00000000

00000000
00001000
00001000
00001100
00011110
00001010
00001000
00000000

00000000
00111101
00010111
00010111
00000001
00000000
00000000
00000000

00000000
00000000
00000000
00000000
00001000
11111100
00010100
00010000

00000000
11000000
11000000
11100000
11111000
11001000
01000000
00000000

00000000
00000000
00000000
00010000
11110000
11111100
00110000
00110000

00000000
00000000
00000000
11100000
11100000
11100000
11110000
11010000

00000000
00000000
00000000
00000000
00001000
00011100
00001111
00111111

00000000
00000000
00000100
00000110
00000110
00000110
00000111
00011111

00000000
00000000
00000001
00001011
00111111
00010000
00000000
00000000

00001111
00001111
00000011
00000011
00000001
00000000
00000000
00000000

00001000
00000000
00000000
00000000
00000000
00000000
00000000
00000000

00000000
01000000
01000000
01000000
00000000
00000000
00000000
00000000

00000000
00000000
00000000
00000000
00000111
00001111
00001111
00000110

00000000
00000000
00000000
00000000
00000111
00011110
00011111
00000100

00000000
00000000
00000000
00000000
00000000
00011000
00001010
00111110

00000011
00000111
00001111
00001110
00001000
00000000
00000000
00000000

00000001
00000001
00000001
00000011
00000011
00000011
00001111
00000111

00100000
00111100
00011000
00000000
00000000
00000000
00000000
00000000

00000100
00000111
00000111
00000111
00000101
00000100
00000100
00000000

00000001
00000000
00000000
00000000
00000000
00000000
00000000
00000000

00000100
00001100
00011100
00000110
00000000
00000000
00000000
00000000

00000000
00000000
00000000
00000010
00000010
00000000
00000000
00000000

00000000
00000000
00010000
00000000
00000000
00000000
00000000
00000000

00011110
00001111
00000010
00000010
00000000
00000000
00000000
00000000

00000000
00000000
00000000
00000000
00000000
00000000
00000111
00000111

00000000
00000000
00000000
01000000
01100000
01101100
00111100
00101100

00111000
00111110
00001000
00001000
00000000
00000000
00000000
00000000

00011111
00011011
00000010
00000010
00000000
00000000
00000000
00000000

00000000
00000000
00000000
00000000
00000001
00001111
00001111
00000001

00000000
00000000
00000000
00000000
00000010
00000110
00000000
00000000

00000000
00000000
00001000
00001000
00000000
00000000
00000000
00000000

00000000
00000000
00000110
00001111
00001111
00000000
00000000
00000000

00011000
00111000
11111100
00001000
00000000
00000000
00000000
00000000

00000000
00000000
01111100
00011100
00010100
00000110
00000000
00000000

00011100
00000000
00000000
00000000
00000000
00000000
00000000
00000000

00000000
00000000
00000000
00001001
00001011
00011011
00001111
00000111

00000000
00000000
00000000
00001000
00011000
00011100
00001000
00000000

00000000
10000000
10000000
10000000
00000000
00000000
00000000
00000000

00000000
00000000
00000000
00000000
00000000
00011000
00000000
00000000

00000000
00000000
11111000
11110000
00110000
00010000
00010000
00000000

00000000
00100000
10110000
11110000
11000000
11100000
11000000
10000000

00000000
00000000
00000000
11010000
01110000
01111000
11111000
00000000

00000000
00000000
00000000
00110000
00110000
00000000
00000000
00000000

11111000
11110000
11110000
00000000
00000000
00000000
00000000
00000000

00001111
00000111
00000111
00000011
00000010
00000010
00000000
00000000

00000000
00000000
00000000
00000000
00000000
00000101
00001111
00000101

01100000
11100000
11100000
01100000
11100000
10110000
00000000
00000000

11111000
11111000
11111000
00000000
00000000
00000000
00000000
00000000

00000000
00000000
00001000
00000000
00000000
00000000
00000000
00000000

00000000
00000000
00000000
00000001
00000011
00001111
00000110
00000010

00000000
00000000
00000000
00000000
00000000
11100000
11100000
11100000

00111111
11111110
00001000
00001000
00000000
00000000
00000000
00000000

00000000
00000001
00000001
00000000
00000000
00000000
00000000
00000000

00000000
00000000
00000000
00000000
01000000
01100000
11110000
11010000

00000000
00000000
00000000
00000000
00001000
00111100
00011111
00001100

01111010
00011111
00011111
00000001
00000000
00000000
00000000
00000000

00000011
00000111
00001111
00000101
00000000
00000000
00000000
00000000

11000000
10000000
10000000
10000000
00000000
00000000
00000000
00000000

11111100
11110000
11100000
01000000
01000000
00000000
00000000
00000000

00000000
00000000
00000000
00000000
01000000
11100000
10100000
10000000

00000000
00000000
00000000
00000011
00000110
00000111
00000111
00000101

00000000
00000000
00000000
00000100
01111110
00001110
00000000
00000000

00000010
00000010
00000000
00000000
00000000
00000000
00000000
00000000

00000000
00000000
00000000
00011000
00111100
00111110
00010110
00010000

00000000
00000000
00001000
00111000
01111000
00011110
00001000
00000000

00000000
00000000
00000000
00000000
00000010
00001110
00001110
00000110

00000000
00000000
00000000
00000000
00000000
00001100
00001000
00000000

00100000
01100000
00000000
00000000
00000000
00000000
00000000
00000000

00000000
00000000
00000000
00000000
00000000
00011110
00111100
00100000

00000000
00000000
00000000
00000100
00001110
00001010
00000010
00000000

00000000
00000100
00000000
00000000
00000000
00000000
00000000
00000000

01111100
00011100
00010000
00000000
00000000
00000000
00000000
00000000

00000000
00000000
00000000
00000000
00000000
00000000
00000000
00010000

00010000
00011000
00011000
00011000
00000000
00000000
00000000
00000000

00110000
11110000
11100000
11000000
10000000
10000000
00000000
00000000

00000000
00000000
11100000
01000000
01000000
00000000
00000000
00000000

00000000
00000000
00010001
00111111
00110011
00100000
00000000
00000000

00000000
00000000
00000000
00010000
00010000
00000000
00000000
00000000

00000000
00000000
00000000
00000000
00000001
00000011
00000111
00000100

00000000
00000000
00000000
00000000
00000011
00000011
00000010
00000000

00000111
00000111
00011110
00001110
00000011
00000000
00000000
00000000

00000000
00110000
00000000
00000000
00000000
00000000
00000000
00000000

00000001
00000111
00000010
00001110
00000111
00000111
00000010
00000010

00000000
00000000
00000000
00000000
00000010
00000011
00011111
00001111

00000000
00100000
00111100
00111000
00010000
00010000
00000000
00000000

10110111
11111100
00011000
00010000
00000000
00000000
00000000
00000000

00000000
00000000
00000000
00000000
00000000
00000100
00000000
00000000

00000000
00000010
00000110
00000010
00000000
00000000
00000000
00000000

00000000
00000000
00000000
00000000
00000000
00010000
00011000
00010000

00000000
00001010
00011110
00011111
00000111
00000000
00000000
00000000

00111100
11111100
11100000
10000000
00000000
00000000
00000000
00000000

11111000
11111100
11110000
00010000
00000000
00000000
00000000
00000000

00001110
00011111
00011111
00010010
00000000
00000000
00000000
00000000

00000000
00000000
01100000
00110000
00100000
00000000
00000000
00000000

00000000
00000000
00000000
00010000
00111000
00000000
00000000
00000000

00111111
00011110
00011011
00000011
00000000
00000000
00000000
00000000

01111100
00111110
00111100
00010000
00000000
00000000
00000000
00000000

00000000
00000000
00000001
00010111
00011110
00111100
00000100
00000100

00000010
00000010
00000010
00000011
00000110
00000111
00001110
00000011

00000000
00000000
00000000
01000000
01000000
00000000
00000000
00000000

00000000
00000000
00000000
00000100
00011100
00001100
00000100
00000100

00000001
00000011
00000001
00000011
00000001
00000111
00000010
00000010

00000000
00000000
00100000
00100000
00100000
00110000
00111000
00011000

00000000
00000000
00000100
00000101
00001111
00000001
00000000
00000000

11000000
11100000
01110000
01100000
01000000
01000000
00000000
00000000

00000000
00000000
00000010
00001111
00000101
00000000
00000000
00000000

00000000
00000000
00000000
00000000
00000000
00000011
00000111
00000000

00001000
00001111
00001001
00000000
00000000
00000000
00000000
00000000

00000000
00000000
00001111
00011110
00000000
00000000
00000000
00000000

00000000
00000000
11000000
01000000
01010000
01111000
01110000
00100000

00000000
00000000
11000000
01000000
01000000
01110000
00110000
00110000

00000000
00000000
00000000
00000000
00001000
00011101
00001111
00000100

00000000
00000000
00000000
00000100
00000000
00000000
00000000
00000000

00000000
00000000
00000000
00000000
00000000
00000001
00000001
00000001

00000010
00000111
00000000
00000000
00000000
00000000
00000000
00000000

00000000
00000000
00000000
00000000
00000100
00000100
00100110
00111111

00000000
00000000
00000000
00000000
00000000
11000000
01100000
00000000

00000000
00000010
00000010
00000010
00001110
00011110
00000010
00000000

00000000
00000000
00000000
00000000
00000000
00100000
01111000
01111000

00000000
00000000
00000000
00000000
00000000
00001110
00000011
00000011

00000011
00000011
00000011
00000001
00000001
00000001
00000001
00000000

00000000
00000000
00000000
00000000
10000000
11110000
11110000
11111000

00000000
00000000
00000000
00000000
00000000
00000110
00000110
00011111

00000000
00000000
00000000
00000000
00000000
00110000
00111000
11100000

00000000
00000000
01000000
01100000
01000000
00000000
00000000
00000000

00000000
00000000
00000000
00000000
00100000
11100000
11100000
11100000

00010000
00110000
00111000
00011100
00001100
00001000
00000000
00000000

01111111
00111110
00010110
00000100
00000000
00000000
00000000
00000000

00000000
00000000
00000000
00000000
00000000
11000000
00000000
00000000

00000000
00000000
00000100
00001100
00000000
00000000
00000000
00000000

00000111
00000011
00000110
00001110
00000110
00000110
00000000
00000000

00000000
00000000
10000000
10000000
10000000
11000000
11000000
10000000

00000000
00000000
00000100
00000111
00000111
00000011
00000001
00000000

00000000
00000000
00000000
00000000
00000000
11000000
11100000
00111111

10110000
11110000
11110000
00000000
00000000
00000000
00000000
00000000

00000000
00001000
00001100
00000101
00011111
00011100
00011100
00000000

00000000
00000000
00000000
00000000
00000000
00000010
00000111
00000111

00000000
00000000
00000000
00010000
00010000
00010000
00000000
00000000

00000000
00000000
00000000
00001100
00011111
00000111
00000101
00000000

11000000
11100000
11110000
11010000
00000000
00000000
00000000
00000000

00000000
00000000
00000000
00000000
00000000
00000000
00001111
00001110

00011100
00011110
00001100
00001000
00000000
00000000
00000000
00000000

00000000
00000111
00000010
00000010
00000000
00000000
00000000
00000000

11100000
11110000
11100000
10000000
00000000
00000000
00000000
00000000
