00000000100001000000000000000000
00000000000000000000000000000100
00000010000000000000010000000000
00000000000000000001000001000000
00000000000000000000000000000001
00000000001000000000000000000010
00010000100000000000000000000000
00100000000011000000000000000000
00000000000000000000000000000000
00000000010100000000000000000010
00000000000000000000000000000000
10000000100001000000000000000000
00010000000000100000000000000000
00000000000000000001100000100000
00000000000000000100110000000000
00000000000000000000000000000000
00000000000000000000000000000000
00100000010100000000100010000000
00000000000000000000100000000000
00000000000000100000100000000000
00001000000000000010000010000000
11111111111111111111111111111111
11111111111111111111111111111111
11111111111111111111111111111111
11111111111111111111111111111111
11111111111111111111111111111111
11111111111111111111111111111111
11111111111111111111111111111111
11111111111111111111111111111111
11111111111111111111111111111111
11111111111111111111111111111111
11111111111111111111111111111111

12
00000000
00000000
11100000
01100000
11100000
11100000
11110000
10000000

00000000
00000011
00000011
00000011
00001111
00000011
00000000
00000000

00000000
00000000
00000000
00000000
01100111
11111100
10101000
10100000

00000000
00000000
00000000
00000000
00000000
11000000
10000000
00000000

00000000
00000000
00000000
11000000
11000000
01100000
11110000
01000000

00111111
00011111
00011001
00010000
00000000
00000000
00000000
00000000

00000000
00000000
00111100
00011000
00000000
00000000
00000000
00000000

00110000
01111100
00100000
00100000
00000000
00000000
00000000
00000000

00000000
00000000
00000000
00000000
00011000
00000000
00000000
00000000

00000000
00000000
00000000
00000000
00000000
00000000
00000001
00000001

00000000
00001100
00011111
00001110
00000110
00000110
00000000
00000000

00000000
00000000
00000000
00000100
00111100
00111000
00000000
00000000
