00000000000000000000000000000111
00000000000000000000000000000111
00000100000000000000000010000111
00000000000000000000000000000111
00000000000000100000000000000111
00000000000000000000000000100111
00000000000000000000000000000111
00000000000000001100000000000111
00000000000010000000000000000111
00000000000010000001000000000111
10000000000100000000000000000111
00000000000000000000000000000111
00000100000000000000000100000111
00000000000000000000000000000111
00000000000000000000001000000111
00000100000000000000000000000111
00000001000000000000000000000111
00000000000000000000000000000111
00000000000000000000000000100111
00000000000000000000000000001111
00000000000000000000000000000111
00000000000000000000000000000111
00000000000000000000000000000111
00000010000000000000000000000111
00000000000000000000000000000111
00000000000000000000000000000111
00000000000000000000001000000111
00000000000000000000000000000111
00000000000000000000100010000111
00000000000000000000000000000111
10000000000000000000000000000111
00000000000000000000000000000111

242
00000000
00000010
00000111
00000000
00000000
00000000
00000000
00000000

00000000
01000000
11000000
01000000
00000000
00000000
00000000
00000000

01000000
11100000
11100000
11000000
10000000
00000000
00000000
00000000

00000000
00000000
00000000
00000000
00000000
00000110
00001110
00111111

00000000
00000000
00000000
00000010
00000010
00001011
00001111
00000100

00000000
00000000
00000000
00000000
00000000
00000000
00000011
00000000

00000000
00000000
00100000
00110000
11100000
01100000
00000000
00000000

00011000
00011100
00111100
00001100
00000000
00000000
00000000
00000000

00000000
00000000
00000000
00000000
01000000
01001100
11111000
00111000

00000000
00000000
00000000
00000000
00000000
00000111
00000111
00000111

01111110
01111010
01100000
01100000
00100000
00000000
00000000
00000000

00000000
00000000
00000000
00000000
00000110
00000010
00000000
00000000

00000000
00000000
00000000
00000000
00000000
00000001
00000000
00000000

00000000
00000000
00000000
00000010
00000000
00000000
00000000
00000000

00000000
00000000
00000000
00000000
11000000
01100000
11100000
01000000

11111000
01111000
11100000
00100000
00000000
00000000
00000000
00000000

00000000
00000000
00000011
00000011
00001111
00000000
00000000
00000000

00000000
00000000
00000000
00001100
00000000
00000000
00000000
00000000

00000000
00000000
00000000
00000000
01000000
11000000
11110000
01100000

00000000
00000000
00000000
00000000
01110000
00000000
00000000
00000000

01000000
01110000
00110000
00011000
00000000
00000000
00000000
00000000

00001111
00111111
00000011
00000001
00000000
00000000
00000000
00000000

00000000
00000000
00000000
00000000
01000000
11000000
11100000
01100000

00000000
00000000
00000000
00000000
00000001
00001111
00000001
00000001

00000000
00000000
00000000
00000000
00000001
00000001
00000001
00000000

00000000
00000000
00000100
00001110
00000111
00000111
00000110
00000111

00000000
00000000
00000000
00000000
00011000
00111000
00110000
00000000

00000000
00000000
00000000
00010000
00010000
00000000
00000000
00000000

00000000
00000000
00000000
00000000
00000000
00011111
00011110
00000011

00000000
00000000
00000000
00000000
00001000
00000000
00000000
00000000

00000110
00011111
00011000
00001100
00000100
00000000
00000000
00000000

00000000
00000000
00000000
00000000
00001100
00111100
00110000
00000000

00000000
00000000
00000000
00000000
01000000
00000000
00000000
00000000

00111111
00111001
01111000
00010000
00000000
00000000
00000000
00000000

00000000
00000000
00000000
00000000
00000100
00000111
00001111
00001111

00000000
00010000
00110100
00011100
00011111
00010110
00000010
00000000

00000000
00000000
00000000
00000000
00000000
00000000
10000000
11100000

00011100
00001100
00000100
00000000
00000000
00000000
00000000
00000000

00000000
00000100
00000111
00000100
00000100
00000000
00000000
00000000

00000000
00000000
00000000
00000000
00000100
00001111
00011111
00001110

00000000
00000000
00000000
00000000
00000000
00010000
00010000
00000000

00000000
00000000
00000000
00000110
00010111
00011100
00000000
00000000

00000000
00000000
11000000
11000000
00000000
00000000
00000000
00000000

00000001
00000111
00000011
00000001
00000000
00000000
00000000
00000000

00000000
00001000
00001100
00011100
00000000
00000000
00000000
00000000

00000000
00000000
00000000
00000010
00001111
00011111
00001101
00000100

11000000
10000000
10000000
00000000
00000000
00000000
00000000
00000000

00000000
00000000
00000000
00000000
00000000
00000010
00000010
00000011

00000100
00011100
00001100
00000000
00000000
00000000
00000000
00000000

00000000
00000000
00000000
00000000
00011000
00111110
00001110
00000000

00000000
00000000
00000000
00000000
00000000
10101000
11111000
11111100

00000000
11100000
11111000
01010000
00000000
00000000
00000000
00000000

11110000
01110000
01000000
00000000
00000000
00000000
00000000
00000000

00001111
00011111
00001110
00000000
00000000
00000000
00000000
00000000

00000000
11000000
11010000
11111000
11000000
11000000
10000000
00000000

00110000
00110000
00011000
00010000
00010000
00000000
00000000
00000000

00000000
00000000
00000000
00011000
00001000
00001100
00000000
00000000

00000000
00000000
00000000
00000100
00001100
00000000
00000000
00000000

00000000
00010000
01110000
00110000
00000000
00000000
00000000
00000000

00000000
00000000
00000000
00000000
00000000
00000000
00000000
10000000

00000000
00000000
00000000
00000000
00000000
00000000
00010000
00110000

00000000
00000000
00000000
00000100
00000111
00000111
00001110
00011110

00000000
00000000
00000000
00010000
00011101
00001111
00001111
00000111

00000000
00000000
00000000
00000000
00000110
00000011
00000000
00000000

00010100
00111100
00110000
00010000
00000000
00000000
00000000
00000000

00000000
00000000
00000000
00000000
01000000
11100000
01001000
11111000

00000000
00000000
00000000
00000111
00001111
00001111
00000111
00000001

00000000
00000000
00001100
00111100
00111000
00000000
00000000
00000000

00110000
00111000
11100000
01110000
00000000
00000000
00000000
00000000

00000000
00110000
00111000
11110000
11110000
10100000
00000000
00000000

00000000
00000000
00000000
00000000
00000000
00000000
00000110
00001110

00000000
00000000
00000000
00001000
00001100
00000000
00000000
00000000

00110000
01110000
00000000
00000000
00000000
00000000
00000000
00000000

01111100
01111100
00000000
00000000
00000000
00000000
00000000
00000000

00001000
11111100
10010000
00000000
00000000
00000000
00000000
00000000

00000000
00001000
00001111
00000111
00000111
00000110
00000000
00000000

00000000
00000000
10000000
11100000
01100000
00000000
00000000
00000000

00000000
00000100
00111110
00110010
00010010
00000000
00000000
00000000

00110000
11110000
01100000
00100000
00000000
00000000
00000000
00000000

00000000
00000000
00110000
11111000
00110000
00010000
00000000
00000000

00000000
00000000
00000000
00000000
10000000
10000000
11100000
11110000

00000000
00000000
00000000
00000000
00000000
00000000
00011100
00011000

00000000
00000000
00000000
00000000
00001011
00011111
00001111
00001010

00000000
00000000
00000000
00001000
00011000
00111000
01110000
01010000

00000000
00000000
00000000
00000000
00000000
00000000
00000000
00000111

01111111
00101110
00000010
00000000
00000000
00000000
00000000
00000000

10000000
11111000
11011000
00000000
00000000
00000000
00000000
00000000

00000000
00000000
00000000
00000000
00000000
00000000
00000111
00000001

01000000
11110000
01000000
00000000
00000000
00000000
00000000
00000000

00000000
00000000
00000000
00001110
00001111
00001110
00000000
00000000

01000000
01000000
11000000
10000000
00000000
00000000
00000000
00000000

00000000
00000000
00000010
00000110
00000110
00011100
00000000
00000000

00000000
00000001
00000011
00000110
00001111
00000001
00000001
00000000

00000011
00000010
00001111
00001111
00000111
00000110
00000000
00000000

00000000
00000000
00000000
00000000
00000011
00000111
00000011
00000001

00000000
00001100
00111110
00001010
00000000
00000000
00000000
00000000

00000000
00000000
00000010
00001110
00001111
00000000
00000000
00000000

00000000
00000000
00001000
00001000
01111100
00010000
00000000
00000000

00000000
00000000
00000000
00000000
00000000
00110000
01111000
01100000

00000000
00000000
00000000
00000000
00000100
00001110
00001000
00001000

00000000
00000000
00000000
00000000
00000000
01110100
00111100
00011110

00000000
00000000
00000000
00000100
00100100
01111100
00011100
00001100

00000000
00000000
00000000
00000000
00000000
00000000
00011000
00011110

00000000
00000110
00000111
00000110
00000000
00000000
00000000
00000000

11110000
11110000
00100000
00000000
00000000
00000000
00000000
00000000

00000000
00000000
00000000
00000000
01000000
11010000
01110000
11000000

00000111
00011110
00001110
00001110
00000100
00000000
00000000
00000000

00000000
00000000
00000000
00000000
00001000
00001111
00001111
00001111

00001000
00001111
00001111
00011011
00000001
00000000
00000000
00000000

01100000
01110000
00110000
00010000
00000000
00000000
00000000
00000000

00000000
00000000
00111000
11111100
00111000
00100000
00000000
00000000

11100000
11100000
11100000
01000000
00000000
00000000
00000000
00000000

11100000
11100000
11111000
01010000
00000000
00000000
00000000
00000000

00000000
00000000
00000000
00000001
00000011
00010111
00011111
00001111

00000000
00000000
00000000
00001100
00011110
00001100
00001000
00000000

00000000
00000000
00000000
00001100
00000111
00000111
00000111
00000011

00000000
00000110
00000111
00000100
00000000
00000000
00000000
00000000

00000000
00000000
00000000
00000000
00011000
00011100
00001110
00001010

00000000
00000000
00000001
00000001
00000001
00000011
00000111
00000110

00001111
00011111
00001111
00000011
00000001
00000000
00000000
00000000

00000000
00000000
00000000
00000000
00000000
00000010
00000000
00000000

00001111
00011111
00001100
00000100
00000110
00000000
00000000
00000000

00010000
00110000
00111100
00010100
00000000
00000000
00000000
00000000

00000000
00000000
00000000
00010000
00010000
01010100
11111100
11111000

00011000
00010000
00000000
00000000
00000000
00000000
00000000
00000000

00000000
00000000
00000000
00000000
00000010
00011111
00010011
00000001

00000000
00000000
00000000
00000000
00000010
00000110
00011110
00000010

00000000
00000000
00000000
00000100
00001100
00000110
00001110
00011100

00001111
00001111
00001111
00000011
00000000
00000000
00000000
00000000

00000000
00000000
00000000
00010000
00010000
11010000
01110000
00011000

00000000
00000000
01000000
11000000
11100000
11000000
11000000
00000000

00000000
00000000
00000000
00000100
00001100
00011000
10011000
11111000

00000000
00000000
00000000
00011100
00001000
00000000
00000000
00000000

00000000
00000000
00000000
00011000
00110000
00010000
00000000
00000000

00000000
00000000
00000000
00000000
00000000
00001000
00011000
00000000

00000100
00000000
00000000
00000000
00000000
00000000
00000000
00000000

00011111
00001000
00000000
00000000
00000000
00000000
00000000
00000000

00111100
11111110
00010000
00010000
00000000
00000000
00000000
00000000

00000000
00000000
00101100
00111100
00111111
00001000
00000000
00000000

11000000
01110000
11000000
10000000
10000000
00000000
00000000
00000000

00000000
00000111
00000010
00000000
00000000
00000000
00000000
00000000

00000000
00000000
00000000
10000000
10000000
11111000
11011000
11010000

01000000
11100000
11110000
11111000
01010000
00000000
00000000
00000000

00000110
00000110
00000000
00000000
00000000
00000000
00000000
00000000

00000000
00000000
00000000
00000000
00000000
00000000
11000000
11000000

00000000
00000000
00000001
00000000
00000000
00000000
00000000
00000000

01111000
00111100
00111100
00001000
00000000
00000000
00000000
00000000

00000001
00000001
00000011
00000011
00000000
00000000
00000000
00000000

11000000
11011000
11111000
10000000
00000000
00000000
00000000
00000000

00000000
00000000
00000000
00000000
00000000
00000100
00000000
00000000

00000000
00000000
00000000
00000000
00100000
11100000
00000000
00000000

00000100
00001100
00000100
00000000
00000000
00000000
00000000
00000000

00100000
00110000
01100000
01100000
00000000
00000000
00000000
00000000

00111100
00001110
00001010
00000000
00000000
00000000
00000000
00000000

00000110
00000100
00000000
00000000
00000000
00000000
00000000
00000000

00000000
00000000
00000000
00000000
00100000
00100000
00111000
00110000

00000000
00000000
00000000
00000000
00000000
00000100
00011100
00001111

00000000
00000000
00000000
00000000
01100000
00000000
00000000
00000000

00011100
00011000
00000000
00000000
00000000
00000000
00000000
00000000

00000000
00000000
00000000
00000000
01000001
01100011
00111111
00001111

00000000
00000000
00000000
00110000
00110000
00100000
00100000
00000000

10000000
11000000
11000000
11100000
01100000
00000000
00000000
00000000

00000000
00000000
00000000
00000000
00111100
10011100
11111000
10100000

00000000
00000000
00000000
00000000
00000000
00011000
01111000
00011100

00010000
00010000
00010000
00111100
00110000
11100000
10100000
00100000

00000000
00000000
00000000
00000001
00000011
00000111
00000111
00011111

00000000
00000000
00000000
00000000
00000000
00111000
01110000
00000000

00000000
00000000
00000000
00000001
00001111
00001110
00000100
00000000

00000000
00000000
00000000
00000000
00000000
00000000
00000111
00000000

11000000
00000000
00000000
00000000
00000000
00000000
00000000
00000000

00011100
00011000
00011000
00000000
00000000
00000000
00000000
00000000

00111000
00000000
00000000
00000000
00000000
00000000
00000000
00000000

11100000
11100000
01000000
00000000
00000000
00000000
00000000
00000000

00000011
00000011
00000111
00000001
00000000
00000000
00000000
00000000

00001000
00001100
00111100
00010100
00000000
00000000
00000000
00000000

00000000
00000000
00011011
00001111
00000110
00000000
00000000
00000000

00000000
00000000
00000000
00000000
01000000
01000000
01000000
01110000

00000000
00001010
00111110
00000100
00000000
00000000
00000000
00000000

00010000
00010000
00010000
00000000
00000000
00000000
00000000
00000000

00000000
00000000
00000000
00011000
00001100
00000000
00000000
00000000

00000000
00000000
00000000
00000000
00000000
00000000
01111000
00001100

00000000
00000011
00000010
00000010
00000010
00000000
00000000
00000000

00000111
00000111
00011101
00001101
00001000
00001000
00000000
00000000

00000000
00000000
00000000
00000000
01100000
00000000
00000000
00000000

00000001
00111111
00010111
00000010
00000000
00000000
00000000
00000000

00000000
00000000
00000000
00000000
00000000
00010000
01111000
00100000

00000110
00001100
00000000
00000000
00000000
00000000
00000000
00000000

00000000
00011100
00010000
00010000
00000000
00000000
00000000
00000000

00111111
00000110
00000011
00000010
00000000
00000000
00000000
00000000

00000011
00000000
00000000
00000000
00000000
00000000
00000000
00000000

00111100
00010000
00000000
00000000
00000000
00000000
00000000
00000000

01100000
01100000
01111000
00100000
00100000
00100000
00000000
00000000

00000000
00000000
00000011
00000001
00000111
00000111
00000110
00000111

00000000
00000000
00000000
00000000
00000000
00101100
11111110
11100100

00000010
00000000
00000000
00000000
00000000
00000000
00000000
00000000

00000000
00000000
10000000
10000000
11110000
11100000
11100000
10000000

11100000
11100000
00000000
00000000
00000000
00000000
00000000
00000000

00000000
00000000
00000000
00000000
00000000
00000000
00000100
00000100

00000000
00000000
00000000
01000000
11111000
11100000
11110000
10000000

00000111
00000111
00000111
00001111
00000010
00000000
00000000
00000000

00000000
00000000
01000000
11100000
11000000
11000000
01000000
00000000

00000000
00000000
00100000
11100000
01111000
00000000
00000000
00000000

00000100
00001111
00000111
00000010
00000000
00000000
00000000
00000000

00001110
00011110
00001000
00000000
00000000
00000000
00000000
00000000

00000010
00000111
00001100
00001110
00000000
00000000
00000000
00000000

00000000
00000000
00000000
00001110
00011110
00011100
00000000
00000000

00000000
00000000
00000000
00000000
00000000
00101100
11111100
11111110

00000000
00000000
00110000
11111100
11111100
00110000
00000000
00000000

00000011
00000010
00000000
00000000
00000000
00000000
00000000
00000000

00000000
00000000
00000000
00000001
00000011
00011111
00001111
00000111

00000000
00000000
00000000
00000000
10000000
11000000
11100000
01110000

00000000
00000000
00010000
00111100
00000000
00000000
00000000
00000000

00000000
00000000
00000011
00000000
00000000
00000000
00000000
00000000

00000000
00000000
00000000
00000000
00000000
00000000
00110000
00110000

00000000
00000000
00000000
00000000
00010000
00011000
00011000
00000000

00000000
00000000
00000000
00000000
00000010
00010111
11111111
00001110

00100000
00110000
01100000
11000000
00000000
00000000
00000000
00000000

00000000
00000000
00000000
00000000
00000000
00000000
00100000
11100000

00000000
00000000
00000000
00000000
00000000
00000001
00000001
00000000

00010000
00110000
00000000
00000000
00000000
00000000
00000000
00000000

00001111
00001111
00001110
00111110
00000000
00000000
00000000
00000000

00000010
00000011
00000000
00000000
00000000
00000000
00000000
00000000

00000000
00000000
00000000
00000000
00000000
00000010
00011010
00001111

00111000
10111000
11111000
10110000
00100000
00000000
00000000
00000000

00000000
00000000
01000000
11000000
10011000
11110000
11110000
11000000

00000000
00000000
00000000
00000000
00000100
00001101
01111111
00001010

00000000
00000000
00000000
00000000
00000000
00011000
01111000
00011100

00000000
00000000
00000000
00000000
00000000
00000000
01101111
01111100

00000000
01100000
00000000
00000000
00000000
00000000
00000000
00000000

00000000
00000000
00000000
00100000
00100000
01101100
00111100
00111000

00000000
01110000
00000000
00000000
00000000
00000000
00000000
00000000

11000000
11000000
11110000
11000000
11000000
01000000
01000000
00000000

00000000
01100000
11100000
11100000
11100000
10000000
00000000
00000000

00000000
00000000
00000101
00000111
00000111
00001110
00001100
00011000

00011111
00011110
00010110
00010010
00000000
00000000
00000000
00000000

00000000
00000000
00000000
00000000
00000000
00100000
00110000
00000000

00000000
00000000
00000010
00000011
00000011
00000011
00001111
00000010

00000000
00000000
00000000
10000000
11000000
11000000
11110000
00000000

00000000
00000000
00000000
11100000
01000000
00000000
00000000
00000000

10010000
11111000
10001000
11100000
00000000
00000000
00000000
00000000

00111000
00111100
01111100
00010000
00010000
00000000
00000000
00000000

00000000
00000000
00000000
00000000
00000010
00000010
00000110
00000100
