00000000000010000000111111111111
00000000000000000010111111111111
00000001000000000000111111111111
01000100000001000000111111111111
00000000010000010000111111111111
01010000000000000000111111111111
00000000000000000010111111111111
00000000001000000010111111111111
00000000000000100000111111111111
01001000000001000000111111111111
10000000001000000000111111111111
00000000000000000000111111111111
00000000000100000000111111111111
00000000000000000000111111111111
00000000000000010000111111111111
00000000000001000000111111111111
00001000000000011000111111111111
00000000000000000000111111111111
00001000000000000000111111111111
00000000000000000000111111111111
01000000000000000000111111111111
00000000001000000000111111111111
00000000000000000000111111111111
00000000000000000000111111111111
00000000000000000000111111111111
00000000000000000000111111111111
00000000010000000000111111111111
00000010001010000000111111111111
11111111111111111111111111111111
11111111111111111111111111111111
11111111111111111111111111111111
11111111111111111111111111111111

67
00000000
00000000
11100000
00000000
00000000
00000000
00000000
00000000

00000000
00000000
01000000
11100000
00110000
00000000
00000000
00000000

00000000
00000000
00000000
00000000
00000000
00000000
00001000
00000000

00000011
00001111
00001111
00011111
00000001
00000000
00000000
00000000

00000000
00001000
00001100
00111000
11111000
00010000
00010000
00000000

00000000
00000000
00000000
00000000
00100000
00000000
00000000
00000000

00000000
00000000
01000000
11000000
00000000
00000000
00000000
00000000

00000000
00000000
00000000
00000000
00000000
00001100
00011111
00000111

01010111
01111100
11100100
00000000
00000000
00000000
00000000
00000000

00000000
00000000
00000000
00000011
00000011
00000010
00000000
00000000

00000000
00000000
00100000
00000000
00000000
00000000
00000000
00000000

00011111
00001111
00001111
00000011
00000001
00000000
00000000
00000000

00000000
00000000
00000000
00000000
01000000
11110000
11100000
10100000

00000000
00000000
00000000
00000000
11100000
11100000
11100000
11100000

00000000
00000000
00000000
00000000
00000000
00000000
00000010
00000000

00000000
00000000
00000000
00000000
00000000
00010000
00010000
00111100

00000000
00000000
00000000
00000000
00000000
10100000
11111000
11010000

01110000
01100000
00000000
00000000
00000000
00000000
00000000
00000000

00000000
00000000
00000000
00000000
00000000
10000000
10000000
00000000

00000000
00000000
00000000
00000000
00000000
00011110
00011111
00011111

00000000
00000000
00000000
00010000
00011000
00010000
00000000
00000000

00000000
00001110
00000011
00000001
00000000
00000000
00000000
00000000

00100000
00100000
00101100
00111000
01111000
00111000
00000000
00000000

00001110
00011111
00011000
00000000
00000000
00000000
00000000
00000000

00000000
00000011
00000001
00000001
00000001
00000001
00000000
00000000

00000000
00000000
00000000
00000100
01111100
01110000
01010000
11000000

00000000
00000000
00000000
00000000
00000000
01000000
11100000
01110000

01111000
01100000
11110000
00010000
00000000
00000000
00000000
00000000

00000000
01100000
11110000
01100000
00000000
00000000
00000000
00000000

00000000
00000000
00000000
00000000
00000000
00000111
01111111
00111111

01000000
01110000
00110000
00000000
00000000
00000000
00000000
00000000

00000000
00000000
00011000
00000000
00000000
00000000
00000000
00000000

00000000
00000000
00000000
00000100
00000100
00011100
00111100
00011110

00000000
00000000
00000000
00000000
00011011
00111111
00001001
00001000

00000000
00000000
00010000
00011100
01111100
11100000
01000000
00000000

10000000
10000000
10000000
10000000
00000000
00000000
00000000
00000000

00000000
00000000
00011111
00000010
00000010
00000000
00000000
00000000

00000000
00000010
00000011
00000111
00000111
00000010
00000010
00000010

00000011
00111111
00101011
00001000
00000000
00000000
00000000
00000000

00000000
00000000
00000000
00000000
00000110
00000111
00000111
00000111

11100000
01100000
01000000
01000000
11000000
00000000
00000000
00000000

11000000
00000000
00000000
00000000
00000000
00000000
00000000
00000000

00000000
00010000
00011000
00010000
00010000
00000000
00000000
00000000

00000000
00000000
00010000
01111000
11111110
00001100
00001000
00001000

00000000
00000000
00000000
00000000
10000000
11100000
11100000
01100000

00000000
00000000
00000000
00000000
00000000
00001000
00011000
00000000

10000000
10000000
00000000
00000000
00000000
00000000
00000000
00000000

00000000
00000000
00000000
00000000
00000100
00000110
00001100
00000100

00000000
00000000
00000000
00000000
00000000
00110000
01100000
00100000

00000000
00000000
00000000
00000000
00000011
00000000
00000000
00000000

00000011
00000111
00000110
00000010
00000010
00000011
00000010
00000000

00000000
00000000
00001000
00001000
00011110
00111100
00001100
00000100

00000000
00000000
00000000
00001000
00001000
00001010
00001110
00000100

00000000
00000011
00000011
00000011
00000001
00000001
00000001
00000000

00000000
00000000
00011000
00110000
01100000
00000000
00000000
00000000

00000000
00000000
00000010
00000110
00001111
00000011
00000001
00000000

00000000
00000000
00000000
00111100
00000000
00000000
00000000
00000000

00000000
00000000
00000000
00000001
00000001
00000001
00000000
00000000

00000000
01100000
00000000
00000000
00000000
00000000
00000000
00000000

00000000
00000000
11110000
01110000
00000000
00000000
00000000
00000000

00000000
00000110
00000000
00000000
00000000
00000000
00000000
00000000

00000000
00101000
00111111
00000001
00000000
00000000
00000000
00000000

00000000
00000000
00000000
00000011
00000001
00000001
00000000
00000000

00000000
00000000
00000000
00110000
00111110
00010011
00000000
00000000

00001111
00000010
00000011
00000000
00000000
00000000
00000000
00000000

00000000
00000000
00000000
00000000
00000000
00000000
00000010
00001111

00000010
00001110
00011111
00000011
00000001
00000000
00000000
00000000
