00000000000100000000001111111111
10000000000010001000001111111111
00000000001010000000001111111111
00000000000001000000001111111111
00000000000000000000001111111111
01000000000000000000001111111111
00000000000000000000001111111111
00000000000000000010001111111111
00000000000000000000001111111111
00010000000000000000101111111111
01000000000000000000001111111111
00000000000000000000001111111111
00000100010000001100001111111111
00000000000000010000001111111111
10000000000000000101011111111111
00001000000000000011011111111111
00000000000000000000001111111111
01000000000000000010001111111111
00000000110000100000001111111111
01010000000000000000001111111111
11111111111111111111111111111111
11111111111111111111111111111111
11111111111111111111111111111111
11111111111111111111111111111111
11111111111111111111111111111111
11111111111111111111111111111111
11111111111111111111111111111111
11111111111111111111111111111111
11111111111111111111111111111111
11111111111111111111111111111111
11111111111111111111111111111111
11111111111111111111111111111111

25
00000000
00000000
00000000
00000000
00000000
00000000
00010000
00000000

00000000
01110000
01000000
00000000
00000000
00000000
00000000
00000000

00000000
00000000
00000000
00000000
00000100
00111100
00101100
00000000

00000000
00000000
00000000
00000000
00000000
00000000
00010000
11110000

11111000
01100000
01000000
00000000
00000000
00000000
00000000
00000000

00001110
00000000
00000000
00000000
00000000
00000000
00000000
00000000

00000000
00000000
00000000
00000000
00000000
00000001
00000001
00000011

00000000
00000000
00000000
00000000
00001001
00011001
00001011
00001111

00000000
00000000
00000000
00001100
00001100
00001110
00000000
00000000

00000000
00000000
00000000
00000000
00000000
00000000
00111000
00011000

00000000
00000000
00000000
01001000
01111100
01011000
00010000
00000000

00000000
00000000
00000100
00000100
00000000
00000000
00000000
00000000

00000000
00000000
00000000
00000001
00000011
00000011
00000111
00000010

00110000
00100000
00000000
00000000
00000000
00000000
00000000
00000000

11100000
01110000
01100000
00100000
00000000
00000000
00000000
00000000

00000000
00000000
00000110
00000110
00000000
00000000
00000000
00000000

11111100
11101100
11001000
00000000
00000000
00000000
00000000
00000000

00000000
00000000
00000000
00000000
00000000
00000100
00001111
00001111

00000000
00000000
00001100
00001111
00111110
00000111
00000000
00000000

00000000
00000000
00000000
00000110
00000000
00000000
00000000
00000000

00011111
00001111
00001110
00000110
00000000
00000000
00000000
00000000

00000000
00000000
00000000
00000000
00000000
00000000
00110000
01110000

01111111
00111101
00011100
00000000
00000000
00000000
00000000
00000000

00000001
00000011
00000011
00000001
00000001
00000000
00000000
00000000

00000000
00000000
00000000
00001000
00001110
00001100
00011000
00000000
