00000000000000100000000011111111
00000000000000000001000011111111
00000000000100001000000011111111
00000000000000000000000011111111
00000001000000000000000011111111
01000000000000100000000011111111
00000000000001000000000011111111
00000000000000000000000011111111
00000001000000000010000011111111
00000000000000000000001011111111
00000000001000000000010011111111
10000000000000000000000011111111
00000100100000000000010011111111
00000000000001001001010011111111
00000000000000000000000011111111
01000000000000000101000011111111
00100000000000001000000011111111
01010001000000000000000011111111
00000000000000000000000011111111
00000000100000000000000011111111
00000010000000000000000011111111
11111111111111111111111111111111
11111111111111111111111111111111
11111111111111111111111111111111
11111111111111111111111111111111
11111111111111111111111111111111
11111111111111111111111111111111
11111111111111111111111111111111
11111111111111111111111111111111
11111111111111111111111111111111
11111111111111111111111111111111
11111111111111111111111111111111

11
01100000
11111000
01111000
00000000
00000000
00000000
00000000
00000000

00000000
00000000
00001100
00011110
00000100
00000000
00000000
00000000

00000000
00000000
00000000
00000000
00000000
00000000
11000000
01100000

00000000
00000010
00000011
00000010
00000110
00000000
00000000
00000000

00000000
00000000
00000000
00000100
00000100
00001110
00000110
00000010

00100000
00100000
00000000
00000000
00000000
00000000
00000000
00000000

00000000
00000000
00000100
00000000
00000000
00000000
00000000
00000000

00001110
00001000
00001100
00001100
00000000
00000000
00000000
00000000

00000000
00000000
00000000
00001000
00000000
00000000
00000000
00000000

00000000
00001000
00001100
00001100
00011110
11111000
00001000
00000000

00000000
00000000
00110100
00010100
00011110
00110100
01110000
00100000
