00000000000000000000001111111111
00000000000000000000001111111111
00000000000000000000001111111111
11000000000000000000001111111111
00000000000000000000001111111111
00000000000000000000001111111111
00000010000000000000001111111111
00000000000000000000001111111111
00000000000000000000001111111111
00000000000000000000001111111111
00000000000000000000001111111111
10000000000001000000001111111111
00000000000000000000001111111111
00000000000000000000001111111111
00000000000000000000001111111111
00000000000000000000001111111111
00000000000000000000001111111111
00000000000000000000001111111111
00000000000000000000001111111111
00000000000000000000001111111111
00000000000000000000001111111111
00000000000000000000001111111111
00000000100000010000001111111111
00000000000000000000001111111111
00000000000000000000001111111111
00000000000000000000001111111111
11111111111111111111111111111111
11111111111111111111111111111111
11111111111111111111111111111111
11111111111111111111111111111111
11111111111111111111111111111111
11111111111111111111111111111111

92
00000000
10110000
11111000
01010000
01000000
00000000
00000000
00000000

00110000
00110000
00111000
01101100
00000100
00000000
00000000
00000000

00000000
01000000
00000000
00000000
00000000
00000000
00000000
00000000

00000000
00000111
00010011
00011111
00001000
00001000
00000000
00000000

00000000
00000000
00000000
00000011
00000111
00000111
00011111
00000111

00000000
00000000
00000000
00000000
00010000
00010010
01111110
00111100

00000000
00000000
00000000
00000000
11100000
01100000
00000000
00000000

00000000
00000000
00000000
00000000
00001000
00011100
00001000
00000000

00000001
00000111
00000111
00000000
00000000
00000000
00000000
00000000

00000111
00011111
00010011
00000001
00000000
00000000
00000000
00000000

00000000
01100000
11111000
11100000
00000000
00000000
00000000
00000000

00000000
00000000
00000000
00000000
00000000
00000001
00000001
00000001

00000000
00000000
00000100
00000110
00000010
00001110
00000100
00000100

00000000
00000000
00000000
01000000
01100000
01110000
01000000
11000000

00000000
00010000
00111110
00010111
00000111
00000110
00000000
00000000

00000000
00000011
00000011
00000111
00000011
00000000
00000000
00000000

11100000
11111000
11000000
10000000
10000000
10000000
00000000
00000000

00000000
00000000
00000000
00000000
00000000
00000000
00000111
00001111

00000000
00000000
00000100
00000000
00000000
00000000
00000000
00000000

00011110
00000110
00111110
00001011
00000010
00000010
00000000
00000000

10000000
11000000
11100000
01000000
11000000
01000000
01000000
00000000

00111110
00111000
00000000
00000000
00000000
00000000
00000000
00000000

00000000
00000000
00000000
00000000
01000000
11000000
11100000
00000000

00000000
00000000
00000000
00010000
00111100
00111110
11100100
00100000

00000011
00000011
00000000
00000000
00000000
00000000
00000000
00000000

00011000
00000000
00000000
00000000
00000000
00000000
00000000
00000000

00000000
00000000
00010000
00010000
00011000
00011000
00111100
00111111

00001100
00001100
00000000
00000000
00000000
00000000
00000000
00000000

00000010
00000110
00000010
00000010
00000000
00000000
00000000
00000000

00011111
00000111
00000111
00000101
00000101
00000000
00000000
00000000

00000001
00000001
00000001
00001111
00000111
00000111
00000010
00000011

00000000
00000000
00000000
00000000
00000000
00011111
00011111
00000111

00000000
00000000
00010000
01110000
11111000
01111100
00100000
00000000

00000000
00000000
00000000
00000000
00000000
00000011
00000000
00000000

11100000
11000000
11000000
00000000
00000000
00000000
00000000
00000000

00000000
00000000
00000000
00000000
00000000
00100000
00110000
00110000

00000000
00100000
00100000
01110000
00000000
00000000
00000000
00000000

00111110
00000000
00000000
00000000
00000000
00000000
00000000
00000000

00000000
00000000
00000000
00000000
00000010
00000110
00001111
01111110

00000001
00000011
00000011
00000111
00000011
00000011
00000001
00000000

00000010
00000000
00000000
00000000
00000000
00000000
00000000
00000000

00000110
00000110
00000010
00000000
00000000
00000000
00000000
00000000

00001101
00001111
00001111
00000111
00000010
00000010
00000000
00000000

11110000
11111000
11001000
00001000
00000000
00000000
00000000
00000000

00000000
00001000
00001000
00001000
00000000
00000000
00000000
00000000

00000000
00000000
00000000
00111000
00000000
00000000
00000000
00000000

00000000
00011111
00000010
00000000
00000000
00000000
00000000
00000000

00000001
00000001
00000001
00000011
00000001
00000000
00000000
00000000

00000000
00000000
00000000
00000100
00000000
00000000
00000000
00000000

00000000
00000000
00000000
00000010
00000111
00001111
00000111
00000011

00000000
00000000
00000000
10000000
10000000
11000000
11111000
11110000

00000000
00000000
00000100
00001100
00011100
00011110
00011110
00000110

10000000
10000000
11000000
11100000
11000000
10000000
00000000
00000000

00000000
00000000
00000000
00011110
00000111
00000001
00000000
00000000

00000111
00000111
00011110
00010100
00010100
00010000
00000000
00000000

00000000
00000000
00000000
00000000
00000010
00000010
00000010
00000000

00000000
00000000
00000000
00000000
00000000
00000000
01011000
01111000

00000000
00000000
00000000
00000000
00001100
00011100
00011110
00111111

00101000
00111110
00111111
00000010
00000000
00000000
00000000
00000000

11111000
11000000
11100000
01000000
11000000
01000000
00000000
00000000

00000000
00000000
00000000
01110000
11110000
11000000
11000000
01000000

11111111
10011100
10000000
00000000
00000000
00000000
00000000
00000000

01000000
01000000
11111000
11100000
11110000
00100000
00000000
00000000

00000000
00010000
00110000
11110000
01100000
00000000
00000000
00000000

00000000
10100000
10100000
11100000
11100000
11100000
01000000
01000000

00001110
00011111
00000100
00000000
00000000
00000000
00000000
00000000

00000000
00000000
00000000
00000100
00001111
00000101
00000000
00000000

00011110
00011110
00001111
00001101
00000100
00000000
00000000
00000000

00000000
00000000
00001000
00000000
00000000
00000000
00000000
00000000

00000000
00000000
00000000
00000000
00000110
00000010
00000010
00000000

10000000
10000000
00000000
00000000
00000000
00000000
00000000
00000000

00000000
00000000
00000000
00000000
00000010
00111111
00111100
00011111

00000000
00000000
00000000
11000000
10000000
00000000
00000000
00000000

00001100
00011100
00011111
00011001
00010000
00000000
00000000
00000000

11110000
11100000
01000000
00000000
00000000
00000000
00000000
00000000

00111000
00111000
11100000
00110000
00100000
00000000
00000000
00000000

00000000
00000000
00000000
00000000
00000000
00000000
00001111
00011111

00000000
00000000
00001000
00001000
00011000
01111100
01111000
00100000

00000001
00000011
00000011
00000000
00000000
00000000
00000000
00000000

00000111
00000111
00000001
00000000
00000000
00000000
00000000
00000000

00000100
00000110
00001110
00001010
00000000
00000000
00000000
00000000

00000000
00000000
00000000
00000100
01111101
00000111
00000011
00000010

10000000
11000000
11100000
01000000
00000000
00000000
00000000
00000000

00011111
00111111
00010001
00000000
00000000
00000000
00000000
00000000

00000000
00000000
11100000
00000000
00000000
00000000
00000000
00000000

00001010
00011111
00111000
00111100
00001100
00000000
00000000
00000000

00001111
00001111
00000111
00000111
00000011
00000000
00000000
00000000

00000000
00000000
00000000
00000000
00000000
00000000
00000011
00000001

00000000
00000000
00000000
00001100
00000000
00000000
00000000
00000000

10000000
00000000
00000000
00000000
00000000
00000000
00000000
00000000

00000000
00000000
00000000
00000000
00001110
00001111
00001111
00011111

00011100
00111100
00010000
00010000
00000000
00000000
00000000
00000000
