10000000000000001000000000001111
00000000000000000000100000101111
00000000000100000110000000001111
10000001001000000000000000001111
00000100000000000000000000011111
00000000000000000000000000001111
01000000000000000000000000001111
00000000000000000000000000001111
00000100000001000000000000001111
00000000000000000000000000001111
00000000000010000000000000001111
00000000000010010000000000001111
00000000000000000100000001001111
01000000000000000000000000001111
00000000000000000000000000001111
00000000000000100000000000001111
00000100000000010000000100011111
01000000000000000000000000001111
00000000000000000000000000001111
00000000000000000000000001001111
00000000000000000000000000001111
00000000000000000000000000001111
00000000000000000000000000001111
00000000000000000000000000001111
00000000000001000000000000001111
00000000000000000000000000001111
00010000000000000000000000001111
00000000000000000000000001001111
00000000000000000100000000001111
00000000000000000000000000001111
11111111111111111111111111111111
11111111111111111111111111111111

179
00000000
00000000
00000000
00000000
00001000
00011100
00011111
00000011

00000000
00000000
00000000
00001000
00001111
00001111
00001111
00001110

00000000
00000000
11000000
11100000
01000000
00000000
00000000
00000000

00000000
00000000
00000000
00000000
00100000
11110000
11110000
11111100

00000000
01000000
01111000
00111000
00011000
00001000
00000000
00000000

00000000
00000000
00000000
00000000
00000001
00001111
00000000
00000000

00000000
00000000
00000000
00000000
01000000
11010000
11111000
11000000

00000000
00000000
00000000
00000000
00000000
00000000
00100000
01110000

00000000
00000000
00000000
00000000
00000000
00000000
00000100
00000111

00000000
00000000
01000000
00000000
00000000
00000000
00000000
00000000

00100000
00000000
00000000
00000000
00000000
00000000
00000000
00000000

00001111
00001110
00001111
00000011
00000000
00000000
00000000
00000000

00000000
00000000
00000000
01000000
01110000
11111000
11100000
10110000

00000000
00000000
00000000
00000000
00001100
00011100
00011111
00000101

00000111
00000001
00000001
00000000
00000000
00000000
00000000
00000000

00000000
00000000
00000000
00000000
00000000
00000001
00000000
00000000

00000000
00000000
00010000
00010000
00010000
00011000
00000000
00000000

00000000
00000000
00000000
00000000
00100000
11100000
10000000
00000000

11110000
11100000
11100000
11100000
01100000
00000000
00000000
00000000

00000000
00000000
00000000
00000000
00000000
00000000
00011000
00010000

00011101
00111111
00010111
00000000
00000000
00000000
00000000
00000000

00000000
00000000
10000000
10000000
10000000
11100000
00100000
00000000

00000000
00000000
10000000
11000000
10000000
00000000
00000000
00000000

00000000
00000000
00000000
00011000
00001000
00000000
00000000
00000000

00000000
00000000
00000000
00100000
00100000
00100000
01101000
01111110

00000000
00000000
11000000
11100000
10000000
11000000
00000000
00000000

00000000
00000000
00000000
10000000
11000000
01110000
01100000
00100000

00001111
00000000
00000000
00000000
00000000
00000000
00000000
00000000

00000000
00000000
00110100
01111110
00101110
00001100
00000100
00000000

00000000
00000000
00000000
00011100
01001100
11111000
11010000
00010000

00011100
00011111
00000100
00000100
00000000
00000000
00000000
00000000

00000000
00000000
00000000
00000000
00000000
00000000
01010000
01111000

00000000
00000000
00000000
00000000
00000000
00010000
01110000
01111000

00000000
00000000
00000000
01111000
11011000
01000000
00000000
00000000

00000000
00000010
00000110
00000011
00000000
00000000
00000000
00000000

00000000
00000000
00000000
00000000
00000000
01110000
00000000
00000000

00000000
00000000
00000000
00000000
00011000
01111000
11110000
01100000

00001101
00011111
00000100
00000100
00000100
00000000
00000000
00000000

01000000
01100000
01000000
00000000
00000000
00000000
00000000
00000000

00000010
00000011
00000001
00000001
00000000
00000000
00000000
00000000

00000000
00000000
00100000
00100000
00111000
00000000
00000000
00000000

00000000
00000000
00000000
00010000
00111100
00000000
00000000
00000000

01111110
11110100
01100000
00000000
00000000
00000000
00000000
00000000

00000000
00000000
00110000
00000000
00000000
00000000
00000000
00000000

00000000
00000000
00100000
00100000
00111000
11111100
11101000
00100000

00000000
01000000
01100000
01101000
01111000
00100000
00000000
00000000

00000000
01010000
11110000
00011000
00000000
00000000
00000000
00000000

00000000
00000000
00000000
00000010
00010110
00011111
00010000
00000000

00000000
00000000
00000000
00000000
00000010
00010110
00010111
00011111

00000000
00000000
00000000
00000000
00000000
00000100
00001111
00001000

00000000
00000000
00000000
00000000
00000000
00000000
00000000
01100000

00000000
00000000
00000000
00000000
00001100
00000100
00000110
00000000

00000000
00000000
00000000
00000000
00100000
00000000
00000000
00000000

00000000
00000000
00000000
00000000
00000001
00000111
00000001
00000001

00000000
00000000
00000000
00000000
00000000
00000001
00000001
00000001

00000000
00000000
00000000
00000000
00100000
11100000
11100000
11111000

00000110
00011100
00010100
00000100
00000000
00000000
00000000
00000000

00011111
00011010
00010011
00000000
00000000
00000000
00000000
00000000

10000000
10000000
11000000
01000000
01000000
00000000
00000000
00000000

00000000
00000000
00000000
00000000
00000000
00001110
00000111
00000011

00000100
00000110
00001110
00000111
00000011
00000000
00000000
00000000

00111111
00011111
00000101
00000000
00000000
00000000
00000000
00000000

00110000
00000000
00000000
00000000
00000000
00000000
00000000
00000000

00000000
00000000
00000000
00000000
00001000
00001100
00001100
00001000

00000000
00000000
00010000
00110000
11111100
11100000
00000000
00000000

00000000
00000000
00000000
00000000
00000000
00000100
01101101
01111111

00000000
00000110
00001111
00001100
00011000
00011000
00000000
00000000

00000011
00000011
00000011
00000011
00000000
00000000
00000000
00000000

00000000
00000000
00000000
00000000
00000010
00001111
00000000
00000000

00000000
00000000
00000000
00000000
00100000
01110000
11110000
01100000

00000000
00000000
00000000
00001100
00001100
00111100
00001111
00000000

00000000
00001100
00001000
00000000
00000000
00000000
00000000
00000000

00000000
00000000
00000000
00000000
00000000
10000000
11000000
11000000

00111111
00010110
00000010
00000010
00000000
00000000
00000000
00000000

00000000
00000000
00000000
00000001
00000001
00000111
00000111
00000011

00000000
00000000
00011000
00001000
00111100
00001000
00000000
00000000

00000000
00000001
00000011
00000110
00000010
00000000
00000000
00000000

00000000
00000000
01000000
01000000
11100000
11100000
11110000
11010000

00000000
00000000
00000000
00000100
00000110
00011110
00111110
00101100

00000000
00000010
00000011
00000111
00000111
00000001
00000000
00000000

00000000
00000001
00000001
00000111
00011111
00000011
00000001
00000001

00000000
00000000
00000110
00000011
00000011
00000000
00000000
00000000

11111000
01111000
11100000
01000000
00000000
00000000
00000000
00000000

11100000
11000000
10000000
00000000
00000000
00000000
00000000
00000000

00111100
00011000
00001000
00001000
00000000
00000000
00000000
00000000

00111110
00000000
00000000
00000000
00000000
00000000
00000000
00000000

00000000
00000000
00000000
01000000
11001000
11111000
01100000
01100000

00000000
00000000
00000011
00000000
00000000
00000000
00000000
00000000

00000000
00000110
00000010
00000010
00000110
00000110
00001100
00000000

00000011
00000011
00000011
00000000
00000000
00000000
00000000
00000000

00000010
00000000
00000000
00000000
00000000
00000000
00000000
00000000

00000000
00000000
01100000
01100000
00100000
00110000
11110000
10111000

00000000
00000000
00000000
00000000
00000000
00000000
00000000
11000000

01000000
01000000
01000000
11111000
11000000
00000000
00000000
00000000

00000110
00001110
00001110
00001100
00000000
00000000
00000000
00000000

00000000
00000000
00000000
00000010
00000011
00000000
00000000
00000000

00000000
00000000
00000000
00000000
00000000
00000000
11000000
00000000

00111111
00111111
00100110
00100000
00000000
00000000
00000000
00000000

00000000
00000000
00000000
00010000
00111000
11111100
11110000
01100000

00000000
00000000
00000000
00000000
00000000
11000000
01100000
00100000

00000000
00000000
00000000
00000111
00000011
00000010
00000000
00000000

00000000
00000000
00000000
00000000
00000000
00000000
00000000
00011100

00000000
00000000
10000000
10000000
10000000
11000000
01000000
00000000

01110000
11100000
00000000
00000000
00000000
00000000
00000000
00000000

01111000
11110000
00110000
00110000
00100000
00000000
00000000
00000000

00000000
00000000
00000000
00000000
00000000
00000000
00000000
00001100

11110000
11110000
11000000
01000000
00000000
00000000
00000000
00000000

00000000
00000000
00000000
00000000
00000000
00000100
00000100
00000100

00000000
00000000
00000000
00000000
00000000
00000000
00000010
00000010

01100000
11110000
01000000
00000000
00000000
00000000
00000000
00000000

00000000
00010000
00111100
00001000
00000000
00000000
00000000
00000000

00111000
11111000
11111110
00001000
00000000
00000000
00000000
00000000

11111000
01011000
01010000
01000000
00000000
00000000
00000000
00000000

00000000
00000000
00000000
00000000
00000000
00000000
00000000
00100000

00000000
00000000
00000000
00000000
00000000
01000000
01000000
00000000

00010000
00011000
00011000
00111100
00111000
00000000
00000000
00000000

00000000
00000000
00000000
00000000
00000000
00000000
00100000
01111000

00100000
00000000
00000000
00000000
00000000
00000000
00000000
00000000

00000000
00000000
00000000
00000000
00001000
00011111
00011111
00010000

00000000
00000000
00000000
00000001
00000001
00000011
00000001
00000000

00001111
00000111
00000010
00000011
00000000
00000000
00000000
00000000

00000000
00000000
00000000
00110000
00000000
00000000
00000000
00000000

00000000
00000000
00000000
00000000
00000000
00001000
00111000
00010000

00000000
00000000
00000001
00000001
00000001
00000011
00000111
00000000

00111111
00011100
01110000
00110000
00000000
00000000
00000000
00000000

00000000
00000000
00000000
00000000
00000000
00000000
00011100
00001000

00000000
00000000
00000100
00000100
00000110
00000000
00000000
00000000

00000000
00000000
00100000
00100000
00110000
00100000
00000000
00000000

00000000
00000000
00011100
11111100
00001100
00000000
00000000
00000000

00000000
00000000
00000000
00001010
00001111
00011111
00001011
00000000

11000000
11000000
11100000
11000000
01000000
00000000
00000000
00000000

00000000
00000000
00001000
00001000
00000000
00000000
00000000
00000000

10000000
11000000
11000000
00000000
00000000
00000000
00000000
00000000

10100000
11100000
11110000
01000000
11100000
11000000
00000000
00000000

11100000
11110000
11100000
00000000
00000000
00000000
00000000
00000000

00000000
00000000
00000000
00000000
00010000
00010000
00110110
00011100

00000000
00000000
00000000
00000000
00000000
00000110
00001111
00000011

00000000
00000000
00000000
00000000
00100000
00111000
00110000
00000000

10100000
10110000
11110000
11000000
10000000
10000000
10000000
10000000

00000111
00000010
00000000
00000000
00000000
00000000
00000000
00000000

01000000
11110000
11110000
11000000
11000000
10000000
00000000
00000000

00010000
00000000
00000000
00000000
00000000
00000000
00000000
00000000

00000000
00000000
00000000
10100000
11100000
11100000
11000000
11000000

00000000
00000000
00000000
00000000
00000000
00001000
00000000
00000000

00000000
00000000
00000000
00011000
00000000
00000000
00000000
00000000

00000000
00000000
00000000
00000000
00001000
01001000
11111100
00111000

11100000
11110000
11100000
01100000
00000000
00000000
00000000
00000000

00011000
01111000
00001000
00000000
00000000
00000000
00000000
00000000

00000000
00000000
00000000
00000100
00011110
00001111
00001111
00000111

00000010
00000010
00000010
00000111
00000000
00000000
00000000
00000000

00000000
00000000
10001000
11111100
00011100
00001110
00000100
00000000

00000000
00000000
00000000
00000000
00000000
00000001
00000011
00000011

00010000
00010000
00110000
01111000
00000000
00000000
00000000
00000000

00000000
00000000
00000000
00000000
00000000
00000111
00000111
00000111

00000000
00010000
00011000
00011100
00000000
00000000
00000000
00000000

00000000
00000000
00000000
00000000
10000000
11010000
11111000
10001000

11110000
11111000
11000000
11000000
10000000
10000000
00000000
00000000

00000000
00000000
00000000
00000000
00000000
00001000
00000000
00000000

00000000
00000000
00000000
00000100
00000110
00000110
00000000
00000000

00000000
00000000
00000000
00000001
00000000
00000000
00000000
00000000

00000000
00000000
00000010
00000010
00000010
01100110
01101100
00111000

00000000
00000000
00000000
10000000
11010000
01111000
00010000
00000000

00000000
00000000
00000000
00111011
00001110
00001111
00000001
00000001

00000000
00000000
00000000
00000011
00000110
00000110
00000000
00000000

01111000
11110000
11110000
11100000
00000000
00000000
00000000
00000000

00000000
00000000
00000000
00000000
00000000
00000000
00000000
00010000

00000000
00000000
00000000
00000000
00000110
00000100
00000000
00000000

00000000
00000000
00000000
00000111
00000111
00000110
00000000
00000000

11111000
01111100
00000000
00000000
00000000
00000000
00000000
00000000

00000000
00000000
00000000
00000000
00000000
00000000
00001000
00001110

00000000
00000000
00000000
00000000
00000000
00000001
00001111
00000110

00011000
00001000
00001000
00000000
00000000
00000000
00000000
00000000

00000000
00000000
00000000
00000000
00000000
00000110
00000100
00000000

00000000
00000000
00000000
00000011
00001011
00011110
00110111
00000110

00000000
00000000
00000000
00000000
01110000
11110000
10010000
00000000

00000000
00000000
00000000
00000000
00000000
00010000
00111100
00011100

00000000
00000000
00000000
00000000
00001000
00000000
00000000
00000000

00000000
00000000
00000011
00000000
00000000
00000000
00000000
00000000

00001100
00001110
00011000
00001000
00001000
00000000
00000000
00000000
