00000000000000100000000000001111
00000000000000000000000000001111
00000000000000000000000000001111
00000000000000000000000000001111
00000000010000000000000000001111
00000000000000000000000000001111
00000000000000000000000000001111
00000000000000000000000000001111
00000000000000000000000000101111
00000000000000000000000000001111
00000010000000000000000000001111
00000000000000000000000000001111
00000000000000000000000000001111
00000000000000000000000000001111
00000000000000000000000100001111
00000000000000000000000000001111
00000000000000000100000000001111
00000000000000000000000000001111
00000000000000000000000000001111
00000000000000000000000000001111
00000000000000000000000000101111
11111111111111111111111111111111
11111111111111111111111111111111
11111111111111111111111111111111
11111111111111111111111111111111
11111111111111111111111111111111
11111111111111111111111111111111
11111111111111111111111111111111
11111111111111111111111111111111
11111111111111111111111111111111
11111111111111111111111111111111
11111111111111111111111111111111

101
00000000
00000000
10000000
00000000
00000000
00000000
00000000
00000000

00000000
00000000
00000000
00000000
00000000
00000000
00110000
00111000

00000000
00000000
00000000
00000000
00000011
00000111
00001111
00001111

00000000
00000000
00000000
00000000
00011100
00001000
00000000
00000000

00000000
00000010
00000010
00000011
00000001
00000000
00000000
00000000

00000000
00000000
00000000
00000000
00000000
01111100
11111111
01010100

00000000
00000000
00000000
01100000
01100000
01111100
11000000
10000000

11000000
01000000
00000000
00000000
00000000
00000000
00000000
00000000

00000000
00000000
00000000
00001000
00000000
00000000
00000000
00000000

01111000
01110000
00000000
00000000
00000000
00000000
00000000
00000000

00000000
00000000
00000000
00000000
00000000
11000000
11000000
11000000

00000000
00000000
00000000
00000000
00001100
00000101
00001101
00011111

00000000
00000000
00000000
00000000
00000000
01101000
11111100
01111111

01000000
01100000
00110000
00000000
00000000
00000000
00000000
00000000

00111110
00011000
00010000
00010000
00010000
00010000
00000000
00000000

00000000
00000000
00000000
01000000
01000000
11000000
11000000
01110000

00000000
00000000
00000000
00000000
00000010
00000010
00000000
00000000

00000000
00000000
00000000
00000000
00001000
01001100
11011100
01111000

00000000
00000000
00000000
00100000
00100000
00000000
00000000
00000000

00001111
00000111
00000111
00000111
00000011
00000010
00000000
00000000

00000000
00000000
00001100
00001110
00000100
00000000
00000000
00000000

00000000
00000000
00000100
00000111
00000011
00000001
00000000
00000000

00000000
00000000
00000000
00110000
00110000
00010000
01110000
00010000

00000000
01000000
01110000
01000000
00000000
00000000
00000000
00000000

00000000
00000000
00000000
00000000
00000000
00000011
00000010
00000000

00000000
00000000
00000000
00000000
00000000
11101100
01111000
00010000

00000000
00000000
00000000
00000000
00100000
01111000
00010000
00000000

00000000
00000000
00001000
00011111
00001000
00000000
00000000
00000000

00000000
00000000
10000000
11000000
11100000
11000000
10000000
00000000

11010000
11110000
01111000
01000000
01000000
01000000
00000000
00000000

00000000
00000000
01000000
11000000
11110000
11100000
11000000
10000000

00000000
10000000
11000000
11100000
11110000
10000000
00000000
00000000

01111000
00100000
00000000
00000000
00000000
00000000
00000000
00000000

00000000
00000010
00000010
00000011
00000011
00000001
00000000
00000000

00000000
00000000
00000000
00000000
00000000
10000000
11000000
11110000

00000000
00000000
00000000
00000000
00001001
00001111
00001111
00011111

00000001
00000001
00000000
00000000
00000000
00000000
00000000
00000000

00000000
00000000
00000000
00000000
00010000
00010000
11011000
01111110

00000010
00000011
00000011
00000011
00000011
00000011
00000001
00000000

00010000
01111100
00000100
00000000
00000000
00000000
00000000
00000000

00000000
00000000
00000000
00000000
00000000
00100000
11100000
01110000

01101000
01111100
00110000
00010000
00000000
00000000
00000000
00000000

00110000
00010000
00011110
00011100
00000100
00000000
00000000
00000000

00001110
00011100
01111100
00001100
00001000
00000000
00000000
00000000

00000000
00000000
00000000
00000000
00000000
00110000
01111100
00110100

00000000
00000000
00000000
00000010
00001010
00001111
00001110
00001111

00000000
00000000
00000000
10000000
11000000
11110000
10011000
00000000

00000000
00000000
00000000
00000000
00000000
11000000
11000000
10000000

00000000
00000000
00000110
00000010
00000011
00000111
00001111
00000111

00000000
00000000
00000000
00001000
00111000
11111100
01011000
01001000

00000000
00000001
00000000
00000000
00000000
00000000
00000000
00000000

00000000
00000000
00000000
10000000
10000000
11000000
10000000
10000000

00001000
00011000
00000000
00000000
00000000
00000000
00000000
00000000

00000000
00000000
10000000
10000000
11000000
11000000
11000000
00000000

01111000
00111000
00100000
00100000
00000000
00000000
00000000
00000000

00000000
00000000
00000000
11000000
00000000
00000000
00000000
00000000

00111111
00001111
00000111
00000011
00000010
00000000
00000000
00000000

00000000
00000000
00000000
00000000
00111000
00010000
00010000
00000000

00000000
00001110
00111110
00000000
00000000
00000000
00000000
00000000

00000000
10000000
11000000
01000000
11111000
11100000
01000000
00000000

00000000
00000000
00000010
00000011
00001001
00001011
00001111
00001101

00000000
00000000
00000000
00000000
00000000
00000000
00010000
00000000

00000000
00000000
00000000
00000000
00000000
00000000
00111110
00111110

00000000
00000000
00000000
00010000
00010000
11111000
01111110
01001100

00000000
00000000
01000000
01000000
11000000
11100000
10110000
00011000

00000000
00000000
00000000
00100000
00100000
11100000
01111000
11000000

00000000
00000000
00000000
00111000
00000000
00000000
00000000
00000000

00011111
00001111
00001010
00000000
00000000
00000000
00000000
00000000

11111100
00000000
00000000
00000000
00000000
00000000
00000000
00000000

00000110
00011110
00111111
00010111
00000000
00000000
00000000
00000000

11000000
11111000
11101000
10000000
00000000
00000000
00000000
00000000

00000000
00000000
00000000
00000000
00000000
00000100
01011100
11111100

00000000
00001011
00011010
00111111
00001101
00000001
00000000
00000000

01100000
11100000
00100000
00000000
00000000
00000000
00000000
00000000

01111000
00001000
00001000
00000000
00000000
00000000
00000000
00000000

00000010
00000011
00000011
00000111
00011111
00001000
00000000
00000000

00000000
00000000
00000000
00000000
00000000
00000000
10000110
11111100

00001000
00011000
00011100
00111110
00111000
00110000
00000000
00000000

00000000
00000000
00000000
00000000
00000000
01000000
01100000
00000000

00000000
00000000
00000000
00000000
00000000
00100000
01111000
01000000

11110000
01100000
00000000
00000000
00000000
00000000
00000000
00000000

00000000
00000000
00000000
00000010
00000000
00000000
00000000
00000000

00110111
00011101
00011101
00000001
00000001
00000000
00000000
00000000

00000000
00000000
00000000
00000000
00000000
00001000
00001000
00000000

00000000
00000000
00000000
00000000
00010000
00011000
01111000
11111000

00000000
00000000
00000000
00000000
00000000
01110000
01100000
01100000

11000000
00000000
00000000
00000000
00000000
00000000
00000000
00000000

00010000
00111000
11100000
00000000
00000000
00000000
00000000
00000000

00000000
00000000
00001000
00000000
00000000
00000000
00000000
00000000

00000000
00000000
00000000
00000000
01100000
11000000
00000000
00000000

00000000
00000000
00000000
00000000
00000000
00010011
00110110
01111110

00000000
00000000
11000000
00000000
00000000
00000000
00000000
00000000

00000000
00011000
00110000
01100000
01000000
00000000
00000000
00000000

00011111
00001111
00001111
00000011
00000001
00000000
00000000
00000000

00000111
00000011
00000011
00000001
00000000
00000000
00000000
00000000

00000000
00000000
00000000
00000000
00000000
00000011
00000111
00001111

00000000
00000000
11000000
01000000
11101000
01111100
00001000
00000000

00000011
00000011
00000001
00000001
00000000
00000000
00000000
00000000

00000000
00000000
00000000
00001111
00001111
00001100
00000000
00000000

00000000
00000000
00000000
00000010
00000010
00000111
00000010
00000000

00000011
00011110
00001111
00000111
00000001
00000001
00000000
00000000
