00100000000000000000001000000111
00000000000000000000000000000111
00000000000000000100100000000111
00100000000000000000001000000111
00000000000000000000000000010111
00000000000000000000000001000111
00000000000000000000000000000111
00000000000000000000000000000111
00000010000000010000000000000111
00000000010000000000000010000111
00000000000000000000000000000111
00000000000000001010000000000111
00000000000000000000000000000111
01010010000000000000000000000111
00000000000000000000000000000111
00000000000000000100000001000111
00000000000000000000000000000111
00000000010000000000000000001111
00000000000100000000000100000111
00000000000000000000000000000111
10010000000000000000000000000111
00000000000000000000000000000111
00000000000000000000000000000111
00011000000000000000000000000111
00000000000000000000000000000111
00000000000000000000000000010111
00000000000000000000000000000111
00000000000000000000000000000111
00000000000000000000000000000111
00000000000000101000000000000111
00000000000100000000000000000111
11111111111111111111111111111111

127
00000000
00010100
00011110
00000111
00000111
00000011
00000010
00000000

00000000
00000000
00011100
00000000
00000000
00000000
00000000
00000000

00000000
00000100
00000000
00000000
00000000
00000000
00000000
00000000

00011101
00011111
00000010
00111110
00000100
00000000
00000000
00000000

00000000
00010000
00010000
00000000
00000000
00000000
00000000
00000000

00000000
00000000
00000000
00000111
00000011
00000000
00000000
00000000

00000000
00000000
00000000
00000000
00000000
00001000
00001000
00011100

01111110
01101111
00100101
00000000
00000000
00000000
00000000
00000000

00000000
00000000
00000000
00000000
00000000
00010000
01110000
11110000

00000000
00000000
00000000
00000000
00000000
00000000
00000010
00000110

00000000
00000000
00000000
00000110
00000000
00000000
00000000
00000000

00000000
00011110
00001000
00001000
00000000
00000000
00000000
00000000

00000011
00000011
00001111
00000100
00000000
00000000
00000000
00000000

00001000
00001000
00000000
00000000
00000000
00000000
00000000
00000000

00000000
00000000
00000000
00000000
00001000
00011100
00111110
00001000

00000000
00000000
01100000
11100000
10000000
00000000
00000000
00000000

11000000
11000000
11100000
11100000
10000000
10000000
00000000
00000000

00000000
00000000
01000000
01000000
00000000
00000000
00000000
00000000

00000000
00000000
00000000
00001011
00011110
00000110
00000000
00000000

00001000
00001010
00011110
00011110
00001111
00000000
00000000
00000000

00000000
00000010
00000011
00000110
00000000
00000000
00000000
00000000

00011010
00111111
01110000
00011000
00011000
00000000
00000000
00000000

00000000
11000000
11100000
11000000
11000000
11000000
10000000
10000000

11100000
11110000
11100000
11100000
00000000
00000000
00000000
00000000

00000000
00010000
00011000
00011000
00111100
00010100
00000000
00000000

01100000
11100000
01110000
00000000
00000000
00000000
00000000
00000000

00111111
00101110
00000111
00000000
00000000
00000000
00000000
00000000

00011111
00011111
00011001
00011000
00000000
00000000
00000000
00000000

00000000
00000000
00000000
00000000
00000000
00000011
00000111
00000001

00000000
00000000
00000000
00000000
00000000
01010000
01010100
01111110

00000000
00000000
00000000
00000000
00000000
00000000
01000000
01100000

00000010
00000011
00000111
00000001
00000000
00000000
00000000
00000000

00000000
00000000
00000000
00000000
00000000
00011110
01111100
11011100

01111000
11111000
11111000
00100000
00000000
00000000
00000000
00000000

00000000
00000110
00001111
00000111
00000101
00000000
00000000
00000000

00000000
00000000
11000000
11100000
11100000
11100000
11000000
11000000

00000000
00000000
00000000
00000000
00000000
10000000
10000000
11100000

00000000
10110000
11110000
10111110
00100100
00100000
00000000
00000000

00000000
00000000
00100000
00000000
00000000
00000000
00000000
00000000

01111000
00111000
00111100
00111000
00000000
00000000
00000000
00000000

00001111
00011111
00010101
00000101
00000001
00000000
00000000
00000000

00001000
00000000
00000000
00000000
00000000
00000000
00000000
00000000

01110000
11110000
11111000
01000000
00000000
00000000
00000000
00000000

00000000
00000000
00000000
00000000
00000000
00011110
00000100
00000000

00000000
00000000
00010000
00010000
00010000
00000000
00000000
00000000

00000000
00000000
00000000
00000000
00000000
01100000
01000000
00000000

00110111
00111111
00000101
00000100
00000100
00000000
00000000
00000000

00000011
00000011
00000000
00000000
00000000
00000000
00000000
00000000

00000000
00000000
00000000
00000000
00000000
00000000
00000000
00000111

00000000
00000000
00011000
00111110
00001000
00000000
00000000
00000000

00000000
00000000
00000000
00100000
00100000
10110000
11110000
10100000

00000000
00000000
00000000
00000000
00010101
00010111
00011111
00001111

11100000
11100000
11100000
00000000
00000000
00000000
00000000
00000000

00000000
01111000
11011100
00001000
00001000
00000000
00000000
00000000

00000000
00000000
00000000
00000000
00000000
00000000
00000000
00000110

10000000
11110000
11100000
11100000
11000000
00000000
00000000
00000000

00000000
00000000
00000000
00000000
00000001
00000001
00000011
00000111

00000000
00000000
00000000
00000010
00000110
00001111
00001100
00000110

01111100
11101110
10001000
00000000
00000000
00000000
00000000
00000000

00001111
00011111
00011000
00000000
00000000
00000000
00000000
00000000

00000000
00000000
00000000
00000001
00000001
00000111
00000010
00000000

00000000
01000000
01000000
00000000
00000000
00000000
00000000
00000000

00000101
00000111
00000000
00000000
00000000
00000000
00000000
00000000

00000000
00000000
00000000
01110000
00000000
00000000
00000000
00000000

00000110
00011110
00011110
00110000
01100000
00000000
00000000
00000000

00000000
00000000
00000000
01110000
01000000
11100000
11100000
11100000

00000000
00000001
00000001
00000000
00000000
00000000
00000000
00000000

00000000
00000000
00000000
00000000
00000000
01000000
00000000
00000000

00000000
00000010
00000010
00000111
00000111
00111110
00000100
00000000

00000000
00000000
00000000
00000000
00000000
10100000
11101000
11111000

00000000
00000001
00000001
00000111
00001111
00000101
00000100
00000000

00000000
00000100
00000100
00000000
00000000
00000000
00000000
00000000

11111100
00000110
00000000
00000000
00000000
00000000
00000000
00000000

00000000
00000000
00000000
00000000
00001000
00001000
00000000
00000000

00000000
00000000
00000000
00001100
00000000
00000000
00000000
00000000

00000000
00000000
00000000
00000000
00111000
00101000
00001000
00000000

00000011
00000001
00000000
00000000
00000000
00000000
00000000
00000000

00000000
00000000
00000000
00000000
00000000
00010000
01111100
00010100

01000000
11000000
11111000
11110000
00000000
00000000
00000000
00000000

00000000
00000000
00000000
00000000
00000000
00000000
00010000
00000000

00000000
00000000
00000000
00000000
00100000
00100000
00100000
00100000

00000001
00000101
00000111
00000101
00000100
00000000
00000000
00000000

01100000
00100000
00000000
00000000
00000000
00000000
00000000
00000000

00011100
00001110
00001110
00111110
00000100
00000000
00000000
00000000

00010100
00110111
01111110
01011000
00000000
00000000
00000000
00000000

00000000
00000000
00000000
00000000
00000000
00011110
00001100
00000000

00000000
00000000
00000000
00000000
00000000
00000000
01000000
11000000

00000000
00000000
00000000
00000000
01000000
11110000
11000000
00000000

00000000
00000000
00000000
00000000
00000110
00010110
00011111
00001111

00000000
00000000
00000000
00000000
00000010
00000111
00000000
00000000

00011000
00001000
00000000
00000000
00000000
00000000
00000000
00000000

00100000
01110000
01111000
11110000
00110000
00100000
00000000
00000000

00000000
00000000
00000010
00000011
00000111
00000110
00000000
00000000

00000000
00000000
00000000
00000000
00000110
00000111
00000010
00000000

00000000
00000000
00000000
00000000
00000000
00000000
00000100
00000000

00010011
00111111
00101101
00000001
00000000
00000000
00000000
00000000

00000000
00000000
00000000
00000100
00000111
00001111
00011110
00001010

00000111
00000110
00000111
00000111
00000010
00000000
00000000
00000000

00011111
00011100
00111100
00000100
00000000
00000000
00000000
00000000

00000000
11100000
11110000
11111000
00011000
00000000
00000000
00000000

10000000
11000000
11000000
10000000
10000000
00000000
00000000
00000000

00000000
00000000
00000000
10100000
11100000
11000000
10000000
10000000

00000000
00000100
00001111
00011110
00010110
00000010
00000000
00000000

10000000
10000000
11010000
11110000
11110000
11000000
10000000
00000000

00000000
00000000
00000000
00000000
00000100
00011111
00011110
00010000

00001100
00000000
00000000
00000000
00000000
00000000
00000000
00000000

00000000
00000000
10000000
11000000
11000000
01100000
00000000
00000000

00000000
00000010
00000010
00001110
00000111
00011111
00000010
00000000

00000000
00000011
00000111
00001110
00001111
00001100
00000100
00000000

00001110
00001110
00001110
00001110
00000010
00000000
00000000
00000000

00000110
00000110
00000100
00000000
00000000
00000000
00000000
00000000

00000000
00000000
00000000
00000000
00000000
01111000
00111000
00011000

00000000
00000000
00000000
00000000
00010000
01111000
01010000
00000000

00000000
00000000
00000000
00000000
00000000
00100000
11100000
11111000

00000000
00000000
00000000
10000000
11011000
01111000
01100000
01110000

00000100
00000110
00000110
00001110
00011100
00000000
00000000
00000000

00000000
00000000
00000100
00001100
00001110
00001100
00000100
00000000

00000000
00000000
00001000
00001100
00011100
00001000
00000000
00000000

00000000
00000000
00000000
00010000
00000000
00000000
00000000
00000000

11111110
11111000
01000000
01000000
00000000
00000000
00000000
00000000

00000000
00000000
00000000
00000111
00000011
00000001
00000001
00000000

00000000
01000000
01000000
01000000
00000000
00000000
00000000
00000000

00000000
00000000
00001000
00001000
00000000
00000000
00000000
00000000

00000000
00000000
00000000
00100000
01110000
01000000
00000000
00000000

00100000
01100000
11100000
11000000
10000000
10000000
00000000
00000000

00111100
00111000
00111000
11110000
00010000
00010000
00000000
00000000

11000000
11000000
11110000
11000000
11100000
11100000
00000000
00000000
