10001000000000000000000000000111
00000000000000000000001000000111
00000000100000000001000000010111
00000000000000000000000010000111
00101000000000000100100000001111
00000000000000000000000000000111
00000000000000001000000000000111
00000000000000001000000000000111
00000000100000000000000100000111
00000000000000100000000000000111
00000000000000000000001100100111
00011000001000000000000000000111
00100000000000000000001000000111
00000000000000000000000000000111
00000000000000000000000001000111
00000000001001000000000000000111
00001000000000000000010000000111
01000000000000000000000000000111
00000000000100000000000000000111
00100000000100000000000000000111
00001000001000000000000000001111
00000000000000000001000000000111
00000000000000000000000000000111
11111111111111111111111111111111
11111111111111111111111111111111
11111111111111111111111111111111
11111111111111111111111111111111
11111111111111111111111111111111
11111111111111111111111111111111
11111111111111111111111111111111
11111111111111111111111111111111
11111111111111111111111111111111

37
00000111
00001111
00000111
00000011
00000010
00000010
00000010
00000010

00000010
00000111
00001111
00000011
00000000
00000000
00000000
00000000

00000000
00000000
00000000
00000000
10000000
11000000
10000000
00000000

00011100
00001100
00001111
00001110
00001011
00000001
00000000
00000000

00000000
00000000
00000000
00000010
00000110
00000111
00000000
00000000

10000000
10000000
11110000
01010000
11000000
11000000
11000000
00000000

00000000
00000000
00000000
00000000
00000000
01111000
01101000
11000000

00000000
00000000
00000000
00000000
00000101
00011111
00000010
00000010

00000000
00000000
00000000
00000000
00000000
00000000
00100000
11111000

00000000
00000000
00000000
00000000
11100000
01101000
11111000
10111000

00000000
00000000
00000000
00000000
00000000
10000000
11100000
11000000

00000000
00000000
00000000
00000000
00000000
01000000
01111000
00011100

00000000
00000000
00000000
00000000
00000000
00001100
00001000
00000000

11000000
10000000
00000000
00000000
00000000
00000000
00000000
00000000

00000000
00010000
00111000
01100000
11100000
01100000
00100000
00000000

00000000
00000000
00100000
01101100
01111000
00001000
00001000
00000000

00000000
00000000
00000000
00000100
00111100
01111000
11111000
00110000

00000011
00000011
00000000
00000000
00000000
00000000
00000000
00000000

00000000
00000000
00010000
00011111
00000011
00000001
00000000
00000000

00000000
00000000
00000000
00010100
00011111
00001100
00000110
00000000

00110000
00110100
00111100
00100000
00000000
00000000
00000000
00000000

00000000
00000000
10000000
11000000
10000000
00000000
00000000
00000000

00000000
00000000
00000000
11100000
01110000
01110000
11100000
01100000

00000111
00001101
00000101
00000001
00000000
00000000
00000000
00000000

00000000
00000000
00001000
00000000
00000000
00000000
00000000
00000000

00000000
00000000
00000000
00000000
00000000
00100000
00000000
00000000

00000000
00000000
00000000
00100000
00111000
00110000
00100000
00000000

00000000
00010000
00010000
00010000
00000000
00000000
00000000
00000000

00010000
00010000
00000000
00000000
00000000
00000000
00000000
00000000

01000000
11000000
01100000
00000000
00000000
00000000
00000000
00000000

00000000
00000000
00000000
00000000
11100000
11100000
11000000
11000000

00000000
00000000
00000010
00000111
00000010
00000000
00000000
00000000

00000000
00000001
00000001
00000011
00000111
00000110
00001110
00001110

00000000
00000000
00000000
00000100
00001111
00000111
00000111
00000000

01110000
00111111
00001110
00001010
00000010
00000000
00000000
00000000

11111100
10110000
00000000
00000000
00000000
00000000
00000000
00000000

00000000
00000000
00000000
00001101
00000101
00000111
00000110
00000000
