00000010000000001010111111111111
00000001000100000000111111111111
00001000000000000000111111111111
00000000000000010000111111111111
10000000000000000000111111111111
00000000000000000000111111111111
00000000000100000000111111111111
00000000000000010001111111111111
00010000000000000000111111111111
00000100000000000000111111111111
00000100000000000000111111111111
00010000000000000001111111111111
00000000000000000010111111111111
00010000000000000000111111111111
00000000000000010000111111111111
00000000000000000000111111111111
00000010010000100000111111111111
00000000000100000000111111111111
00000000000000010000111111111111
00000010000000000000111111111111
01101000000000000000111111111111
00000001101000000100111111111111
00000000000100000100111111111111
00000000010000000000111111111111
00000000100000000000111111111111
00001000010000100000111111111111
00000000000001000000111111111111
00000000000000100000111111111111
00001010000000000000111111111111
00000000000000000000111111111111
00000010000000000000111111111111
11111111111111111111111111111111

97
00000000
00000000
00000000
00000000
00100000
00111000
01110000
01010000

00000000
00000100
00011100
00000110
00000000
00000000
00000000
00000000

10000000
11000000
11110000
11100000
10000000
00000000
00000000
00000000

00000000
10001000
10101000
11111110
11010100
00000000
00000000
00000000

01110000
01110000
00111000
00000000
00000000
00000000
00000000
00000000

00000000
00000000
00000000
00000000
00000000
00000000
00000111
00000010

00000000
00000000
00000000
00000000
00000000
00100010
00111110
01111010

00000000
00000000
10000000
10000000
10000000
11100000
11110000
10100000

00000000
01110000
01110000
00010000
00000000
00000000
00000000
00000000

00000000
00000000
00000000
00000000
01010000
01110000
11111100
11100000

00000000
11100000
00110000
00000000
00000000
00000000
00000000
00000000

00000000
00000000
00100000
00100000
01101000
01111100
00011100
00011000

11000000
11111000
11101000
01100000
00000000
00000000
00000000
00000000

00000000
01000000
00000000
00000000
00000000
00000000
00000000
00000000

00000100
00000100
00001100
00000000
00000000
00000000
00000000
00000000

10000000
10000000
00000000
00000000
00000000
00000000
00000000
00000000

00000000
00000000
00001000
00001000
00001000
00011110
00011111
00011001

00000000
00000000
00000000
00010000
00010000
00110000
00000000
00000000

11100000
11110000
11110000
01100000
01100000
00000000
00000000
00000000

00000000
00000000
00000000
00000000
00000000
00000000
00000000
00000011

00000000
00000000
00000000
00000000
00001100
00001100
00011111
00000000

00000000
00000000
00000000
00000000
00000000
00010000
00011000
00000000

00001000
00111000
11111100
01001000
00000000
00000000
00000000
00000000

00000000
00000000
00000000
00000000
00000001
00000001
00000001
00000000

00000000
00000000
00000000
00000000
00000110
00000010
00000000
00000000

11100000
11110000
00011000
00011110
00010110
00000000
00000000
00000000

00000000
00000000
00000000
00001000
00001000
00011000
00010000
00010000

00100000
00100000
01100000
01111000
11000000
01000000
00000000
00000000

00001111
00001111
00000111
00000001
00000001
00000000
00000000
00000000

00001111
00011011
00011000
00000000
00000000
00000000
00000000
00000000

00100000
01101000
11111000
00111000
00000000
00000000
00000000
00000000

00000000
00000000
00000000
00000000
00000000
00000000
11000000
00000000

00000000
00000000
00000000
00000110
00000010
00000000
00000000
00000000

00000000
00000000
00000000
00000000
00000000
01100000
01100000
11110000

00000010
00000011
00000111
00001111
00001111
00000000
00000000
00000000

00000000
00000000
00000000
10000000
11100000
11001000
01111000
00010000

00000110
00000111
00000111
00001111
00000010
00000000
00000000
00000000

00000000
00000000
00000000
00000000
10100000
11100000
11111100
11111000

11000000
11000000
11100000
11100000
01110000
01010000
00000000
00000000

00000000
00000000
00000000
00000000
00000000
00000000
11000000
11110000

00000000
00000000
00000000
00000000
00000000
00000000
00000000
00001000

00000000
00000000
00000000
00010110
00010110
00011111
00000110
00000010

00001111
00001110
00000110
00000110
00000000
00000000
00000000
00000000

00000000
00000000
00000000
01000000
01111001
00011111
00001111
00000000

00000000
00000000
00100000
11110000
11110000
00100000
00000000
00000000

00000000
00000000
00000000
00000000
00000000
01100000
00000000
00000000

00000000
00000000
00000000
00000000
01000000
00000000
00000000
00000000

00000000
00000000
00000000
00000000
00011000
00111100
00100100
00000000

00000000
00000000
00001000
00001000
00001100
00000000
00000000
00000000

00001110
00001111
00011111
00000111
00000100
00000000
00000000
00000000

11111100
11110000
11000000
00000000
00000000
00000000
00000000
00000000

00000000
00000000
00000000
00000000
00000000
10000000
10010000
11110000

00000000
00000000
00000110
00000100
00000000
00000000
00000000
00000000

00000000
00000110
00001110
00000000
00000000
00000000
00000000
00000000

00000000
00000000
00000000
00000000
00000010
00000010
00000000
00000000

00000000
00001100
00001111
00001001
00000000
00000000
00000000
00000000

00000000
00000000
00000000
00100000
00000000
00000000
00000000
00000000

00000111
00001100
00011110
00000100
00000000
00000000
00000000
00000000

10000000
11010000
11110000
00110000
00110000
00100000
00000000
00000000

00000000
00000000
00000000
01000000
01000000
11010000
11111100
11111000

00000000
00000000
00001100
00000000
00000000
00000000
00000000
00000000

00000000
00000000
00000000
00100000
00110000
11110000
10111000
00000000

00000000
00000000
00000000
00000000
00001100
00011100
00011110
00011111

00011100
00011110
00011110
00011111
00000000
00000000
00000000
00000000

00000000
00000000
00000000
00000000
00010000
00010000
00111000
00010000

00000001
00000111
00000111
00000111
00000011
00000011
00000000
00000000

00000000
00000000
00000000
00000000
00000000
00110000
00110000
01111111

00001100
00011110
00011110
00000000
00000000
00000000
00000000
00000000

11110000
11110000
11100000
10000000
00000000
00000000
00000000
00000000

00000000
00100000
00000000
00000000
00000000
00000000
00000000
00000000

00000000
00010000
01111110
01101000
00000000
00000000
00000000
00000000

00000000
10000000
10000000
11100000
11111000
10111000
10010000
00000000

00000111
00000011
00000010
00000000
00000000
00000000
00000000
00000000

00011111
00000100
00000000
00000000
00000000
00000000
00000000
00000000

00000000
00000000
00000000
00000000
00000000
00000000
00000111
00000010

11111000
11111100
01011000
00000000
00000000
00000000
00000000
00000000

00000000
00000000
00000000
00000010
00000011
00000111
00000011
00000001

11100000
01000000
00000000
00000000
00000000
00000000
00000000
00000000

00000000
00000000
00000000
00000000
00010000
00010000
00000000
00000000

11110000
11111000
00100000
11110000
11000000
00000000
00000000
00000000

00000000
00000000
00000000
00000000
00000000
00000000
00000000
00010000

00000111
00000111
00000001
00000000
00000000
00000000
00000000
00000000

00000011
00000001
00000000
00000000
00000000
00000000
00000000
00000000

00000000
00000000
00000000
00000000
10000000
11000000
11100000
01000000

00000000
00000000
01101000
01111011
00011110
00011100
00000000
00000000

00000000
00000000
00110000
00110000
01111100
01000000
00000000
00000000

00010000
00011110
00111100
00000000
00000000
00000000
00000000
00000000

00100000
01110000
11110000
11010000
11000000
00000000
00000000
00000000

00000110
00001111
00000110
00011111
00000101
00000000
00000000
00000000

00000110
00001111
00111100
00110100
00000100
00000000
00000000
00000000

00000110
00000110
00000010
00000000
00000000
00000000
00000000
00000000

00000000
00000000
00101110
00111110
01111100
00010000
00000000
00000000

00000000
00000000
00000000
00000000
00011000
00001110
00001000
00000000

00000000
00000000
00000000
00000010
00001111
00001110
00011111
00000100

00000000
00000000
00000000
00000000
00100000
11100000
11100000
11100000

00000000
00000000
00000000
00000000
00000000
00000000
00000000
00011000

00000000
00000000
00000000
00000000
00000000
00000110
00000011
00000011
