00000001001000000000100000111111
00001000000000000000000100111111
00000000000000000000000001111111
01000100000001001000000000111111
00100000000000000000000010111111
00000000000000000000000001111111
00000000000000000000000000111111
10000000000100000000000000111111
00000000000000000000000000111111
00000010000000000000000000111111
00000000000100000000000000111111
00000000000000000000000100111111
00001000000000000000000000111111
00001000000000000000000000111111
00000000000000000000000000111111
00000001000000000100000000111111
00000000101000000000000000111111
00000000000101100000000000111111
00000100000000000100000000111111
01000000010000000000000000111111
00000000000000000000001000111111
00000000000000000100110010111111
00000000000000000000000000111111
00010000000000000001000000111111
00000000000001010000000000111111
00000000000000000000000001111111
11111111111111111111111111111111
11111111111111111111111111111111
11111111111111111111111111111111
11111111111111111111111111111111
11111111111111111111111111111111
11111111111111111111111111111111

199
00000000
00000000
00000000
00000000
00000000
00010000
00111000
01111000

01100000
11110000
11110000
11110000
00000000
00000000
00000000
00000000

00000000
00000000
00000100
00000100
00001110
00000000
00000000
00000000

01110000
01111000
01111000
00010000
00000000
00000000
00000000
00000000

00000000
00000000
00000000
00010000
00010000
01110000
00011100
00010000

00000000
00000000
00000001
00000001
00000001
00000011
00001111
00001111

00000000
00000000
00000000
00000000
00001101
00011111
00001111
00000011

00000000
00000000
00000000
01000000
00000000
00000000
00000000
00000000

00000000
00000000
00000000
10000000
10000000
00000000
00000000
00000000

01111100
11111100
11000000
10000000
00000000
00000000
00000000
00000000

00000000
00000000
00001000
00001000
00001000
00001110
00000000
00000000

01100000
01110000
01110000
11000000
01100000
01000000
00000000
00000000

00000000
00000111
00000111
00000000
00000000
00000000
00000000
00000000

00000100
00001100
00011111
00010100
00000000
00000000
00000000
00000000

00000000
00000000
00000000
00000000
00000010
00001111
00011111
00111110

00000000
00000000
00000000
00000000
00000011
00001111
00001111
00111111

01111000
01110000
11100000
11100000
01000000
00000000
00000000
00000000

00000000
00000000
00000000
00000000
00000000
01000000
11010100
11111110

00000000
00000000
00000000
00000000
00000000
00001000
00011000
00011100

00000000
00000000
00000000
00000000
00000000
00000000
00000110
00000011

00000000
00001000
00011100
00111100
00111100
00000100
00000000
00000000

00000000
01100000
11000000
00000000
00000000
00000000
00000000
00000000

00000000
01100000
11111000
11100000
10000000
00000000
00000000
00000000

00000000
00000000
00000000
00000000
00000000
00001000
00000000
00000000

00000000
00000000
00000000
00000000
00000100
00000000
00000000
00000000

11100000
11000000
10000000
00000000
00000000
00000000
00000000
00000000

00000000
00000101
00000111
00000011
00001111
00000001
00000000
00000000

00001100
00001110
00001110
00000100
00000000
00000000
00000000
00000000

00011110
00111011
00010000
00010000
00000000
00000000
00000000
00000000

11100000
11111000
11101000
01000000
00000000
00000000
00000000
00000000

00000000
00000001
00000011
00000010
00000011
00000111
00000011
00000011

00000010
00000011
00000001
00000000
00000000
00000000
00000000
00000000

00000000
00000000
00000000
01100000
01100000
11100000
11000000
00000000

00000000
00001000
00111000
00110000
00000000
00000000
00000000
00000000

00000000
00000000
01111000
00111100
00000000
00000000
00000000
00000000

00000000
00000000
00000000
01000000
01000000
11000000
00000000
00000000

00000000
00000000
00000000
00000000
00000010
00000010
00000111
00000000

00000000
00000000
00000000
00101000
00111000
11111100
11001000
10000000

00000000
00000000
00111000
11111000
00111000
00000000
00000000
00000000

01000000
11010000
11110000
11010000
01000000
00000000
00000000
00000000

00001111
00000011
00000000
00000000
00000000
00000000
00000000
00000000

00000000
00000000
00000000
00000000
00000000
00000000
00001100
00000111

00000101
00001111
00001111
00000011
00000000
00000000
00000000
00000000

00000000
00000000
00000000
00000000
00000000
11000000
00000000
00000000

00001000
00001100
00011000
00010000
00000000
00000000
00000000
00000000

00000000
00000000
00000000
00000000
00001000
00011011
00011111
00011111

00000000
00000000
00000000
00100000
00000000
00000000
00000000
00000000

00000000
00000000
01000000
01011000
01110000
00110000
00110000
00110000

00001110
00000010
00000010
00000000
00000000
00000000
00000000
00000000

00000000
00000000
00000011
00001111
00001011
00001011
00001001
00000000

00000000
00000000
00000000
00000111
00001110
00000111
00000111
00000111

00000000
00000000
00000000
00000000
00000000
00011100
00000000
00000000

11111000
01111000
00000000
00000000
00000000
00000000
00000000
00000000

00000000
00000000
00000011
00000011
00000011
00000110
00000010
00000000

00000000
00001010
00001110
00011000
00001000
00000000
00000000
00000000

00000000
00000000
00000000
00000000
00000000
00000000
00000011
00000000

00000000
00000000
00000000
00000000
00000000
01101010
01111111
00011111

00000000
00000000
00000000
00000000
00000000
00100000
00000000
00000000

00000000
00000000
00000000
00000000
00000001
00000111
00000111
00001111

00000000
00000000
00000000
00000000
00000000
00001010
00011110
00011111

00000000
00000000
00000000
00000000
00000000
00001000
11111110
00111111

00000000
00000000
00000000
00000000
10000000
10000000
11000000
00000000

00000000
00000000
00000000
00000000
00000000
00000000
00000001
00000001

00011100
00011111
00010011
00010011
00000001
00000000
00000000
00000000

00000000
00000000
00000000
00000100
00000100
00000000
00000000
00000000

00000000
00000000
00000000
00000000
00000000
00000000
00011000
00011000

00000000
00000000
00000000
00000000
00000000
00000000
11000000
11000000

00000000
00000000
00000000
00000110
00011110
00111110
00010000
00000000

00000000
00000000
00000000
00000000
00000000
00000000
00000001
00000000

00000000
00000000
00000000
00000000
00011100
00111000
01111000
11011000

00000000
00000000
00000000
00000000
01000000
01000000
01100000
00000000

00000000
00000000
00001110
00001111
00001111
00000011
00000001
00000000

11111000
11111110
00010000
00010000
00011000
00000000
00000000
00000000

00001111
00011111
00001111
00000110
00000000
00000000
00000000
00000000

11100000
11100000
10100000
10100000
00000000
00000000
00000000
00000000

11110000
11100000
10000000
11000000
11000000
10000000
10000000
00000000

11100000
01100000
01000000
00000000
00000000
00000000
00000000
00000000

00000000
01000000
01110000
01100000
00100000
00000000
00000000
00000000

00000000
11000000
00000000
00000000
00000000
00000000
00000000
00000000

00010000
10110000
11110000
10000000
00000000
00000000
00000000
00000000

00000000
00000000
00100110
00111100
00110000
00000000
00000000
00000000

00000000
00000000
01000000
01000000
11101000
01111000
00111000
00110000

00001110
00000111
00000100
00000000
00000000
00000000
00000000
00000000

00000000
00000000
00000000
00000000
00000000
00000000
00000100
00011100

10000000
10100000
11100000
11100000
11000000
00000000
00000000
00000000

00000100
00011100
00011110
00000100
00000000
00000000
00000000
00000000

00000101
00000111
00011111
00001011
00000011
00000001
00000000
00000000

00000000
00000000
00000000
00000010
00000010
00000011
00000011
00000011

11110000
01111100
00001000
00000000
00000000
00000000
00000000
00000000

00000000
00010000
01111100
00000100
00000000
00000000
00000000
00000000

00000000
00000000
00000000
00000000
00000000
00001000
00000000
00000000

00111100
00010000
00000000
00000000
00000000
00000000
00000000
00000000

00000000
00000000
00000000
00000000
00000100
00000111
00001111
00000011

00000000
00000000
00000000
01000000
11000000
11111100
11100000
01000000

00000000
00000000
01100000
00000000
00000000
00000000
00000000
00000000

00000000
00000000
00000001
00000001
00000000
00000000
00000000
00000000

00000000
00000000
00000000
00000000
00000000
01000000
01001000
01111100

00000000
00000000
00000000
00000000
00000000
00000000
01111100
00111100

00000000
00011100
00011100
00001000
00000000
00000000
00000000
00000000

00000000
00000000
00000000
00000010
00000010
00000000
00000000
00000000

00000000
00000000
00110000
01110000
01110000
00111000
00001100
00001100

00000000
00000000
00000000
01000000
11000000
00000000
00000000
00000000

00010000
00000000
00000000
00000000
00000000
00000000
00000000
00000000

11110000
11110000
01111000
01100000
01000000
00000000
00000000
00000000

00001111
01111111
00000111
00000010
00000000
00000000
00000000
00000000

00000000
00000000
00000000
01100000
11110000
00111010
00011110
00001000

00000000
00000000
00000000
00011000
00111000
00001100
00000000
00000000

00000000
00000000
00000000
11110000
00110000
00000000
00000000
00000000

11110000
11000000
10000000
10000000
00000000
00000000
00000000
00000000

01111110
11010100
11000100
01000000
00000000
00000000
00000000
00000000

11110000
11010000
00000000
00000000
00000000
00000000
00000000
00000000

00000000
00000000
00000000
00010000
00010000
10010000
11110000
00110000

00000000
00000000
00000000
00001000
00001100
00000000
00000000
00000000

11000000
11000000
11110000
01000000
00000000
00000000
00000000
00000000

00000000
00000000
00000000
00001000
00001000
00001100
00000100
00000000

00000000
01100000
11110000
11100000
10000000
10000000
00000000
00000000

00000000
00000000
00000011
00000011
00000001
00000000
00000000
00000000

00000000
00000000
00000000
00000000
00100000
00100000
00110000
01111100

10000000
11000000
00000000
00000000
00000000
00000000
00000000
00000000

00000000
00000000
00000000
00000000
00000000
00001111
00000111
00011111

00000000
00000000
00000000
00000000
01000000
11101000
11111000
00001000

00000000
00000000
00000000
00000000
00000000
00000000
00000000
01110000

00000000
00000000
00110000
11111000
01111000
01000000
01000000
00000000

00011110
00011110
00000000
00000000
00000000
00000000
00000000
00000000

00000000
00000000
00000000
00000001
00000001
00000000
00000000
00000000

00000000
10000000
10000000
10000000
11010000
01110000
00010000
00000000

00000000
00000000
00000111
00001111
00001101
00001000
00001000
00000000

11111110
11001100
11000000
11000000
01000000
00000000
00000000
00000000

00000000
00000000
01111100
01111000
00010000
00000000
00000000
00000000

00000000
00000000
00000000
00000000
01000000
01110000
01111100
01111000

11000000
11000000
00000000
00000000
00000000
00000000
00000000
00000000

00000000
00000000
01000000
11000000
00000000
00000000
00000000
00000000

00000000
00110100
01111101
00100111
00000111
00000000
00000000
00000000

00000000
00000000
00000000
00000000
00000111
00000011
00000000
00000000

01111000
00100000
00000000
00000000
00000000
00000000
00000000
00000000

00000000
00000000
00000000
00000000
00000000
00000000
00000000
00011111

00000000
00000000
00000000
00000100
00001101
00001111
00000110
00000000

00000000
00000000
00000001
00001011
00111111
01100001
00000001
00000000

00000000
10000000
10000000
00000000
00000000
00000000
00000000
00000000

00111110
00111110
00111000
00000000
00000000
00000000
00000000
00000000

00000000
00000000
00000000
00000110
00000111
00000111
00001111
00001111

00000000
00000000
00000000
00100000
00100000
10110000
11111000
00110000

00000000
00000000
00000000
00100000
00000000
00000000
00000000
00000000

00000000
00000000
00000000
00010110
00011110
00011100
00010100
00000000

00000010
00000111
00000001
00000000
00000000
00000000
00000000
00000000

11111110
11111000
11100000
10000000
00000000
00000000
00000000
00000000

00000000
00000110
00011110
01111100
00110000
00000000
00000000
00000000

00000000
00000000
00000000
00000000
11001000
11111000
11011000
11000000

00000111
00000111
00011111
00001100
00001000
00000000
00000000
00000000

00000000
00000001
00000011
00000010
00000110
00000011
00000000
00000000

00000000
00000000
00000000
00000000
00001111
00011000
00000000
00000000

00000000
00000000
00000000
00000000
00000000
00000010
00000111
00000100

00000000
00000000
00000000
00000000
01000000
01110000
11110000
11000000

00000011
00000011
00000011
00000011
00000010
00000000
00000000
00000000

00000111
00000111
00000011
00000011
00000000
00000000
00000000
00000000

00001111
00111111
00001100
00000110
00000000
00000000
00000000
00000000

00000000
00000000
00000000
00000000
00000000
00000000
00000001
00000001

00000111
00000111
00000001
00000000
00000000
00000000
00000000
00000000

00000111
00000111
00000101
00000001
00000000
00000000
00000000
00000000

00000000
00000000
00000000
00000000
00000000
00000000
01000000
00000000

00001111
00011111
00010111
00000011
00000000
00000000
00000000
00000000

00000000
00000000
00000000
00010100
00111100
00011100
00000100
00000000

00000000
00000000
00000000
00110000
11111111
01110010
01000000
00000000

00000011
00000011
00000011
00000001
00000000
00000000
00000000
00000000

00000000
00000000
00000000
00000000
00000000
00110000
00000000
00000000

10011000
11111100
01110000
11000000
01000000
00000000
00000000
00000000

11111000
01111000
00110000
00000000
00000000
00000000
00000000
00000000

00000000
00000000
00000000
00000000
01110000
11111000
11110000
01100000

01101111
00111111
00101100
00000100
00000000
00000000
00000000
00000000

00000000
00000000
00000000
00011110
00010010
00000010
00000000
00000000

00000000
00000000
00000000
00000000
00000000
00010100
00011111
00111001

00000000
00000000
11000000
01110000
11100000
01100000
11000000
00000000

00100000
01100000
01100000
01000000
01000000
00000000
00000000
00000000

10000000
11000000
01000000
11000000
00000000
00000000
00000000
00000000

11100000
11111000
11001000
00000000
00000000
00000000
00000000
00000000

00000000
00000000
00010000
00011000
00111110
00001110
00000000
00000000

10000000
10000000
10000000
00000000
00000000
00000000
00000000
00000000

00000000
00000000
00000000
00000000
00000000
00001000
00000000
00000000

00000000
00000000
00000110
00001100
00000100
00000000
00000000
00000000

00000000
00000000
00000010
00001111
00001111
00000111
00000001
00000000

00000000
00000100
00000111
00000010
00001110
00000011
00000010
00000000

00001111
00000000
00000000
00000000
00000000
00000000
00000000
00000000

00111111
00111000
00011110
00001100
00001000
00000000
00000000
00000000

00000000
00000000
00000000
00000000
00110000
00110000
11111000
11100000

11100000
01100000
11100000
11111000
11000000
00000000
00000000
00000000

00111111
00111100
00111000
00000000
00000000
00000000
00000000
00000000

00000000
00111001
00001111
00000111
00000110
00000000
00000000
00000000

00000000
00000000
00000000
00000000
00000010
00000010
00000000
00000000

00001011
00001111
00011111
00001000
00000000
00000000
00000000
00000000

00000000
00000000
00000000
00111000
00011110
00000000
00000000
00000000

00000000
00000000
00000000
00000010
00000011
00000111
00001111
01111110

11100000
10000000
11000000
01000000
00000000
00000000
00000000
00000000

00000000
00000000
01000000
01000000
01111000
00011000
00000000
00000000

11000000
11100000
11100000
11110000
11000000
10000000
10000000
00000000

00000000
00000000
00000001
00000011
00000111
00000111
00011111
00000101

00101000
01111100
11111000
01100000
00000000
00000000
00000000
00000000

00000000
00000000
00000000
00000000
10000000
10100000
11110000
11000000

00000000
00000000
00000000
00000000
00001000
00011100
00011110
01111111

00000000
00000000
00000000
11000000
11000000
11110000
00010000
00000000
