00000001000000000000011111111111
00000000000000000000011111111111
00000000000000000000011111111111
10000000000000000000011111111111
00000000000000000000011111111111
00000000000000000000011111111111
00000000000000000001011111111111
00000000000000000010011111111111
00000000000000000000111111111111
00000000000000000000011111111111
00000000000000000000011111111111
00000000000000000000011111111111
00000000000000000100011111111111
00000000000000000000011111111111
00000000000000000000011111111111
00000001000000000000011111111111
00000000000000000000011111111111
00000000001000000010011111111111
00000000000000000000011111111111
00000000010000000000011111111111
00000000000000000100011111111111
00000000000000000100011111111111
00000000000000010000011111111111
00000000010000000000011111111111
00000000000000000000111111111111
00000000000100000000011111111111
00000000000000000000011111111111
00000000000000000000011111111111
00000000000000000000011111111111
00000000000000000000011111111111
11111111111111111111111111111111
11111111111111111111111111111111

41
00011000
11111110
01011110
00001010
00000000
00000000
00000000
00000000

00001110
00011111
00010000
00000000
00000000
00000000
00000000
00000000

00000000
00000000
00000000
00000000
00010000
01111100
11110000
01110000

00000000
00000000
00000000
00000000
00000000
00010000
00010000
00000000

00000000
01000000
11000000
11100000
11110000
01100000
00000000
00000000

00000000
00000000
00000000
00000000
00000000
00000000
01110000
00000000

00000000
00000000
00000000
00001100
00011100
00111111
00011110
00000000

00100000
01101000
11111000
11011100
10000000
00000000
00000000
00000000

00000000
00000000
00000000
10000000
10000000
10000000
11000000
11100000

00000000
00000000
00000000
00000000
00111100
00001100
00000100
00000000

00000000
00000000
00100000
00110000
01110000
00000000
00000000
00000000

00000000
00000000
00000000
00000000
00000000
00000000
11110000
11110000

00000000
00000000
00000000
00000011
00000010
00000000
00000000
00000000

00000111
00000111
00000111
00000000
00000000
00000000
00000000
00000000

00000000
00000000
11100000
11000000
01000000
01000000
00000000
00000000

00000000
00000000
00000000
00000000
00000000
00000000
00000000
00010000

00000000
00000000
00000000
00000000
00000000
00000000
00111110
01111011

00000000
00000000
00000000
00000000
00000000
00000000
00000000
00100000

00000000
00000000
00000000
00111100
00000000
00000000
00000000
00000000

00000000
00000000
00000000
00000000
00000000
00001111
00000000
00000000

00000000
00000000
00100000
11110000
01111000
11011000
01000000
01000000

00000000
00000000
00000000
00000000
11100000
11100000
11100000
11100000

00000011
00000011
00000011
00000111
00001111
00001001
00000000
00000000

00000000
01000000
11111000
10111100
00111000
00100000
00000000
00000000

00001101
00001111
00011111
00011100
00000100
00000000
00000000
00000000

00000000
00000000
00000000
00000000
00000000
11100000
10100000
00000000

00000000
00000000
00000000
00010000
00010000
00000000
00000000
00000000

00000000
00000000
00000000
00000000
00000000
00000011
00111111
01111111

10000000
10100000
11100000
11110000
10000000
00000000
00000000
00000000

11111100
11010110
01000100
00000000
00000000
00000000
00000000
00000000

00000000
00000000
11100000
00000000
00000000
00000000
00000000
00000000

00000000
00000000
00000000
00000000
00000000
00100000
01110000
01110000

00000000
01000000
11000000
10000000
00000000
00000000
00000000
00000000

00000000
00000111
00000111
00000111
00000111
00000110
00000010
00000000

00000000
00000000
00000000
00000000
11000000
11100000
01000000
00000000

00000000
00000000
00010000
00011000
00111000
00001000
00000000
00000000

01100000
00110000
00111000
00111000
00110000
00100000
00000000
00000000

00000000
00000000
00000000
00000000
00100000
01110000
00110000
00100000

11110000
11100000
10000000
00000000
00000000
00000000
00000000
00000000

00000000
00000000
00000000
00000010
00000011
00000011
00000001
00000001

00001111
00001101
00000000
00000000
00000000
00000000
00000000
00000000
