00000000000000000000000000111111
00000000000000000000000000111111
00000000000000000000000010111111
00000000000000000000000000111111
00000000000000000000000000111111
00000000000000000000001000111111
00000000000000000000000000111111
00000000000000000000000001111111
00000000000000000000000000111111
00100000000000000000000000111111
00000000000000000000000000111111
00000000000000000000000000111111
00000000000000000000000000111111
00000000000000000001000000111111
00000000000000000000000000111111
00000000000000000000000000111111
00100000000000000000000000111111
00000000000000000000000000111111
00000000100000000000000000111111
00000000000000000000000000111111
00000000000000000000000000111111
00000000000000000000000000111111
11111111111111111111111111111111
11111111111111111111111111111111
11111111111111111111111111111111
11111111111111111111111111111111
11111111111111111111111111111111
11111111111111111111111111111111
11111111111111111111111111111111
11111111111111111111111111111111
11111111111111111111111111111111
11111111111111111111111111111111

31
00000000
00000010
00000010
00000110
00001111
00001110
00001011
00000000

00000000
00000000
00000000
00000000
00000000
00010000
00110100
01111111

11111100
11110000
11110000
01000000
00000000
00000000
00000000
00000000

00001110
00001111
00001111
00001111
00000010
00000000
00000000
00000000

00000000
00000000
00000000
00000000
00000001
00000111
00000000
00000000

00011000
00001100
00001110
00001111
00001011
00000000
00000000
00000000

10000000
11010000
11110000
00100000
00000000
00000000
00000000
00000000

00000000
00000000
00100000
00100000
00110000
11111100
00111100
00001000

00000000
00100000
00100000
00100000
00100000
00110000
00010000
00000000

00000000
00001000
00000000
00000000
00000000
00000000
00000000
00000000

00000000
00000000
00000000
00000000
00100000
00100000
01110000
00100000

00000000
00000000
00000000
00000010
00000011
00000011
00000011
00000110

00000011
00000011
00000111
00000000
00000000
00000000
00000000
00000000

00000000
00000000
10000000
10000000
00000000
00000000
00000000
00000000

01111100
00101100
00000000
00000000
00000000
00000000
00000000
00000000

00000000
00000000
00000000
00000000
01100000
11110000
00000000
00000000

00000000
00000000
00000000
00000110
00000100
00000100
00000000
00000000

01110000
00010000
00010000
00010000
00010000
00000000
00000000
00000000

11000000
11000000
11000000
11000000
00000000
00000000
00000000
00000000

00000000
00000000
00000000
00000000
00000001
00001111
00000110
00000000

00001100
00001110
00001111
00000101
00000000
00000000
00000000
00000000

00000000
00000000
00000000
00000000
00000000
00001100
00000110
00000111

00000000
00000000
00000000
00000000
00000000
00000000
00000000
00000100

00000000
00000000
00000000
00000011
00000011
00000001
00000001
00000001

00000000
00000000
00000000
00000000
00000000
00000001
00000001
00000111

00001000
00101110
00111110
00011100
00000000
00000000
00000000
00000000

00000000
00000000
00000000
00000000
00000100
00001110
00001100
00001100

00000000
01000000
01110000
00111000
00111100
00110000
00000000
00000000

00001000
00011110
00011010
00110010
00100000
00000000
00000000
00000000

00000000
00000000
00000010
00000110
00000010
00000011
00000011
00000001

00000000
01000000
01100000
01100000
11100000
00000000
00000000
00000000
