00000000000001111111111111111111
00000000000001111111111111111111
01000000000001111111111111111111
00000000000001111111111111111111
00000000000001111111111111111111
00000000000001111111111111111111
00000000000001111111111111111111
00000100000001111111111111111111
00000000000001111111111111111111
11111111111111111111111111111111
11111111111111111111111111111111
11111111111111111111111111111111
11111111111111111111111111111111
11111111111111111111111111111111
11111111111111111111111111111111
11111111111111111111111111111111
11111111111111111111111111111111
11111111111111111111111111111111
11111111111111111111111111111111
11111111111111111111111111111111
11111111111111111111111111111111
11111111111111111111111111111111
11111111111111111111111111111111
11111111111111111111111111111111
11111111111111111111111111111111
11111111111111111111111111111111
11111111111111111111111111111111
11111111111111111111111111111111
11111111111111111111111111111111
11111111111111111111111111111111
11111111111111111111111111111111
11111111111111111111111111111111

41
01000000
11000000
00000000
00000000
00000000
00000000
00000000
00000000

00100000
01100000
00100000
00000000
00000000
00000000
00000000
00000000

00100000
00100000
00110000
00000000
00000000
00000000
00000000
00000000

11000000
01000000
00000000
00000000
00000000
00000000
00000000
00000000

01000000
01000000
01100000
00000000
00000000
00000000
00000000
00000000

00110000
01100000
00000000
00000000
00000000
00000000
00000000
00000000

00000000
00000000
00000000
00010000
00010000
00010000
00010000
00000000

00100000
00110000
00000000
00000000
00000000
00000000
00000000
00000000

00000000
00000000
01100000
01000000
01000000
00000000
00000000
00000000

00000000
00100000
00100000
01100000
00000000
00000000
00000000
00000000

00001000
00011000
00010000
00000000
00000000
00000000
00000000
00000000

00000000
00000000
00000000
01100000
01100000
00000000
00000000
00000000

00000000
00000000
11100000
00000000
00000000
00000000
00000000
00000000

11000000
01000000
00000000
00000000
00000000
00000000
00000000
00000000

00000000
00000000
01110000
01000000
00000000
00000000
00000000
00000000

00010000
00110000
00000000
00000000
00000000
00000000
00000000
00000000

01110000
00100000
00000000
00000000
00000000
00000000
00000000
00000000

00100000
00100000
00000000
00000000
00000000
00000000
00000000
00000000

11000000
10000000
00000000
00000000
00000000
00000000
00000000
00000000

11100000
00000000
00000000
00000000
00000000
00000000
00000000
00000000

01000000
11000000
00000000
00000000
00000000
00000000
00000000
00000000

00000000
00011000
00110000
00000000
00000000
00000000
00000000
00000000

00000000
01110000
01000000
00000000
00000000
00000000
00000000
00000000

01000000
01100000
00000000
00000000
00000000
00000000
00000000
00000000

01000000
11000000
01000000
00000000
00000000
00000000
00000000
00000000

00000000
01000000
01000000
01100000
00000000
00000000
00000000
00000000

00100000
11100000
00000000
00000000
00000000
00000000
00000000
00000000

10000000
10000000
00000000
00000000
00000000
00000000
00000000
00000000

00100000
01110000
00000000
00000000
00000000
00000000
00000000
00000000

00000000
00000000
00100000
00110000
00000000
00000000
00000000
00000000

00000000
01000000
01000000
01100000
00000000
00000000
00000000
00000000

00100000
11100000
00000000
00000000
00000000
00000000
00000000
00000000

01000000
01110000
00000000
00000000
00000000
00000000
00000000
00000000

00000000
00100000
01100000
01000000
00000000
00000000
00000000
00000000

01000000
01000000
01000000
00000000
00000000
00000000
00000000
00000000

00011000
00110000
00000000
00000000
00000000
00000000
00000000
00000000

00110000
00010000
00010000
00000000
00000000
00000000
00000000
00000000

00000000
00000000
11000000
01100000
00000000
00000000
00000000
00000000

00000000
00010000
00110000
00000000
00000000
00000000
00000000
00000000

01000000
01000000
01000000
00000000
00000000
00000000
00000000
00000000

00000011
00000010
00000000
00000000
00000000
00000000
00000000
00000000
