01010010000010000001010000011111
01010001001010001001001000001111
00010000101001100100100100000111
10100000100100010010010110000011
10100000010010001001100100000011
00100000001001000100010000000011
01000000000100100010000000000001
01000000000001100001011000000000
00000000000000101001000100000000
00000011100000000110000111000000
00001100010000000000001000110000
00011000010000000000001000011100
00110000000000000000000000000110
01100111100000000000000011110010
01001111110000000000000111111010
01000011110000000000000111100010
01001011010000000000000101101010
01101000010000000000000100001010
00101100110000001000000110011100
00000111100000001100000011111000
00000000000000001100000000000000
00000000000000000000000000000000
10000000000000000000000000000000
10000000000000000000000000000000
11000000000000000000000000000000
11000000000000000000000000000000
11100000000000000000001000000000
11100000000001000000010000000001
10100000000000100000100000000010
10011000000000010111000000000100
10000100000000000000000000011000
10000000000000000000000000000000

161
00001000
00011100
00010000
00000000
00000000
00000000
00000000
00000000

10000000
11100000
01000000
00000000
00000000
00000000
00000000
00000000

11100100
01111100
00000000
00000000
00000000
00000000
00000000
00000000

01000000
11100000
00100000
00000000
00000000
00000000
00000000
00000000

00000000
00000000
00001110
00000010
00000011
00000000
00000000
00000000

11100000
10000000
00000000
00000000
00000000
00000000
00000000
00000000

11000000
11000000
10000000
00000000
00000000
00000000
00000000
00000000

01000000
01100000
00110000
00010000
00000000
00000000
00000000
00000000

10100000
11100000
00100000
00000000
00000000
00000000
00000000
00000000

11111000
01000000
00000000
00000000
00000000
00000000
00000000
00000000

11111110
00100100
00000000
00000000
00000000
00000000
00000000
00000000

10000000
10000000
10000000
11000000
00000000
00000000
00000000
00000000

00000110
00000110
00000000
00000000
00000000
00000000
00000000
00000000

10000000
10000000
10000000
11000000
00000000
00000000
00000000
00000000

00000000
11110000
10000000
00000000
00000000
00000000
00000000
00000000

11100000
11000000
00000000
00000000
00000000
00000000
00000000
00000000

10000000
11000000
11000000
10000000
00000000
00000000
00000000
00000000

01000000
11000000
01100000
00100000
00000000
00000000
00000000
00000000

11100000
11000000
00000000
00000000
00000000
00000000
00000000
00000000

00000010
11111110
10000000
00000000
00000000
00000000
00000000
00000000

01000000
11000000
10000000
10000000
00000000
00000000
00000000
00000000

01100000
11100000
00000000
00000000
00000000
00000000
00000000
00000000

01001000
01111000
00000000
00000000
00000000
00000000
00000000
00000000

11000000
01100000
00100000
00000000
00000000
00000000
00000000
00000000

01000000
11000000
01000000
00000000
00000000
00000000
00000000
00000000

00100000
11100000
00000000
00000000
00000000
00000000
00000000
00000000

11110000
10000000
00000000
00000000
00000000
00000000
00000000
00000000

11100000
10000000
00000000
00000000
00000000
00000000
00000000
00000000

00000000
00000000
00000000
00001100
00001100
00011000
00000000
00000000

10000000
11000000
01000000
01100000
00000000
00000000
00000000
00000000

00110000
01100000
00100000
00000000
00000000
00000000
00000000
00000000

11100000
10000000
11000000
00000000
00000000
00000000
00000000
00000000

11100000
00110000
00000000
00000000
00000000
00000000
00000000
00000000

00100000
11110000
00000000
00000000
00000000
00000000
00000000
00000000

01110000
00100000
00110000
00000000
00000000
00000000
00000000
00000000

00000100
11111100
11000000
00000000
00000000
00000000
00000000
00000000

01111000
01000000
11000000
00000000
00000000
00000000
00000000
00000000

10000000
11111000
00000000
00000000
00000000
00000000
00000000
00000000

10000000
11000000
10000000
10000000
00000000
00000000
00000000
00000000

10000000
10000000
10000000
11100000
10000000
00000000
00000000
00000000

01100000
11000000
00000000
00000000
00000000
00000000
00000000
00000000

11000000
10000000
11100000
00000000
00000000
00000000
00000000
00000000

11100000
01110000
00000000
00000000
00000000
00000000
00000000
00000000

01000000
11100000
00000000
00000000
00000000
00000000
00000000
00000000

01000000
11000000
00000000
00000000
00000000
00000000
00000000
00000000

01000000
11000000
00000000
00000000
00000000
00000000
00000000
00000000

01000000
11000000
00000000
00000000
00000000
00000000
00000000
00000000

00000000
01000000
01000000
01000000
11000000
10000000
10000000
11000000

01000000
01000000
01000000
01100000
11000000
01000000
00000000
00000000

10000000
11000000
01000000
00000000
00000000
00000000
00000000
00000000

00000000
00000000
00000000
00000000
00000000
00000000
00000000
11111111

11000000
01110000
00010000
00010000
00000000
00000000
00000000
00000000

10000000
11000000
01100000
11000000
00000000
00000000
00000000
00000000

01000000
11100000
00100000
00000000
00000000
00000000
00000000
00000000

10000000
10000000
11000000
00000000
00000000
00000000
00000000
00000000

01110000
00110000
00100000
00000000
00000000
00000000
00000000
00000000

11000000
11100000
00000000
00000000
00000000
00000000
00000000
00000000

00001100
11111000
00000000
00000000
00000000
00000000
00000000
00000000

01000000
11100000
00000000
00000000
00000000
00000000
00000000
00000000

10000000
11100000
00100000
00100000
00100000
00000000
00000000
00000000

10000000
10000000
10000000
11000000
11000000
00000000
00000000
00000000

00110000
01100000
11000000
00000000
00000000
00000000
00000000
00000000

11100000
11000000
00000000
00000000
00000000
00000000
00000000
00000000

11100000
11000000
00000000
00000000
00000000
00000000
00000000
00000000

00100000
00110000
00011000
00001000
00000000
00000000
00000000
00000000

11100000
00110000
00011000
00000000
00000000
00000000
00000000
00000000

11100000
00000000
00000000
00000000
00000000
00000000
00000000
00000000

01000000
11000000
10000000
00000000
00000000
00000000
00000000
00000000

11000000
11000000
10000000
00000000
00000000
00000000
00000000
00000000

10000000
00000000
00000000
00000000
00000000
00000000
00000000
00000000

11110000
01000000
01100000
00000000
00000000
00000000
00000000
00000000

00000000
00000000
00000000
10000000
11110000
01000000
01000000
11000000

11000000
10000000
10000000
00000000
00000000
00000000
00000000
00000000

00000000
00000000
00000000
00000000
00000000
00000000
01100000
11110000

00000000
00000000
00000000
00000000
00000000
00000000
00010000
11111110

00100000
11110000
00000000
00000000
00000000
00000000
00000000
00000000

00001010
00011111
00000000
00000000
00000000
00000000
00000000
00000000

00011110
00000100
00000000
00000000
00000000
00000000
00000000
00000000

00100000
01100000
11000000
00000000
00000000
00000000
00000000
00000000

00000000
00000000
00000000
00000000
00000000
00000001
00000011
00000111

10000000
11000000
01000000
01000000
01100000
00000000
00000000
00000000

10000000
11100000
01100000
00000000
00000000
00000000
00000000
00000000

10000000
11000000
01000000
01000000
01100000
00000000
00000000
00000000

01000000
01000000
01000000
01000000
11000000
00000000
00000000
00000000

11000000
01000000
01000000
01000000
01000000
01000000
01000000
00000000

10000000
10000000
11000000
01000000
01000000
00000000
00000000
00000000

01100000
11000000
10000000
10000000
00000000
00000000
00000000
00000000

00000111
00000000
00000000
00000000
00000000
00000000
00000000
00000000

01000000
11000000
10000000
10000000
10000000
00000000
00000000
00000000

01100000
11110000
00011000
00000000
00000000
00000000
00000000
00000000

00000000
00000000
00000000
00000000
00000000
10000000
11110000
00010000

11111100
10000000
00000000
00000000
00000000
00000000
00000000
00000000

01000000
01000000
11100000
01100000
00000000
00000000
00000000
00000000

01000000
11000000
11000000
10000000
00000000
00000000
00000000
00000000

11100000
11110000
00000000
00000000
00000000
00000000
00000000
00000000

00000000
00000000
00000000
00000000
00000000
00001000
11111000
00010000

11000000
11111100
00000000
00000000
00000000
00000000
00000000
00000000

11000000
01100000
01000000
00000000
00000000
00000000
00000000
00000000

00000100
00000101
00000111
00000001
00000000
00000000
00000000
00000000

11111111
00000000
00000000
00000000
00000000
00000000
00000000
00000000

10000000
10000000
10000000
10000000
11000000
01000000
00000000
00000000

01000000
11000000
11000000
00000000
00000000
00000000
00000000
00000000

01110000
01100000
00100000
00000000
00000000
00000000
00000000
00000000

11000000
11000000
00000000
00000000
00000000
00000000
00000000
00000000

10000000
11100000
00000000
00000000
00000000
00000000
00000000
00000000

00100000
11100000
00100000
00000000
00000000
00000000
00000000
00000000

01000000
11000000
01000000
01000000
00000000
00000000
00000000
00000000

01100000
11100000
11000000
00000000
00000000
00000000
00000000
00000000

10000000
11000000
10000000
11000000
00000000
00000000
00000000
00000000

10000000
11000000
01000000
00000000
00000000
00000000
00000000
00000000

10000000
11000000
01000000
00000000
00000000
00000000
00000000
00000000

11000000
01000000
01100000
00000000
00000000
00000000
00000000
00000000

00100000
00100000
11111000
00000000
00000000
00000000
00000000
00000000

01100000
11000000
10000000
10000000
11000000
00000000
00000000
00000000

10000000
11100000
10000000
00000000
00000000
00000000
00000000
00000000

01110000
11000000
10000000
00000000
00000000
00000000
00000000
00000000

01000000
01000000
01000000
11000000
10000000
00000000
00000000
00000000

01000000
11100000
10100000
00000000
00000000
00000000
00000000
00000000

11000000
01000000
01000000
11000000
00000000
00000000
00000000
00000000

01111000
11000000
10000000
00000000
00000000
00000000
00000000
00000000

11000000
01100000
01000000
00000000
00000000
00000000
00000000
00000000

10000000
10000000
10000000
10000000
11000000
00000000
00000000
00000000

10000000
11000000
11000000
01000000
00000000
00000000
00000000
00000000

01000000
11100000
00000000
00000000
00000000
00000000
00000000
00000000

11000000
11000000
10000000
10000000
00000000
00000000
00000000
00000000

00000000
01111000
01010000
01000000
00000000
00000000
00000000
00000000

11000000
01000000
01100000
00000000
00000000
00000000
00000000
00000000

10000000
10000000
10000000
11000000
00000000
00000000
00000000
00000000

11100000
10000000
11000000
00000000
00000000
00000000
00000000
00000000

00010000
01110000
11000000
00000000
00000000
00000000
00000000
00000000

01000000
01000000
11110000
10000000
00000000
00000000
00000000
00000000

10000100
11111100
00000000
00000000
00000000
00000000
00000000
00000000

01100000
11000000
10000000
10000000
00000000
00000000
00000000
00000000

00110000
11110000
11000000
00000000
00000000
00000000
00000000
00000000

01100000
01100000
11000000
00000000
00000000
00000000
00000000
00000000

10000000
11000000
11000000
10000000
00000000
00000000
00000000
00000000

01100000
01000000
01000000
11000000
00000000
00000000
00000000
00000000

10000000
11000000
10000000
00000000
00000000
00000000
00000000
00000000

01000000
11100000
10000000
10000000
00000000
00000000
00000000
00000000

11000000
01100000
00100000
00000000
00000000
00000000
00000000
00000000

11111000
00001000
00000000
00000000
00000000
00000000
00000000
00000000

11000000
01000000
01000000
11000000
01000000
00000000
00000000
00000000

01000000
11000000
01000000
11000000
01000000
00000000
00000000
00000000

00000000
00000000
00000000
00000000
01000000
01000000
01111000
00001000

00000000
00000000
00000000
00000000
01110000
00100000
11100000
00000000

00011100
00110000
00000000
00000000
00000000
00000000
00000000
00000000

11110000
00000000
00000000
00000000
00000000
00000000
00000000
00000000

11000000
01000000
00000000
00000000
00000000
00000000
00000000
00000000

01000000
11000000
00000000
00000000
00000000
00000000
00000000
00000000

00001000
00001000
11111000
00000000
00000000
00000000
00000000
00000000

01000000
11100000
00110000
00000000
00000000
00000000
00000000
00000000

00000000
00000000
00000000
00010000
11110000
00000000
00000000
00000000

11100000
11100000
00000000
00000000
00000000
00000000
00000000
00000000

10000000
10000000
10000000
11000000
11000000
00000000
00000000
00000000

00010000
00110000
01100000
11000000
00000000
00000000
00000000
00000000

01000000
01000000
11000000
00000000
00000000
00000000
00000000
00000000

00000001
00000001
00000011
00000110
00000000
00000000
00000000
00000000

00010000
00010000
00010000
00010000
00010000
00000000
00000000
00000000

11100000
01000000
00000000
00000000
00000000
00000000
00000000
00000000

01100000
01000000
01000000
11000000
00000000
00000000
00000000
00000000

01000000
11000000
01110000
00000000
00000000
00000000
00000000
00000000
