00000000000000000001111111111111
00000000000000000001111111111111
01000000000000000001111111111111
00000000000000000001111111111111
00000000000000001001111111111111
00000000000000000001111111111111
00000000000000000001111111111111
00000100000000000001111111111111
00000000000000000001111111111111
00000000000000000001111111111111
00000000000000000001111111111111
00000000010000000001111111111111
00000000000000000001111111111111
00000000000000000101111111111111
00000000000000000001111111111111
11111111111111111111111111111111
11111111111111111111111111111111
11111111111111111111111111111111
11111111111111111111111111111111
11111111111111111111111111111111
11111111111111111111111111111111
11111111111111111111111111111111
11111111111111111111111111111111
11111111111111111111111111111111
11111111111111111111111111111111
11111111111111111111111111111111
11111111111111111111111111111111
11111111111111111111111111111111
11111111111111111111111111111111
11111111111111111111111111111111
11111111111111111111111111111111
11111111111111111111111111111111

68
11000000
10000000
00000000
00000000
00000000
00000000
00000000
00000000

00100000
01100000
00100000
00000000
00000000
00000000
00000000
00000000

00000000
00100000
00100000
01100000
01000000
00000000
00000000
00000000

10000000
11000000
01000000
00000000
00000000
00000000
00000000
00000000

01000000
11000000
10000000
00000000
00000000
00000000
00000000
00000000

01100000
01000000
01100000
00000000
00000000
00000000
00000000
00000000

01000000
01100000
01000000
00000000
00000000
00000000
00000000
00000000

01000000
01111100
00000100
00000000
00000000
00000000
00000000
00000000

10000000
11100000
00000000
00000000
00000000
00000000
00000000
00000000

00100000
11100000
00100000
00000000
00000000
00000000
00000000
00000000

11000000
10000000
10000000
10000000
10000000
00000000
00000000
00000000

01000000
01000000
01000000
01000000
11000000
00000000
00000000
00000000

00000000
00000000
00000000
00000000
00000000
00000000
10000000
11111111

11000000
01110000
00010000
00000000
00000000
00000000
00000000
00000000

01111110
00000011
00000000
00000000
00000000
00000000
00000000
00000000

11111000
00010000
00000000
00000000
00000000
00000000
00000000
00000000

11110000
10000000
00000000
00000000
00000000
00000000
00000000
00000000

00100000
01100000
01000000
00000000
00000000
00000000
00000000
00000000

00000000
01000000
11000000
10000000
00000000
00000000
00000000
00000000

00100000
01100000
01000000
00000000
00000000
00000000
00000000
00000000

00000110
00000110
00000000
00000000
00000000
00000000
00000000
00000000

01000000
11110000
01000000
00000000
00000000
00000000
00000000
00000000

01110000
00010000
00000000
00000000
00000000
00000000
00000000
00000000

10000000
10000000
11110000
00000000
00000000
00000000
00000000
00000000

11000000
11000000
00000000
00000000
00000000
00000000
00000000
00000000

00000000
00000000
00000000
00000000
00000000
01000000
01100000
00100000

01000000
01000000
11000000
01000000
00000000
00000000
00000000
00000000

11000000
01100000
00000000
00000000
00000000
00000000
00000000
00000000

01111000
00010000
00000000
00000000
00000000
00000000
00000000
00000000

11100000
00110000
00000000
00000000
00000000
00000000
00000000
00000000

00000000
00000000
00000000
00000100
00000100
00001100
00000111
00000000

00001000
00001000
00111000
00000000
00000000
00000000
00000000
00000000

01000000
11000000
10000000
00000000
00000000
00000000
00000000
00000000

00000000
11000000
01100000
00000000
00000000
00000000
00000000
00000000

11100000
11100000
00000000
00000000
00000000
00000000
00000000
00000000

01100000
01000000
11000000
00000000
00000000
00000000
00000000
00000000

11100000
01100000
00000000
00000000
00000000
00000000
00000000
00000000

01000000
11100000
00110000
00010000
00000000
00000000
00000000
00000000

01000000
11100000
00100000
00000000
00000000
00000000
00000000
00000000

01100000
11000000
00000000
00000000
00000000
00000000
00000000
00000000

11100000
11000000
00000000
00000000
00000000
00000000
00000000
00000000

11000000
11000000
00000000
00000000
00000000
00000000
00000000
00000000

11100000
10000000
00000000
00000000
00000000
00000000
00000000
00000000

00000000
01111000
00111000
00000000
00000000
00000000
00000000
00000000

10000000
11110000
00000000
00000000
00000000
00000000
00000000
00000000

00001000
11111000
00000000
00000000
00000000
00000000
00000000
00000000

10000000
11000000
11000000
00000000
00000000
00000000
00000000
00000000

11100000
01000000
00000000
00000000
00000000
00000000
00000000
00000000

11100000
01100000
00000000
00000000
00000000
00000000
00000000
00000000

10000000
10000000
10000000
10000000
00000000
00000000
00000000
00000000

01101000
00111000
00000000
00000000
00000000
00000000
00000000
00000000

10000000
11000000
01100000
00100000
00000000
00000000
00000000
00000000

11111000
00000000
00000000
00000000
00000000
00000000
00000000
00000000

01000000
01000000
11000000
00000000
00000000
00000000
00000000
00000000

00000000
00000000
11000000
10000000
10000000
10000000
10000000
11000000

01000000
01110000
00010000
00000000
00000000
00000000
00000000
00000000

11100000
00000000
00000000
00000000
00000000
00000000
00000000
00000000

10000000
11000000
00000000
00000000
00000000
00000000
00000000
00000000

00000000
00010000
00011000
00010000
00000000
00000000
00000000
00000000

00000000
00000000
00000000
00000000
00000000
00100000
11100000
01000000

01110000
01100000
00000000
00000000
00000000
00000000
00000000
00000000

10000000
11100000
00000000
00000000
00000000
00000000
00000000
00000000

00100000
01100000
11000000
00000000
00000000
00000000
00000000
00000000

01000000
11000000
00000000
00000000
00000000
00000000
00000000
00000000

00001000
00011000
00001000
00000000
00000000
00000000
00000000
00000000

10000000
11000000
01000000
01000000
00000000
00000000
00000000
00000000

00000000
00100000
01110000
00100000
00000000
00000000
00000000
00000000

00100000
11100000
00000000
00000000
00000000
00000000
00000000
00000000
